 -TCV- #39319 t0=1
 Param|Time  |  Value  |   Error
|-----|------|---------|--------
T_OFFSET          0.3000
TEND            1.3000
NB1             91.0000
AWALL           0.3000
AB              0.2500
ELONM           2.0000
TRICH           0.3000
SHIFT           0.0000
UPDWN           0.0000
ZMJ             1.0000
AMJ             2.0000
BTOR            1.4395
ZRD10           0.9800
ZRD30           39319.0000
ZRD6            0.1110
ZRD7            2.0000
ZRD8            0.0010
ZRD3            0.3563
ZRD41           0.4184
 

!rtor from LIUQE LCFS
NAMEXP RTOR NTIMES 1 
3.0000E-01 
8.6740E-01 
 

!abc from LIUQE LCFS
NAMEXP ABC NTIMES 1 
3.0000E-01 
2.4346E-01 
 

!kappa_edge from LIUQE
NAMEXP ELONG NTIMES 1 
3.0000E-01 
1.5058E+00 
 

!delta_edge from LIUQE
NAMEXP TRIAN NTIMES 1 
3.0000E-01 
1.9288E-01 
 

!Zeff from IBS nodes
NAMEXP ZRD1 NTIMES 1 
3.0030E-01 
1.4800E+00 
 

!Density boundary condition loading in time
NAMEXP ZRD2 NTIMES 1 
-7.0000E-01 
1.9650E-01 
 

!Ip from LIUQE [MA]
NAMEXP IPL NTIMES 1 
3.0000E-01 
1.9757E-01 


!Minor radius [m]
POINTS 51 GRIDTYPE 14 NAMEXP CAR9 NTIMES 1 
 0.0000E+00 
  0.0000E+00 
  2.0000E-02 
  4.0000E-02 
  6.0000E-02 
  8.0000E-02 
  1.0000E-01 
  1.2000E-01 
  1.4000E-01 
  1.6000E-01 
  1.8000E-01 
  2.0000E-01 
  2.2000E-01 
  2.4000E-01 
  2.6000E-01 
  2.8000E-01 
  3.0000E-01 
  3.2000E-01 
  3.4000E-01 
  3.6000E-01 
  3.8000E-01 
  4.0000E-01 
  4.2000E-01 
  4.4000E-01 
  4.6000E-01 
  4.8000E-01 
  5.0000E-01 
  5.2000E-01 
  5.4000E-01 
  5.6000E-01 
  5.8000E-01 
  6.0000E-01 
  6.2000E-01 
  6.4000E-01 
  6.6000E-01 
  6.8000E-01 
  7.0000E-01 
  7.2000E-01 
  7.4000E-01 
  7.6000E-01 
  7.8000E-01 
  8.0000E-01 
  8.2000E-01 
  8.4000E-01 
  8.6000E-01 
  8.8000E-01 
  9.0000E-01 
  9.2000E-01 
  9.4000E-01 
  9.6000E-01 
  9.8000E-01 
  1.0000E+00 
  0.0000E+00 
 5.0000E-03 
 1.0000E-02 
 1.5000E-02 
 2.0000E-02 
 2.5000E-02 
 3.0000E-02 
 3.5000E-02 
 4.0000E-02 
 4.5000E-02 
 5.0000E-02 
 5.5000E-02 
 6.0000E-02 
 6.5000E-02 
 7.0000E-02 
 7.5000E-02 
 8.0000E-02 
 8.5000E-02 
 9.0000E-02 
 9.5000E-02 
 1.0000E-01 
 1.0500E-01 
 1.1000E-01 
 1.1500E-01 
 1.2000E-01 
 1.2500E-01 
 1.3000E-01 
 1.3500E-01 
 1.4000E-01 
 1.4500E-01 
 1.5000E-01 
 1.5500E-01 
 1.6000E-01 
 1.6500E-01 
 1.7000E-01 
 1.7500E-01 
 1.8000E-01 
 1.8500E-01 
 1.9000E-01 
 1.9500E-01 
 2.0000E-01 
 2.0500E-01 
 2.1000E-01 
 2.1500E-01 
 2.2000E-01 
 2.2500E-01 
 2.3000E-01 
 2.3500E-01 
 2.4000E-01 
 2.4500E-01 
 2.5000E-01 


!initial mu from parabolic 1/q
POINTS 51 GRIDTYPE 14 NAMEXP MU NTIMES 1 
 0.0000E+00 
  0.0000E+00 
  2.0000E-02 
  4.0000E-02 
  6.0000E-02 
  8.0000E-02 
  1.0000E-01 
  1.2000E-01 
  1.4000E-01 
  1.6000E-01 
  1.8000E-01 
  2.0000E-01 
  2.2000E-01 
  2.4000E-01 
  2.6000E-01 
  2.8000E-01 
  3.0000E-01 
  3.2000E-01 
  3.4000E-01 
  3.6000E-01 
  3.8000E-01 
  4.0000E-01 
  4.2000E-01 
  4.4000E-01 
  4.6000E-01 
  4.8000E-01 
  5.0000E-01 
  5.2000E-01 
  5.4000E-01 
  5.6000E-01 
  5.8000E-01 
  6.0000E-01 
  6.2000E-01 
  6.4000E-01 
  6.6000E-01 
  6.8000E-01 
  7.0000E-01 
  7.2000E-01 
  7.4000E-01 
  7.6000E-01 
  7.8000E-01 
  8.0000E-01 
  8.2000E-01 
  8.4000E-01 
  8.6000E-01 
  8.8000E-01 
  9.0000E-01 
  9.2000E-01 
  9.4000E-01 
  9.6000E-01 
  9.8000E-01 
  1.0000E+00 
  5.0000E-01 
 4.9960E-01 
 4.9841E-01 
 4.9643E-01 
 4.9368E-01 
 4.9020E-01 
 4.8600E-01 
 4.8114E-01 
 4.7565E-01 
 4.6957E-01 
 4.6296E-01 
 4.5587E-01 
 4.4835E-01 
 4.4045E-01 
 4.3223E-01 
 4.2373E-01 
 4.1501E-01 
 4.0611E-01 
 3.9708E-01 
 3.8796E-01 
 3.7879E-01 
 3.6960E-01 
 3.6044E-01 
 3.5132E-01 
 3.4228E-01 
 3.3333E-01 
 3.2451E-01 
 3.1582E-01 
 3.0728E-01 
 2.9890E-01 
 2.9070E-01 
 2.8268E-01 
 2.7485E-01 
 2.6721E-01 
 2.5977E-01 
 2.5253E-01 
 2.4548E-01 
 2.3864E-01 
 2.3200E-01 
 2.2555E-01 
 2.1930E-01 
 2.1324E-01 
 2.0737E-01 
 2.0168E-01 
 1.9617E-01 
 1.9084E-01 
 1.8568E-01 
 1.8069E-01 
 1.7586E-01 
 1.7119E-01 
 1.6667E-01 


!ne from confinement nodes [10^{19}m^{-3}]
POINTS 51 GRIDTYPE 14 NAMEXP NE NTIMES 1 
 3.0030E-01 
  0.0000E+00 
  2.0000E-02 
  4.0000E-02 
  6.0000E-02 
  8.0000E-02 
  1.0000E-01 
  1.2000E-01 
  1.4000E-01 
  1.6000E-01 
  1.8000E-01 
  2.0000E-01 
  2.2000E-01 
  2.4000E-01 
  2.6000E-01 
  2.8000E-01 
  3.0000E-01 
  3.2000E-01 
  3.4000E-01 
  3.6000E-01 
  3.8000E-01 
  4.0000E-01 
  4.2000E-01 
  4.4000E-01 
  4.6000E-01 
  4.8000E-01 
  5.0000E-01 
  5.2000E-01 
  5.4000E-01 
  5.6000E-01 
  5.8000E-01 
  6.0000E-01 
  6.2000E-01 
  6.4000E-01 
  6.6000E-01 
  6.8000E-01 
  7.0000E-01 
  7.2000E-01 
  7.4000E-01 
  7.6000E-01 
  7.8000E-01 
  8.0000E-01 
  8.2000E-01 
  8.4000E-01 
  8.6000E-01 
  8.8000E-01 
  9.0000E-01 
  9.2000E-01 
  9.4000E-01 
  9.6000E-01 
  9.8000E-01 
  1.0000E+00 
  4.4532E+00 
 4.4471E+00 
 4.4292E+00 
 4.3991E+00 
 4.3573E+00 
 4.3037E+00 
 4.2387E+00 
 4.1625E+00 
 4.0755E+00 
 3.9786E+00 
 3.8741E+00 
 3.7654E+00 
 3.6556E+00 
 3.5462E+00 
 3.4367E+00 
 3.3271E+00 
 3.2175E+00 
 3.1090E+00 
 3.0027E+00 
 2.8994E+00 
 2.7996E+00 
 2.7035E+00 
 2.6113E+00 
 2.5236E+00 
 2.4411E+00 
 2.3643E+00 
 2.2924E+00 
 2.2237E+00 
 2.1564E+00 
 2.0896E+00 
 2.0227E+00 
 1.9558E+00 
 1.8885E+00 
 1.8212E+00 
 1.7540E+00 
 1.6872E+00 
 1.6207E+00 
 1.5542E+00 
 1.4878E+00 
 1.4214E+00 
 1.3557E+00 
 1.2907E+00 
 1.2273E+00 
 1.1659E+00 
 1.1068E+00 
 1.0497E+00 
 9.9508E-01 
 9.4364E-01 
 8.9537E-01 
 8.4890E-01 
 8.0276E-01 


!te from confinement nodes [keV]
POINTS 51 GRIDTYPE 14 NAMEXP TE NTIMES 1 
 3.0030E-01 
  0.0000E+00 
  2.0000E-02 
  4.0000E-02 
  6.0000E-02 
  8.0000E-02 
  1.0000E-01 
  1.2000E-01 
  1.4000E-01 
  1.6000E-01 
  1.8000E-01 
  2.0000E-01 
  2.2000E-01 
  2.4000E-01 
  2.6000E-01 
  2.8000E-01 
  3.0000E-01 
  3.2000E-01 
  3.4000E-01 
  3.6000E-01 
  3.8000E-01 
  4.0000E-01 
  4.2000E-01 
  4.4000E-01 
  4.6000E-01 
  4.8000E-01 
  5.0000E-01 
  5.2000E-01 
  5.4000E-01 
  5.6000E-01 
  5.8000E-01 
  6.0000E-01 
  6.2000E-01 
  6.4000E-01 
  6.6000E-01 
  6.8000E-01 
  7.0000E-01 
  7.2000E-01 
  7.4000E-01 
  7.6000E-01 
  7.8000E-01 
  8.0000E-01 
  8.2000E-01 
  8.4000E-01 
  8.6000E-01 
  8.8000E-01 
  9.0000E-01 
  9.2000E-01 
  9.4000E-01 
  9.6000E-01 
  9.8000E-01 
  1.0000E+00 
  9.5029E-01 
 9.4919E-01 
 9.4595E-01 
 9.4054E-01 
 9.3304E-01 
 9.2357E-01 
 9.1321E-01 
 9.0223E-01 
 8.8960E-01 
 8.7446E-01 
 8.5697E-01 
 8.3780E-01 
 8.1754E-01 
 7.9634E-01 
 7.7382E-01 
 7.4962E-01 
 7.2392E-01 
 6.9764E-01 
 6.7169E-01 
 6.4675E-01 
 6.2265E-01 
 5.9901E-01 
 5.7553E-01 
 5.5222E-01 
 5.2918E-01 
 5.0653E-01 
 4.8422E-01 
 4.6207E-01 
 4.3995E-01 
 4.1785E-01 
 3.9599E-01 
 3.7461E-01 
 3.5386E-01 
 3.3373E-01 
 3.1417E-01 
 2.9512E-01 
 2.7642E-01 
 2.5793E-01 
 2.3956E-01 
 2.2138E-01 
 2.0353E-01 
 1.8610E-01 
 1.6922E-01 
 1.5295E-01 
 1.3729E-01 
 1.2219E-01 
 1.0771E-01 
 9.4091E-02 
 8.1308E-02 
 6.9001E-02 
 5.6781E-02 


!ti from confinement nodes [keV]
POINTS 51 GRIDTYPE 14 NAMEXP TI NTIMES 1 
 3.0030E-01 
  0.0000E+00 
  2.0000E-02 
  4.0000E-02 
  6.0000E-02 
  8.0000E-02 
  1.0000E-01 
  1.2000E-01 
  1.4000E-01 
  1.6000E-01 
  1.8000E-01 
  2.0000E-01 
  2.2000E-01 
  2.4000E-01 
  2.6000E-01 
  2.8000E-01 
  3.0000E-01 
  3.2000E-01 
  3.4000E-01 
  3.6000E-01 
  3.8000E-01 
  4.0000E-01 
  4.2000E-01 
  4.4000E-01 
  4.6000E-01 
  4.8000E-01 
  5.0000E-01 
  5.2000E-01 
  5.4000E-01 
  5.6000E-01 
  5.8000E-01 
  6.0000E-01 
  6.2000E-01 
  6.4000E-01 
  6.6000E-01 
  6.8000E-01 
  7.0000E-01 
  7.2000E-01 
  7.4000E-01 
  7.6000E-01 
  7.8000E-01 
  8.0000E-01 
  8.2000E-01 
  8.4000E-01 
  8.6000E-01 
  8.8000E-01 
  9.0000E-01 
  9.2000E-01 
  9.4000E-01 
  9.6000E-01 
  9.8000E-01 
  1.0000E+00 
  5.4492E-01 
 5.4429E-01 
 5.4243E-01 
 5.3933E-01 
 5.3503E-01 
 5.2959E-01 
 5.2366E-01 
 5.1736E-01 
 5.1012E-01 
 5.0144E-01 
 4.9141E-01 
 4.8041E-01 
 4.6880E-01 
 4.5664E-01 
 4.4373E-01 
 4.2985E-01 
 4.1511E-01 
 4.0004E-01 
 3.8516E-01 
 3.7086E-01 
 3.5704E-01 
 3.4349E-01 
 3.3002E-01 
 3.1665E-01 
 3.0345E-01 
 2.9045E-01 
 2.7766E-01 
 2.6496E-01 
 2.5228E-01 
 2.3960E-01 
 2.2707E-01 
 2.1481E-01 
 2.0291E-01 
 1.9137E-01 
 1.8015E-01 
 1.6923E-01 
 1.5850E-01 
 1.4790E-01 
 1.3737E-01 
 1.2694E-01 
 1.1671E-01 
 1.0672E-01 
 9.7034E-02 
 8.7706E-02 
 7.8727E-02 
 7.0065E-02 
 6.1764E-02 
 5.3954E-02 
 4.6624E-02 
 3.9567E-02 
 3.2559E-02 


!chie from confinement nodes
POINTS 51 GRIDTYPE 14 NAMEXP CAR5 NTIMES 1 
 3.0030E-01 
  0.0000E+00 
  2.0000E-02 
  4.0000E-02 
  6.0000E-02 
  8.0000E-02 
  1.0000E-01 
  1.2000E-01 
  1.4000E-01 
  1.6000E-01 
  1.8000E-01 
  2.0000E-01 
  2.2000E-01 
  2.4000E-01 
  2.6000E-01 
  2.8000E-01 
  3.0000E-01 
  3.2000E-01 
  3.4000E-01 
  3.6000E-01 
  3.8000E-01 
  4.0000E-01 
  4.2000E-01 
  4.4000E-01 
  4.6000E-01 
  4.8000E-01 
  5.0000E-01 
  5.2000E-01 
  5.4000E-01 
  5.6000E-01 
  5.8000E-01 
  6.0000E-01 
  6.2000E-01 
  6.4000E-01 
  6.6000E-01 
  6.8000E-01 
  7.0000E-01 
  7.2000E-01 
  7.4000E-01 
  7.6000E-01 
  7.8000E-01 
  8.0000E-01 
  8.2000E-01 
  8.4000E-01 
  8.6000E-01 
  8.8000E-01 
  9.0000E-01 
  9.2000E-01 
  9.4000E-01 
  9.6000E-01 
  9.8000E-01 
  1.0000E+00 
  1.0626E+00 
 1.5178E+00 
 1.3279E+00 
 1.3507E+00 
 1.3697E+00 
 1.3918E+00 
 1.4195E+00 
 1.4534E+00 
 1.4940E+00 
 1.5414E+00 
 1.5946E+00 
 1.6537E+00 
 1.7476E+00 
 1.9258E+00 
 2.2115E+00 
 2.5914E+00 
 3.0323E+00 
 3.5340E+00 
 4.1048E+00 
 4.7499E+00 
 5.4755E+00 
 6.2871E+00 
 7.1877E+00 
 8.2056E+00 
 9.3829E+00 
 1.0725E+01 
 1.2213E+01 
 1.3827E+01 
 1.5544E+01 
 1.7333E+01 
 1.9164E+01 
 2.1007E+01 
 2.2837E+01 
 2.4626E+01 
 2.6345E+01 
 2.7961E+01 
 2.9452E+01 
 3.0823E+01 
 3.2110E+01 
 3.3373E+01 
 3.4676E+01 
 3.6061E+01 
 3.7556E+01 
 3.9204E+01 
 4.0990E+01 
 4.2765E+01 
 4.4449E+01 
 4.6327E+01 
 4.8913E+01 
 5.2483E+01 
 5.6783E+01 


!ECH profiles from TORAY nodes on \rho_{tor,N} [MW]
POINTS 81 GRIDTYPE 12 NAMEXP CAR4 NTIMES 1 
 3.0034E-01 
  0.0000E+00 
  1.2500E-02 
  2.5000E-02 
  3.7500E-02 
  5.0000E-02 
  6.2500E-02 
  7.5000E-02 
  8.7500E-02 
  1.0000E-01 
  1.1250E-01 
  1.2500E-01 
  1.3750E-01 
  1.5000E-01 
  1.6250E-01 
  1.7500E-01 
  1.8750E-01 
  2.0000E-01 
  2.1250E-01 
  2.2500E-01 
  2.3750E-01 
  2.5000E-01 
  2.6250E-01 
  2.7500E-01 
  2.8750E-01 
  3.0000E-01 
  3.1250E-01 
  3.2500E-01 
  3.3750E-01 
  3.5000E-01 
  3.6250E-01 
  3.7500E-01 
  3.8750E-01 
  4.0000E-01 
  4.1250E-01 
  4.2500E-01 
  4.3750E-01 
  4.5000E-01 
  4.6250E-01 
  4.7500E-01 
  4.8750E-01 
  5.0000E-01 
  5.1250E-01 
  5.2500E-01 
  5.3750E-01 
  5.5000E-01 
  5.6250E-01 
  5.7500E-01 
  5.8750E-01 
  6.0000E-01 
  6.1250E-01 
  6.2500E-01 
  6.3750E-01 
  6.5000E-01 
  6.6250E-01 
  6.7500E-01 
  6.8750E-01 
  7.0000E-01 
  7.1250E-01 
  7.2500E-01 
  7.3750E-01 
  7.5000E-01 
  7.6250E-01 
  7.7500E-01 
  7.8750E-01 
  8.0000E-01 
  8.1250E-01 
  8.2500E-01 
  8.3750E-01 
  8.5000E-01 
  8.6250E-01 
  8.7500E-01 
  8.8750E-01 
  9.0000E-01 
  9.1250E-01 
  9.2500E-01 
  9.3750E-01 
  9.5000E-01 
  9.6250E-01 
  9.7500E-01 
  9.8750E-01 
  1.0000E+00 
  0.0000E+00 
 0.0000E+00 
 0.0000E+00 
 0.0000E+00 
 0.0000E+00 
 0.0000E+00 
 0.0000E+00 
 0.0000E+00 
 0.0000E+00 
 0.0000E+00 
 0.0000E+00 
 0.0000E+00 
 0.0000E+00 
 0.0000E+00 
 0.0000E+00 
 0.0000E+00 
 0.0000E+00 
 0.0000E+00 
 1.3809E-02 
 5.4106E-02 
 9.8124E-02 
 1.4592E-01 
 1.9778E-01 
 2.5451E-01 
 3.1624E-01 
 3.8312E-01 
 4.5627E-01 
 5.3512E-01 
 6.2021E-01 
 7.1136E-01 
 8.0802E-01 
 9.0970E-01 
 1.0149E+00 
 1.1220E+00 
 1.2296E+00 
 1.3359E+00 
 1.4385E+00 
 1.5348E+00 
 1.6196E+00 
 1.6882E+00 
 1.7384E+00 
 1.7671E+00 
 1.7703E+00 
 1.7509E+00 
 1.7098E+00 
 1.6486E+00 
 1.5690E+00 
 1.4722E+00 
 1.3619E+00 
 1.2407E+00 
 1.1115E+00 
 9.7725E-01 
 8.4123E-01 
 7.0748E-01 
 5.7988E-01 
 4.6153E-01 
 3.5449E-01 
 2.5992E-01 
 1.7935E-01 
 1.1325E-01 
 5.9479E-02 
 2.0860E-02 
 0.0000E+00 
 0.0000E+00 
 0.0000E+00 
 0.0000E+00 
 0.0000E+00 
 0.0000E+00 
 0.0000E+00 
 0.0000E+00 
 0.0000E+00 
 0.0000E+00 
 0.0000E+00 
 0.0000E+00 
 0.0000E+00 
 0.0000E+00 
 0.0000E+00 
 0.0000E+00 
 2.3576E-16 
 1.3592E-15 
 2.4826E-15 


!ECCD profile set to zero (no ECCD)
POINTS 51 GRIDTYPE 14 NAMEXP CAR6 NTIMES 1 
 3.0000E-01 
  0.0000E+00 
  2.0000E-02 
  4.0000E-02 
  6.0000E-02 
  8.0000E-02 
  1.0000E-01 
  1.2000E-01 
  1.4000E-01 
  1.6000E-01 
  1.8000E-01 
  2.0000E-01 
  2.2000E-01 
  2.4000E-01 
  2.6000E-01 
  2.8000E-01 
  3.0000E-01 
  3.2000E-01 
  3.4000E-01 
  3.6000E-01 
  3.8000E-01 
  4.0000E-01 
  4.2000E-01 
  4.4000E-01 
  4.6000E-01 
  4.8000E-01 
  5.0000E-01 
  5.2000E-01 
  5.4000E-01 
  5.6000E-01 
  5.8000E-01 
  6.0000E-01 
  6.2000E-01 
  6.4000E-01 
  6.6000E-01 
  6.8000E-01 
  7.0000E-01 
  7.2000E-01 
  7.4000E-01 
  7.6000E-01 
  7.8000E-01 
  8.0000E-01 
  8.2000E-01 
  8.4000E-01 
  8.6000E-01 
  8.8000E-01 
  9.0000E-01 
  9.2000E-01 
  9.4000E-01 
  9.6000E-01 
  9.8000E-01 
  1.0000E+00 
  0.0000E+00 
 0.0000E+00 
 0.0000E+00 
 0.0000E+00 
 0.0000E+00 
 0.0000E+00 
 0.0000E+00 
 0.0000E+00 
 0.0000E+00 
 0.0000E+00 
 0.0000E+00 
 0.0000E+00 
 0.0000E+00 
 0.0000E+00 
 0.0000E+00 
 0.0000E+00 
 0.0000E+00 
 0.0000E+00 
 0.0000E+00 
 0.0000E+00 
 0.0000E+00 
 0.0000E+00 
 0.0000E+00 
 0.0000E+00 
 0.0000E+00 
 0.0000E+00 
 0.0000E+00 
 0.0000E+00 
 0.0000E+00 
 0.0000E+00 
 0.0000E+00 
 0.0000E+00 
 0.0000E+00 
 0.0000E+00 
 0.0000E+00 
 0.0000E+00 
 0.0000E+00 
 0.0000E+00 
 0.0000E+00 
 0.0000E+00 
 0.0000E+00 
 0.0000E+00 
 0.0000E+00 
 0.0000E+00 
 0.0000E+00 
 0.0000E+00 
 0.0000E+00 
 0.0000E+00 
 0.0000E+00 
 0.0000E+00 
 0.0000E+00 


!Parameter 1 / L_{n_e} from nodes
POINTS 101 GRIDTYPE 14 NAMEXP CAR10 NTIMES 1 
 0.0000E+00 
  0.0000E+00 
  8.7533E-03 
  1.4196E-02 
  2.0536E-02 
  2.7479E-02 
  3.4500E-02 
  4.1440E-02 
  4.8345E-02 
  5.5262E-02 
  6.2199E-02 
  6.9147E-02 
  7.6102E-02 
  8.3065E-02 
  9.0040E-02 
  9.7027E-02 
  1.0403E-01 
  1.1104E-01 
  1.1808E-01 
  1.2513E-01 
  1.3219E-01 
  1.3928E-01 
  1.4639E-01 
  1.5352E-01 
  1.6067E-01 
  1.6784E-01 
  1.7504E-01 
  1.8227E-01 
  1.8952E-01 
  1.9680E-01 
  2.0411E-01 
  2.1146E-01 
  2.1883E-01 
  2.2624E-01 
  2.3369E-01 
  2.4117E-01 
  2.4869E-01 
  2.5625E-01 
  2.6385E-01 
  2.7150E-01 
  2.7919E-01 
  2.8693E-01 
  2.9471E-01 
  3.0255E-01 
  3.1043E-01 
  3.1838E-01 
  3.2637E-01 
  3.3443E-01 
  3.4255E-01 
  3.5073E-01 
  3.5897E-01 
  3.6728E-01 
  3.7567E-01 
  3.8412E-01 
  3.9265E-01 
  4.0126E-01 
  4.0995E-01 
  4.1872E-01 
  4.2758E-01 
  4.3653E-01 
  4.4558E-01 
  4.5472E-01 
  4.6397E-01 
  4.7332E-01 
  4.8278E-01 
  4.9236E-01 
  5.0206E-01 
  5.1188E-01 
  5.2183E-01 
  5.3192E-01 
  5.4214E-01 
  5.5252E-01 
  5.6305E-01 
  5.7374E-01 
  5.8460E-01 
  5.9564E-01 
  6.0686E-01 
  6.1828E-01 
  6.2990E-01 
  6.4174E-01 
  6.5380E-01 
  6.6610E-01 
  6.7866E-01 
  6.9148E-01 
  7.0458E-01 
  7.1799E-01 
  7.3171E-01 
  7.4578E-01 
  7.6020E-01 
  7.7502E-01 
  7.9026E-01 
  8.0594E-01 
  8.2210E-01 
  8.3880E-01 
  8.5611E-01 
  8.7406E-01 
  8.9262E-01 
  9.1185E-01 
  9.3214E-01 
  9.5388E-01 
  9.7679E-01 
  1.0000E+00 
  3.4570E-02 
 1.7712E-01 
 3.2576E-01 
 4.0388E-01 
 5.2513E-01 
 6.5780E-01 
 8.0326E-01 
 9.3821E-01 
 1.0706E+00 
 1.2043E+00 
 1.3399E+00 
 1.4761E+00 
 1.6124E+00 
 1.7489E+00 
 1.8857E+00 
 2.0231E+00 
 2.1609E+00 
 2.2993E+00 
 2.4383E+00 
 2.5780E+00 
 2.7185E+00 
 2.8597E+00 
 3.0017E+00 
 3.1445E+00 
 3.2879E+00 
 3.4317E+00 
 3.5761E+00 
 3.7210E+00 
 3.8666E+00 
 4.0130E+00 
 4.1602E+00 
 4.3083E+00 
 4.4577E+00 
 4.6081E+00 
 4.7559E+00 
 4.8960E+00 
 5.0258E+00 
 5.1454E+00 
 5.2551E+00 
 5.3541E+00 
 5.4424E+00 
 5.5196E+00 
 5.5855E+00 
 5.6397E+00 
 5.6811E+00 
 5.7107E+00 
 5.7348E+00 
 5.7602E+00 
 5.7890E+00 
 5.8201E+00 
 5.8540E+00 
 5.8909E+00 
 5.9307E+00 
 5.9738E+00 
 6.0204E+00 
 6.0699E+00 
 6.1171E+00 
 6.1578E+00 
 6.1919E+00 
 6.2191E+00 
 6.2391E+00 
 6.2516E+00 
 6.2562E+00 
 6.2525E+00 
 6.2399E+00 
 6.2208E+00 
 6.1978E+00 
 6.1712E+00 
 6.1409E+00 
 6.1065E+00 
 6.0679E+00 
 6.0251E+00 
 5.9741E+00 
 5.9088E+00 
 5.8268E+00 
 5.7278E+00 
 5.6102E+00 
 5.4729E+00 
 5.3171E+00 
 5.1793E+00 
 5.0870E+00 
 5.0411E+00 
 5.0464E+00 
 5.1025E+00 
 5.1884E+00 
 5.2978E+00 
 5.4329E+00 
 5.5969E+00 
 5.7857E+00 
 5.9860E+00 
 6.2007E+00 
 6.4347E+00 
 6.7229E+00 
 7.1000E+00 
 7.6012E+00 
 8.1837E+00 
 8.7352E+00 
 9.0798E+00 
 9.4330E+00 
 1.0346E+01 
 1.1922E+01 
END