 -TCV- #29892 t0=1
 Param|Time  |  Value  |   Error
|-----|------|---------|--------
T_OFFSET          0.3000
TEND            1.3000
NB1             91.0000
AWALL           0.3000
AB              0.2500
ELONM           2.0000
TRICH           0.3000
SHIFT           0.0000
UPDWN           0.0000
ZMJ             1.0000
AMJ             2.0000
BTOR            1.4497
ZRD10           0.9800
ZRD30           29892.0000
ZRD6            0.1110
ZRD7            2.0000
ZRD8            0.0010
ZRD3            0.3563
ZRD13           1.0000
ZRD41           0.8540
ZRD40           5.0000
 

!rtor from LIUQE LCFS
NAMEXP RTOR NTIMES 1 
3.0000E-01 
8.8051E-01 
 

!abc from LIUQE LCFS
NAMEXP ABC NTIMES 1 
3.0000E-01 
2.2354E-01 
 

!kappa_edge from LIUQE
NAMEXP ELONG NTIMES 1 
3.0000E-01 
1.7598E+00 
 

!delta_edge from LIUQE
NAMEXP TRIAN NTIMES 1 
3.0000E-01 
5.1096E-01 
 

!Zeff from IBS nodes
NAMEXP ZRD1 NTIMES 1 
3.0030E-01 
3.5000E+00 
 

!Density boundary condition loading in time
NAMEXP ZRD2 NTIMES 1 
-7.0000E-01 
1.9650E-01 
 

!Ip from LIUQE [MA]
NAMEXP IPL NTIMES 1 
3.0000E-01 
4.1209E-01 


!Minor radius [m]
POINTS 51 GRIDTYPE 14 NAMEXP CAR9 NTIMES 1 
 0.0000E+00 
  0.0000E+00 
  2.0000E-02 
  4.0000E-02 
  6.0000E-02 
  8.0000E-02 
  1.0000E-01 
  1.2000E-01 
  1.4000E-01 
  1.6000E-01 
  1.8000E-01 
  2.0000E-01 
  2.2000E-01 
  2.4000E-01 
  2.6000E-01 
  2.8000E-01 
  3.0000E-01 
  3.2000E-01 
  3.4000E-01 
  3.6000E-01 
  3.8000E-01 
  4.0000E-01 
  4.2000E-01 
  4.4000E-01 
  4.6000E-01 
  4.8000E-01 
  5.0000E-01 
  5.2000E-01 
  5.4000E-01 
  5.6000E-01 
  5.8000E-01 
  6.0000E-01 
  6.2000E-01 
  6.4000E-01 
  6.6000E-01 
  6.8000E-01 
  7.0000E-01 
  7.2000E-01 
  7.4000E-01 
  7.6000E-01 
  7.8000E-01 
  8.0000E-01 
  8.2000E-01 
  8.4000E-01 
  8.6000E-01 
  8.8000E-01 
  9.0000E-01 
  9.2000E-01 
  9.4000E-01 
  9.6000E-01 
  9.8000E-01 
  1.0000E+00 
  0.0000E+00 
 5.0000E-03 
 1.0000E-02 
 1.5000E-02 
 2.0000E-02 
 2.5000E-02 
 3.0000E-02 
 3.5000E-02 
 4.0000E-02 
 4.5000E-02 
 5.0000E-02 
 5.5000E-02 
 6.0000E-02 
 6.5000E-02 
 7.0000E-02 
 7.5000E-02 
 8.0000E-02 
 8.5000E-02 
 9.0000E-02 
 9.5000E-02 
 1.0000E-01 
 1.0500E-01 
 1.1000E-01 
 1.1500E-01 
 1.2000E-01 
 1.2500E-01 
 1.3000E-01 
 1.3500E-01 
 1.4000E-01 
 1.4500E-01 
 1.5000E-01 
 1.5500E-01 
 1.6000E-01 
 1.6500E-01 
 1.7000E-01 
 1.7500E-01 
 1.8000E-01 
 1.8500E-01 
 1.9000E-01 
 1.9500E-01 
 2.0000E-01 
 2.0500E-01 
 2.1000E-01 
 2.1500E-01 
 2.2000E-01 
 2.2500E-01 
 2.3000E-01 
 2.3500E-01 
 2.4000E-01 
 2.4500E-01 
 2.5000E-01 


!initial mu from parabolic 1/q
POINTS 51 GRIDTYPE 14 NAMEXP MU NTIMES 1 
 0.0000E+00 
  0.0000E+00 
  2.0000E-02 
  4.0000E-02 
  6.0000E-02 
  8.0000E-02 
  1.0000E-01 
  1.2000E-01 
  1.4000E-01 
  1.6000E-01 
  1.8000E-01 
  2.0000E-01 
  2.2000E-01 
  2.4000E-01 
  2.6000E-01 
  2.8000E-01 
  3.0000E-01 
  3.2000E-01 
  3.4000E-01 
  3.6000E-01 
  3.8000E-01 
  4.0000E-01 
  4.2000E-01 
  4.4000E-01 
  4.6000E-01 
  4.8000E-01 
  5.0000E-01 
  5.2000E-01 
  5.4000E-01 
  5.6000E-01 
  5.8000E-01 
  6.0000E-01 
  6.2000E-01 
  6.4000E-01 
  6.6000E-01 
  6.8000E-01 
  7.0000E-01 
  7.2000E-01 
  7.4000E-01 
  7.6000E-01 
  7.8000E-01 
  8.0000E-01 
  8.2000E-01 
  8.4000E-01 
  8.6000E-01 
  8.8000E-01 
  9.0000E-01 
  9.2000E-01 
  9.4000E-01 
  9.6000E-01 
  9.8000E-01 
  1.0000E+00 
  5.0000E-01 
 4.9960E-01 
 4.9841E-01 
 4.9643E-01 
 4.9368E-01 
 4.9020E-01 
 4.8600E-01 
 4.8114E-01 
 4.7565E-01 
 4.6957E-01 
 4.6296E-01 
 4.5587E-01 
 4.4835E-01 
 4.4045E-01 
 4.3223E-01 
 4.2373E-01 
 4.1501E-01 
 4.0611E-01 
 3.9708E-01 
 3.8796E-01 
 3.7879E-01 
 3.6960E-01 
 3.6044E-01 
 3.5132E-01 
 3.4228E-01 
 3.3333E-01 
 3.2451E-01 
 3.1582E-01 
 3.0728E-01 
 2.9890E-01 
 2.9070E-01 
 2.8268E-01 
 2.7485E-01 
 2.6721E-01 
 2.5977E-01 
 2.5253E-01 
 2.4548E-01 
 2.3864E-01 
 2.3200E-01 
 2.2555E-01 
 2.1930E-01 
 2.1324E-01 
 2.0737E-01 
 2.0168E-01 
 1.9617E-01 
 1.9084E-01 
 1.8568E-01 
 1.8069E-01 
 1.7586E-01 
 1.7119E-01 
 1.6667E-01 


!ne from confinement nodes [10^{19}m^{-3}]
POINTS 51 GRIDTYPE 14 NAMEXP NE NTIMES 1 
 3.0030E-01 
  0.0000E+00 
  2.0000E-02 
  4.0000E-02 
  6.0000E-02 
  8.0000E-02 
  1.0000E-01 
  1.2000E-01 
  1.4000E-01 
  1.6000E-01 
  1.8000E-01 
  2.0000E-01 
  2.2000E-01 
  2.4000E-01 
  2.6000E-01 
  2.8000E-01 
  3.0000E-01 
  3.2000E-01 
  3.4000E-01 
  3.6000E-01 
  3.8000E-01 
  4.0000E-01 
  4.2000E-01 
  4.4000E-01 
  4.6000E-01 
  4.8000E-01 
  5.0000E-01 
  5.2000E-01 
  5.4000E-01 
  5.6000E-01 
  5.8000E-01 
  6.0000E-01 
  6.2000E-01 
  6.4000E-01 
  6.6000E-01 
  6.8000E-01 
  7.0000E-01 
  7.2000E-01 
  7.4000E-01 
  7.6000E-01 
  7.8000E-01 
  8.0000E-01 
  8.2000E-01 
  8.4000E-01 
  8.6000E-01 
  8.8000E-01 
  9.0000E-01 
  9.2000E-01 
  9.4000E-01 
  9.6000E-01 
  9.8000E-01 
  1.0000E+00 
  7.0355E+00 
 7.0374E+00 
 7.0430E+00 
 7.0521E+00 
 7.0643E+00 
 7.0790E+00 
 7.0960E+00 
 7.1146E+00 
 7.1343E+00 
 7.1544E+00 
 7.1741E+00 
 7.1926E+00 
 7.2091E+00 
 7.2228E+00 
 7.2328E+00 
 7.2385E+00 
 7.2391E+00 
 7.2339E+00 
 7.2223E+00 
 7.2035E+00 
 7.1769E+00 
 7.1420E+00 
 7.0983E+00 
 7.0448E+00 
 6.9815E+00 
 6.9076E+00 
 6.8226E+00 
 6.7265E+00 
 6.6188E+00 
 6.4992E+00 
 6.3679E+00 
 6.2238E+00 
 6.0685E+00 
 5.9008E+00 
 5.7213E+00 
 5.5302E+00 
 5.3283E+00 
 5.1162E+00 
 4.8928E+00 
 4.6600E+00 
 4.4188E+00 
 4.1699E+00 
 3.9149E+00 
 3.6543E+00 
 3.3885E+00 
 3.1235E+00 
 2.8567E+00 
 2.5900E+00 
 2.3408E+00 
 2.1117E+00 
 1.8871E+00 


!te from confinement nodes [keV]
POINTS 51 GRIDTYPE 14 NAMEXP TE NTIMES 1 
 3.0030E-01 
  0.0000E+00 
  2.0000E-02 
  4.0000E-02 
  6.0000E-02 
  8.0000E-02 
  1.0000E-01 
  1.2000E-01 
  1.4000E-01 
  1.6000E-01 
  1.8000E-01 
  2.0000E-01 
  2.2000E-01 
  2.4000E-01 
  2.6000E-01 
  2.8000E-01 
  3.0000E-01 
  3.2000E-01 
  3.4000E-01 
  3.6000E-01 
  3.8000E-01 
  4.0000E-01 
  4.2000E-01 
  4.4000E-01 
  4.6000E-01 
  4.8000E-01 
  5.0000E-01 
  5.2000E-01 
  5.4000E-01 
  5.6000E-01 
  5.8000E-01 
  6.0000E-01 
  6.2000E-01 
  6.4000E-01 
  6.6000E-01 
  6.8000E-01 
  7.0000E-01 
  7.2000E-01 
  7.4000E-01 
  7.6000E-01 
  7.8000E-01 
  8.0000E-01 
  8.2000E-01 
  8.4000E-01 
  8.6000E-01 
  8.8000E-01 
  9.0000E-01 
  9.2000E-01 
  9.4000E-01 
  9.6000E-01 
  9.8000E-01 
  1.0000E+00 
  2.9686E+00 
 2.9670E+00 
 2.9623E+00 
 2.9545E+00 
 2.9437E+00 
 2.9300E+00 
 2.9133E+00 
 2.8938E+00 
 2.8715E+00 
 2.8464E+00 
 2.8185E+00 
 2.7877E+00 
 2.7540E+00 
 2.7174E+00 
 2.6778E+00 
 2.6352E+00 
 2.5898E+00 
 2.5414E+00 
 2.4904E+00 
 2.4368E+00 
 2.3807E+00 
 2.3222E+00 
 2.2618E+00 
 2.1988E+00 
 2.1341E+00 
 2.0677E+00 
 1.9993E+00 
 1.9297E+00 
 1.8587E+00 
 1.7865E+00 
 1.7134E+00 
 1.6392E+00 
 1.5648E+00 
 1.4897E+00 
 1.4145E+00 
 1.3391E+00 
 1.2640E+00 
 1.1893E+00 
 1.1147E+00 
 1.0406E+00 
 9.6746E-01 
 8.9520E-01 
 8.2421E-01 
 7.5445E-01 
 6.8592E-01 
 6.1993E-01 
 5.5562E-01 
 4.9312E-01 
 4.3593E-01 
 3.8411E-01 
 3.3381E-01 


!ti from confinement nodes [keV]
POINTS 51 GRIDTYPE 14 NAMEXP TI NTIMES 1 
 3.0030E-01 
  0.0000E+00 
  2.0000E-02 
  4.0000E-02 
  6.0000E-02 
  8.0000E-02 
  1.0000E-01 
  1.2000E-01 
  1.4000E-01 
  1.6000E-01 
  1.8000E-01 
  2.0000E-01 
  2.2000E-01 
  2.4000E-01 
  2.6000E-01 
  2.8000E-01 
  3.0000E-01 
  3.2000E-01 
  3.4000E-01 
  3.6000E-01 
  3.8000E-01 
  4.0000E-01 
  4.2000E-01 
  4.4000E-01 
  4.6000E-01 
  4.8000E-01 
  5.0000E-01 
  5.2000E-01 
  5.4000E-01 
  5.6000E-01 
  5.8000E-01 
  6.0000E-01 
  6.2000E-01 
  6.4000E-01 
  6.6000E-01 
  6.8000E-01 
  7.0000E-01 
  7.2000E-01 
  7.4000E-01 
  7.6000E-01 
  7.8000E-01 
  8.0000E-01 
  8.2000E-01 
  8.4000E-01 
  8.6000E-01 
  8.8000E-01 
  9.0000E-01 
  9.2000E-01 
  9.4000E-01 
  9.6000E-01 
  9.8000E-01 
  1.0000E+00 
  1.6987E+00 
 1.6978E+00 
 1.6951E+00 
 1.6906E+00 
 1.6844E+00 
 1.6766E+00 
 1.6670E+00 
 1.6559E+00 
 1.6431E+00 
 1.6288E+00 
 1.6128E+00 
 1.5952E+00 
 1.5759E+00 
 1.5549E+00 
 1.5323E+00 
 1.5079E+00 
 1.4819E+00 
 1.4542E+00 
 1.4251E+00 
 1.3944E+00 
 1.3623E+00 
 1.3288E+00 
 1.2942E+00 
 1.2582E+00 
 1.2212E+00 
 1.1832E+00 
 1.1441E+00 
 1.1042E+00 
 1.0636E+00 
 1.0222E+00 
 9.8044E-01 
 9.3796E-01 
 8.9540E-01 
 8.5245E-01 
 8.0941E-01 
 7.6627E-01 
 7.2331E-01 
 6.8057E-01 
 6.3784E-01 
 5.9547E-01 
 5.5360E-01 
 5.1225E-01 
 4.7163E-01 
 4.3171E-01 
 3.9250E-01 
 3.5473E-01 
 3.1793E-01 
 2.8217E-01 
 2.4945E-01 
 2.1980E-01 
 1.9101E-01 


!chie from confinement nodes
POINTS 51 GRIDTYPE 14 NAMEXP CAR5 NTIMES 1 
 3.0030E-01 
  0.0000E+00 
  2.0000E-02 
  4.0000E-02 
  6.0000E-02 
  8.0000E-02 
  1.0000E-01 
  1.2000E-01 
  1.4000E-01 
  1.6000E-01 
  1.8000E-01 
  2.0000E-01 
  2.2000E-01 
  2.4000E-01 
  2.6000E-01 
  2.8000E-01 
  3.0000E-01 
  3.2000E-01 
  3.4000E-01 
  3.6000E-01 
  3.8000E-01 
  4.0000E-01 
  4.2000E-01 
  4.4000E-01 
  4.6000E-01 
  4.8000E-01 
  5.0000E-01 
  5.2000E-01 
  5.4000E-01 
  5.6000E-01 
  5.8000E-01 
  6.0000E-01 
  6.2000E-01 
  6.4000E-01 
  6.6000E-01 
  6.8000E-01 
  7.0000E-01 
  7.2000E-01 
  7.4000E-01 
  7.6000E-01 
  7.8000E-01 
  8.0000E-01 
  8.2000E-01 
  8.4000E-01 
  8.6000E-01 
  8.8000E-01 
  9.0000E-01 
  9.2000E-01 
  9.4000E-01 
  9.6000E-01 
  9.8000E-01 
  1.0000E+00 
  1.3969E+01 
 2.0206E+01 
 1.5288E+01 
 1.1734E+01 
 9.9770E+00 
 9.3475E+00 
 9.3943E+00 
 9.7782E+00 
 1.0332E+01 
 1.0931E+01 
 1.1445E+01 
 1.1761E+01 
 1.1815E+01 
 1.1604E+01 
 1.1177E+01 
 1.0601E+01 
 9.9347E+00 
 9.2237E+00 
 8.5102E+00 
 7.8306E+00 
 7.2078E+00 
 6.6502E+00 
 6.1567E+00 
 5.7232E+00 
 5.3439E+00 
 5.0127E+00 
 4.7243E+00 
 4.4739E+00 
 4.2577E+00 
 4.0729E+00 
 3.9171E+00 
 3.7881E+00 
 3.6840E+00 
 3.6034E+00 
 3.5458E+00 
 3.5105E+00 
 3.4978E+00 
 3.5082E+00 
 3.5435E+00 
 3.6051E+00 
 3.6951E+00 
 3.8161E+00 
 3.9769E+00 
 4.1803E+00 
 4.4167E+00 
 4.7371E+00 
 5.1907E+00 
 5.5976E+00 
 5.9607E+00 
 6.7885E+00 
 8.2604E+00 


!ECH profiles from TORAY nodes on \rho_{tor,N} [W/W]
POINTS 81 GRIDTYPE 12 NAMEXP CAR4 NTIMES 1 
 3.0028E-01 
  0.0000E+00 
  1.2500E-02 
  2.5000E-02 
  3.7500E-02 
  5.0000E-02 
  6.2500E-02 
  7.5000E-02 
  8.7500E-02 
  1.0000E-01 
  1.1250E-01 
  1.2500E-01 
  1.3750E-01 
  1.5000E-01 
  1.6250E-01 
  1.7500E-01 
  1.8750E-01 
  2.0000E-01 
  2.1250E-01 
  2.2500E-01 
  2.3750E-01 
  2.5000E-01 
  2.6250E-01 
  2.7500E-01 
  2.8750E-01 
  3.0000E-01 
  3.1250E-01 
  3.2500E-01 
  3.3750E-01 
  3.5000E-01 
  3.6250E-01 
  3.7500E-01 
  3.8750E-01 
  4.0000E-01 
  4.1250E-01 
  4.2500E-01 
  4.3750E-01 
  4.5000E-01 
  4.6250E-01 
  4.7500E-01 
  4.8750E-01 
  5.0000E-01 
  5.1250E-01 
  5.2500E-01 
  5.3750E-01 
  5.5000E-01 
  5.6250E-01 
  5.7500E-01 
  5.8750E-01 
  6.0000E-01 
  6.1250E-01 
  6.2500E-01 
  6.3750E-01 
  6.5000E-01 
  6.6250E-01 
  6.7500E-01 
  6.8750E-01 
  7.0000E-01 
  7.1250E-01 
  7.2500E-01 
  7.3750E-01 
  7.5000E-01 
  7.6250E-01 
  7.7500E-01 
  7.8750E-01 
  8.0000E-01 
  8.1250E-01 
  8.2500E-01 
  8.3750E-01 
  8.5000E-01 
  8.6250E-01 
  8.7500E-01 
  8.8750E-01 
  9.0000E-01 
  9.1250E-01 
  9.2500E-01 
  9.3750E-01 
  9.5000E-01 
  9.6250E-01 
  9.7500E-01 
  9.8750E-01 
  1.0000E+00 
  1.5155E+00 
 1.4691E+00 
 1.4228E+00 
 1.3765E+00 
 1.3239E+00 
 1.2137E+00 
 1.1035E+00 
 9.9324E-01 
 8.9183E-01 
 8.2275E-01 
 7.5367E-01 
 6.8459E-01 
 6.4323E-01 
 6.4898E-01 
 6.5472E-01 
 6.6046E-01 
 6.7453E-01 
 6.9922E-01 
 7.2392E-01 
 7.4861E-01 
 7.7504E-01 
 8.0333E-01 
 8.3162E-01 
 8.5992E-01 
 8.8770E-01 
 9.1494E-01 
 9.4218E-01 
 9.6942E-01 
 9.9163E-01 
 1.0085E+00 
 1.0253E+00 
 1.0421E+00 
 1.0530E+00 
 1.0556E+00 
 1.0583E+00 
 1.0610E+00 
 1.0576E+00 
 1.0403E+00 
 1.0231E+00 
 1.0058E+00 
 9.8665E-01 
 9.5479E-01 
 9.2293E-01 
 8.9107E-01 
 8.5921E-01 
 8.2096E-01 
 7.8211E-01 
 7.4326E-01 
 7.0441E-01 
 6.6723E-01 
 6.3094E-01 
 5.9465E-01 
 5.5836E-01 
 5.2428E-01 
 4.9403E-01 
 4.6377E-01 
 4.3351E-01 
 4.0394E-01 
 3.7753E-01 
 3.5113E-01 
 3.2473E-01 
 2.9941E-01 
 2.7735E-01 
 2.5530E-01 
 2.3325E-01 
 2.1313E-01 
 1.9343E-01 
 1.7384E-01 
 1.5597E-01 
 1.3809E-01 
 1.2149E-01 
 1.0526E-01 
 8.9755E-02 
 7.5374E-02 
 6.2269E-02 
 5.0982E-02 
 4.1414E-02 
 3.3575E-02 
 2.6491E-02 
 1.6302E-02 
 2.9924E-16 


!ECCD profile set to zero (no ECCD)
POINTS 51 GRIDTYPE 14 NAMEXP CAR6 NTIMES 1 
 3.0000E-01 
  0.0000E+00 
  2.0000E-02 
  4.0000E-02 
  6.0000E-02 
  8.0000E-02 
  1.0000E-01 
  1.2000E-01 
  1.4000E-01 
  1.6000E-01 
  1.8000E-01 
  2.0000E-01 
  2.2000E-01 
  2.4000E-01 
  2.6000E-01 
  2.8000E-01 
  3.0000E-01 
  3.2000E-01 
  3.4000E-01 
  3.6000E-01 
  3.8000E-01 
  4.0000E-01 
  4.2000E-01 
  4.4000E-01 
  4.6000E-01 
  4.8000E-01 
  5.0000E-01 
  5.2000E-01 
  5.4000E-01 
  5.6000E-01 
  5.8000E-01 
  6.0000E-01 
  6.2000E-01 
  6.4000E-01 
  6.6000E-01 
  6.8000E-01 
  7.0000E-01 
  7.2000E-01 
  7.4000E-01 
  7.6000E-01 
  7.8000E-01 
  8.0000E-01 
  8.2000E-01 
  8.4000E-01 
  8.6000E-01 
  8.8000E-01 
  9.0000E-01 
  9.2000E-01 
  9.4000E-01 
  9.6000E-01 
  9.8000E-01 
  1.0000E+00 
  0.0000E+00 
 0.0000E+00 
 0.0000E+00 
 0.0000E+00 
 0.0000E+00 
 0.0000E+00 
 0.0000E+00 
 0.0000E+00 
 0.0000E+00 
 0.0000E+00 
 0.0000E+00 
 0.0000E+00 
 0.0000E+00 
 0.0000E+00 
 0.0000E+00 
 0.0000E+00 
 0.0000E+00 
 0.0000E+00 
 0.0000E+00 
 0.0000E+00 
 0.0000E+00 
 0.0000E+00 
 0.0000E+00 
 0.0000E+00 
 0.0000E+00 
 0.0000E+00 
 0.0000E+00 
 0.0000E+00 
 0.0000E+00 
 0.0000E+00 
 0.0000E+00 
 0.0000E+00 
 0.0000E+00 
 0.0000E+00 
 0.0000E+00 
 0.0000E+00 
 0.0000E+00 
 0.0000E+00 
 0.0000E+00 
 0.0000E+00 
 0.0000E+00 
 0.0000E+00 
 0.0000E+00 
 0.0000E+00 
 0.0000E+00 
 0.0000E+00 
 0.0000E+00 
 0.0000E+00 
 0.0000E+00 
 0.0000E+00 
 0.0000E+00 


!Parameter 1 / L_{n_e} from nodes
POINTS 200 GRIDTYPE 14 NAMEXP CAR10 NTIMES 1 
 0.0000E+00 
  0.0000E+00 
  1.2326E-02 
  2.0788E-02 
  3.0819E-02 
  4.1391E-02 
  5.1758E-02 
  6.2135E-02 
  7.2440E-02 
  8.2766E-02 
  9.3181E-02 
  1.0351E-01 
  1.1384E-01 
  1.2418E-01 
  1.3453E-01 
  1.4488E-01 
  1.5524E-01 
  1.6561E-01 
  1.7599E-01 
  1.8637E-01 
  1.9676E-01 
  2.0708E-01 
  2.1750E-01 
  2.2792E-01 
  2.3827E-01 
  2.4872E-01 
  2.5910E-01 
  2.6958E-01 
  2.7999E-01 
  2.9041E-01 
  3.0086E-01 
  3.1131E-01 
  3.2179E-01 
  3.3229E-01 
  3.4272E-01 
  3.5326E-01 
  3.6374E-01 
  3.7424E-01 
  3.8485E-01 
  3.9541E-01 
  4.0590E-01 
  4.1651E-01 
  4.2706E-01 
  4.3774E-01 
  4.4836E-01 
  4.5892E-01 
  4.6961E-01 
  4.8025E-01 
  4.9093E-01 
  5.0166E-01 
  5.1234E-01 
  5.2306E-01 
  5.3384E-01 
  5.4457E-01 
  5.5536E-01 
  5.6610E-01 
  5.7691E-01 
  5.8768E-01 
  5.9852E-01 
  6.0923E-01 
  6.2001E-01 
  6.3077E-01 
  6.4160E-01 
  6.5231E-01 
  6.6300E-01 
  6.7367E-01 
  6.8423E-01 
  6.9477E-01 
  7.0519E-01 
  7.1561E-01 
  7.2580E-01 
  7.3598E-01 
  7.4594E-01 
  7.5566E-01 
  7.6527E-01 
  7.7452E-01 
  7.8365E-01 
  7.9241E-01 
  8.0092E-01 
  8.0905E-01 
  8.1691E-01 
  8.2438E-01 
  8.3156E-01 
  8.3832E-01 
  8.4478E-01 
  8.5079E-01 
  8.5661E-01 
  8.6210E-01 
  8.6712E-01 
  8.7207E-01 
  8.7667E-01 
  8.8105E-01 
  8.8520E-01 
  8.8926E-01 
  8.9294E-01 
  8.9665E-01 
  8.9996E-01 
  9.0329E-01 
  9.0636E-01 
  9.0944E-01 
  9.1211E-01 
  9.1479E-01 
  9.1748E-01 
  9.1990E-01 
  9.2218E-01 
  9.2461E-01 
  9.2663E-01 
  9.2881E-01 
  9.3085E-01 
  9.3277E-01 
  9.3470E-01 
  9.3650E-01 
  9.3846E-01 
  9.4014E-01 
  9.4168E-01 
  9.4338E-01 
  9.4495E-01 
  9.4653E-01 
  9.4780E-01 
  9.4909E-01 
  9.5038E-01 
  9.5168E-01 
  9.5300E-01 
  9.5433E-01 
  9.5533E-01 
  9.5633E-01 
  9.5735E-01 
  9.5820E-01 
  9.5922E-01 
  9.6008E-01 
  9.6112E-01 
  9.6216E-01 
  9.6303E-01 
  9.6390E-01 
  9.6443E-01 
  9.6513E-01 
  9.6583E-01 
  9.6636E-01 
  9.6707E-01 
  9.6778E-01 
  9.6831E-01 
  9.6903E-01 
  9.6974E-01 
  9.7028E-01 
  9.7100E-01 
  9.7172E-01 
  9.7226E-01 
  9.7280E-01 
  9.7334E-01 
  9.7388E-01 
  9.7442E-01 
  9.7497E-01 
  9.7551E-01 
  9.7606E-01 
  9.7660E-01 
  9.7715E-01 
  9.7770E-01 
  9.7806E-01 
  9.7861E-01 
  9.7916E-01 
  9.7971E-01 
  9.8026E-01 
  9.8081E-01 
  9.8136E-01 
  9.8191E-01 
  9.8246E-01 
  9.8301E-01 
  9.8357E-01 
  9.8412E-01 
  9.8467E-01 
  9.8522E-01 
  9.8578E-01 
  9.8633E-01 
  9.8688E-01 
  9.8744E-01 
  9.8799E-01 
  9.8855E-01 
  9.8910E-01 
  9.8966E-01 
  9.9040E-01 
  9.9076E-01 
  9.9132E-01 
  9.9169E-01 
  9.9224E-01 
  9.9261E-01 
  9.9317E-01 
  9.9354E-01 
  9.9409E-01 
  9.9446E-01 
  9.9502E-01 
  9.9539E-01 
  9.9594E-01 
  9.9631E-01 
  9.9686E-01 
  9.9723E-01 
  9.9779E-01 
  9.9816E-01 
  9.9871E-01 
  9.9908E-01 
  9.9963E-01 
  1.0000E+00 
  -1.5307E-02 
 -4.9666E-02 
 -1.0929E-01 
 -1.5997E-01 
 -2.1250E-01 
 -2.5964E-01 
 -3.0399E-01 
 -3.4794E-01 
 -3.8264E-01 
 -4.1750E-01 
 -4.5139E-01 
 -4.7843E-01 
 -5.0221E-01 
 -5.2140E-01 
 -5.3641E-01 
 -5.4665E-01 
 -5.5132E-01 
 -5.5081E-01 
 -5.4364E-01 
 -5.3501E-01 
 -5.1697E-01 
 -4.8810E-01 
 -4.6168E-01 
 -4.2436E-01 
 -3.8127E-01 
 -3.3340E-01 
 -2.7782E-01 
 -2.2018E-01 
 -1.5411E-01 
 -8.3489E-02 
 -7.0440E-03 
 7.4224E-02 
 1.6330E-01 
 2.5538E-01 
 3.5458E-01 
 4.6263E-01 
 5.6887E-01 
 6.8404E-01 
 8.1741E-01 
 9.4193E-01 
 1.0792E+00 
 1.2198E+00 
 1.3637E+00 
 1.5407E+00 
 1.6976E+00 
 1.8675E+00 
 2.0593E+00 
 2.2381E+00 
 2.4464E+00 
 2.6631E+00 
 2.8650E+00 
 3.1042E+00 
 3.3428E+00 
 3.5971E+00 
 3.8563E+00 
 4.1337E+00 
 4.4073E+00 
 4.7324E+00 
 5.0618E+00 
 5.3762E+00 
 5.6957E+00 
 6.0588E+00 
 6.4841E+00 
 6.8468E+00 
 7.2983E+00 
 7.7341E+00 
 8.2005E+00 
 8.6413E+00 
 9.1784E+00 
 9.6962E+00 
 1.0178E+01 
 1.0889E+01 
 1.1402E+01 
 1.2070E+01 
 1.2712E+01 
 1.3299E+01 
 1.4029E+01 
 1.4723E+01 
 1.5344E+01 
 1.6136E+01 
 1.6780E+01 
 1.7461E+01 
 1.8145E+01 
 1.9032E+01 
 1.9728E+01 
 1.9999E+01 
 2.1283E+01 
 2.1624E+01 
 2.2175E+01 
 2.3280E+01 
 2.3550E+01 
 2.3973E+01 
 2.4985E+01 
 2.5139E+01 
 2.5962E+01 
 2.6853E+01 
 2.6800E+01 
 2.7120E+01 
 2.8460E+01 
 2.9458E+01 
 2.8998E+01 
 2.8747E+01 
 3.1445E+01 
 3.0546E+01 
 3.1293E+01 
 3.2089E+01 
 3.2176E+01 
 3.3741E+01 
 3.1455E+01 
 3.3885E+01 
 3.4397E+01 
 3.2301E+01 
 3.5567E+01 
 3.4400E+01 
 3.4416E+01 
 3.7681E+01 
 3.6460E+01 
 3.6025E+01 
 3.6358E+01 
 3.6590E+01 
 3.7078E+01 
 3.6658E+01 
 3.9653E+01 
 3.8527E+01 
 3.3473E+01 
 4.1166E+01 
 3.9618E+01 
 3.9775E+01 
 4.2105E+01 
 3.3528E+01 
 4.3591E+01 
 3.7052E+01 
 4.3657E+01 
 4.6268E+01 
 3.2298E+01 
 4.6092E+01 
 4.6218E+01 
 3.2830E+01 
 4.6592E+01 
 4.6769E+01 
 3.3212E+01 
 4.7137E+01 
 4.7325E+01 
 3.3576E+01 
 4.7797E+01 
 4.7543E+01 
 3.9485E+01 
 4.1740E+01 
 4.1297E+01 
 4.1589E+01 
 4.1653E+01 
 4.1895E+01 
 4.1656E+01 
 4.3174E+01 
 3.8129E+01 
 5.7645E+01 
 5.7822E+01 
 3.8502E+01 
 4.3871E+01 
 4.2589E+01 
 4.3159E+01 
 4.2996E+01 
 4.3912E+01 
 4.4988E+01 
 4.5076E+01 
 4.5245E+01 
 4.5393E+01 
 4.5548E+01 
 4.5703E+01 
 4.5858E+01 
 4.6015E+01 
 4.6167E+01 
 4.6345E+01 
 4.6431E+01 
 4.6863E+01 
 4.6003E+01 
 4.9987E+01 
 3.5839E+01 
 6.0647E+01 
 5.6224E+01 
 4.9368E+01 
 5.1173E+01 
 5.0839E+01 
 5.1092E+01 
 5.1214E+01 
 5.1360E+01 
 5.1515E+01 
 5.1655E+01 
 5.1813E+01 
 5.1954E+01 
 5.2114E+01 
 5.2257E+01 
 5.2416E+01 
 5.2567E+01 
 5.2703E+01 
 5.2940E+01 
 5.2718E+01 
 5.4191E+01 
 4.8764E+01 
 6.8138E+01 
END