   1.0094154e-02   9.8470231e-03   1.1857646e-02   1.3538944e-02   4.0033883e+00   1.5626316e+00   6.6497981e+00   4.6461964e+00   9.9999702e-01   9.9993010e-01
   3.0322579e-02   2.9540630e-02   1.1860441e-02   1.3538939e-02   3.9776079e+00   1.5627296e+00   6.6143979e+00   4.6419719e+00   8.8534925e-01   1.0003441e+00
   5.0610814e-02   4.9233277e-02   1.1873826e-02   1.3538889e-02   3.9269177e+00   1.5617806e+00   6.5789921e+00   4.6404484e+00   8.5538203e-01   1.0009274e+00
   7.0943487e-02   6.8924619e-02   1.1895016e-02   1.3538738e-02   3.8533415e+00   1.5602905e+00   6.5435846e+00   4.6433013e+00   8.4154342e-01   1.0017168e+00
   9.1297831e-02   8.8614592e-02   1.1926946e-02   1.3538400e-02   3.7599135e+00   1.5584571e+00   6.5081805e+00   4.6546829e+00   8.3411974e-01   1.0027228e+00
   1.1165687e-01   1.0830344e-01   1.1967832e-02   1.3537766e-02   3.6504174e+00   1.5564361e+00   6.4727859e+00   4.6793355e+00   8.3013562e-01   1.0039493e+00
   1.3200941e-01   1.2799168e-01   1.2018178e-02   1.3536701e-02   3.5289630e+00   1.5543917e+00   6.4374081e+00   4.7216646e+00   8.2829990e-01   1.0053987e+00
   1.5234815e-01   1.4768003e-01   1.2077210e-02   1.3535048e-02   3.3995244e+00   1.5525056e+00   6.4020549e+00   4.7847527e+00   8.2790717e-01   1.0070728e+00
   1.7266834e-01   1.6736926e-01   1.2144594e-02   1.3532621e-02   3.2655467e+00   1.5509756e+00   6.3667349e+00   4.8692104e+00   8.2852173e-01   1.0089725e+00
   1.9296698e-01   1.8705996e-01   1.2219765e-02   1.3529211e-02   3.1297107e+00   1.5499654e+00   6.3314574e+00   4.9719760e+00   8.2988840e-01   1.0111017e+00
   2.1324138e-01   2.0675247e-01   1.2302187e-02   1.3524582e-02   2.9939226e+00   1.5495121e+00   6.2962315e+00   5.0866907e+00   8.3189754e-01   1.0134883e+00
   2.3348972e-01   2.2644671e-01   1.2391215e-02   1.3518459e-02   2.8594297e+00   1.5497453e+00   6.2610671e+00   5.2085525e+00   8.3455763e-01   1.0161509e+00
   2.5370964e-01   2.4614230e-01   1.2486062e-02   1.3510535e-02   2.7269629e+00   1.5507340e+00   6.2259738e+00   5.3327374e+00   8.3796543e-01   1.0191042e+00
   2.7389800e-01   2.6583802e-01   1.2585783e-02   1.3500469e-02   2.5968532e+00   1.5524443e+00   6.1909614e+00   5.4526867e+00   8.4227573e-01   1.0223583e+00
   2.9405061e-01   2.8553256e-01   1.2688751e-02   1.3487905e-02   2.4690902e+00   1.5542161e+00   6.1560392e+00   5.5600505e+00   8.4861218e-01   1.0258324e+00
   3.1416237e-01   3.0522433e-01   1.2792807e-02   1.3472528e-02   2.3509344e+00   1.5569868e+00   6.1212167e+00   5.6484874e+00   8.5651054e-01   1.0294045e+00
   3.3422800e-01   3.2491158e-01   1.2896007e-02   1.3454054e-02   2.2412347e+00   1.5604869e+00   6.0865028e+00   5.7161114e+00   8.6576123e-01   1.0330650e+00
   3.5424239e-01   3.4459249e-01   1.2996367e-02   1.3432134e-02   2.1390363e+00   1.5649505e+00   6.0519058e+00   5.7629221e+00   8.7629763e-01   1.0370131e+00
   3.7420101e-01   3.6426516e-01   1.3091856e-02   1.3406289e-02   2.0435386e+00   1.5707290e+00   6.0174338e+00   5.7911075e+00   8.8813174e-01   1.0413743e+00
   3.9409763e-01   3.8392790e-01   1.3180352e-02   1.3375984e-02   1.9540645e+00   1.5782959e+00   5.9830943e+00   5.8051109e+00   9.0131470e-01   1.0461042e+00
   4.1392715e-01   4.0357937e-01   1.3259654e-02   1.3340751e-02   1.8700371e+00   1.5880462e+00   5.9488944e+00   5.8103900e+00   9.1591754e-01   1.0510017e+00
   4.3368342e-01   4.2321872e-01   1.3327486e-02   1.3300195e-02   1.7909614e+00   1.5997797e+00   5.9148407e+00   5.8110666e+00   9.3201778e-01   1.0560421e+00
   4.5335978e-01   4.4284551e-01   1.3381524e-02   1.3253891e-02   1.7164110e+00   1.6134821e+00   5.8809393e+00   5.8109596e+00   9.4969167e-01   1.0612887e+00
   4.7294901e-01   4.6245960e-01   1.3419429e-02   1.3201358e-02   1.6460163e+00   1.6299361e+00   5.8471959e+00   5.8126587e+00   9.6901032e-01   1.0667972e+00
   4.9244342e-01   4.8206094e-01   1.3438885e-02   1.3142048e-02   1.5794560e+00   1.6499523e+00   5.8136159e+00   5.8176644e+00   9.9003788e-01   1.0726374e+00
   5.1183488e-01   5.0164982e-01   1.3437637e-02   1.3075399e-02   1.5164484e+00   1.6738497e+00   5.7802044e+00   5.8257519e+00   1.0128315e+00   1.0787242e+00
   5.3111496e-01   5.2122693e-01   1.3413529e-02   1.3000921e-02   1.4567458e+00   1.7019361e+00   5.7469662e+00   5.8356833e+00   1.0374421e+00   1.0849582e+00
   5.5027496e-01   5.4079373e-01   1.3364537e-02   1.2918200e-02   1.4001295e+00   1.7350279e+00   5.7139058e+00   5.8456289e+00   1.0639154e+00   1.0912191e+00
   5.6930604e-01   5.6035274e-01   1.3288797e-02   1.2826971e-02   1.3464042e+00   1.7751856e+00   5.6810275e+00   5.8537767e+00   1.0922938e+00   1.0972580e+00
   5.8819924e-01   5.7990795e-01   1.3184632e-02   1.2727306e-02   1.2953955e+00   1.8263402e+00   5.6483357e+00   5.8593553e+00   1.1226179e+00   1.1025673e+00
   6.0694557e-01   5.9946473e-01   1.3050567e-02   1.2619877e-02   1.2469456e+00   1.8959728e+00   5.6158342e+00   5.8661413e+00   1.1549284e+00   1.1064519e+00
   6.2553603e-01   6.1902876e-01   1.2885342e-02   1.2505988e-02   1.2009113e+00   1.9977970e+00   5.5835267e+00   5.8906442e+00   1.1892674e+00   1.1085624e+00
   6.4396169e-01   6.3860065e-01   1.2687921e-02   1.2386707e-02   1.1571612e+00   2.1528766e+00   5.5514170e+00   5.9758515e+00   1.2256804e+00   1.1105150e+00
   6.6221371e-01   6.5815689e-01   1.2457494e-02   1.2259046e-02   1.1155740e+00   2.3788713e+00   5.5195082e+00   6.1991889e+00   1.2642172e+00   1.1201412e+00
   6.8028335e-01   6.7759323e-01   1.2193478e-02   1.2106519e-02   1.0760350e+00   2.6436071e+00   5.4878034e+00   6.6215101e+00   1.3049337e+00   1.1598063e+00
   6.9816209e-01   6.9667749e-01   1.1895508e-02   1.1887469e-02   1.0384337e+00   2.7330493e+00   5.4563050e+00   7.0440569e+00   1.3478928e+00   1.2585542e+00
   7.1584157e-01   7.1523314e-01   1.1563437e-02   1.1579792e-02   1.0026570e+00   2.2036603e+00   5.4250145e+00   6.7844168e+00   1.3931650e+00   1.3679072e+00
   7.3331377e-01   7.3327799e-01   1.1197312e-02   1.1206086e-02   9.6858025e-01   1.4932045e+00   5.3939319e+00   6.0956347e+00   1.4408300e+00   1.4477135e+00
   7.5057102e-01   7.5089579e-01   1.0797404e-02   1.0790920e-02   9.3605196e-01   1.0354045e+00   5.3630544e+00   5.5525522e+00   1.4909785e+00   1.5041922e+00
   7.6760635e-01   7.6814461e-01   1.0364043e-02   1.0345710e-02   9.0487232e-01   8.4687626e-01   5.3323749e+00   5.2853590e+00   1.5437152e+00   1.5519645e+00
   7.8441387e-01   7.8506473e-01   9.8983779e-03   9.8736035e-03   8.7475913e-01   8.0676035e-01   5.3018786e+00   5.1830147e+00   1.5970986e+00   1.6005485e+00
   8.0098756e-01   8.0168751e-01   9.4016684e-03   9.3741271e-03   8.4507873e-01   8.0819966e-01   5.1876165e+00   5.1380568e+00   1.6532735e+00   1.6536669e+00
   8.1732037e-01   8.1803258e-01   8.8746194e-03   8.8463635e-03   8.1498932e-01   8.0403967e-01   5.0697619e+00   5.0682266e+00   1.7123443e+00   1.7116120e+00
   8.3340480e-01   8.3410958e-01   8.3182433e-03   8.2901276e-03   7.8355759e-01   7.8418616e-01   4.9444523e+00   4.9562256e+00   1.7744015e+00   1.7735851e+00
   8.4923217e-01   8.4991962e-01   7.7337634e-03   7.7060428e-03   7.4931730e-01   7.5176305e-01   4.8054236e+00   4.8135730e+00   1.8394795e+00   1.8391938e+00
   8.6479114e-01   8.6545625e-01   7.1225376e-03   7.0951959e-03   7.0983975e-01   7.1165691e-01   4.6420253e+00   4.6485394e+00   1.9086973e+00   1.9090171e+00
   8.8006282e-01   8.8070336e-01   6.4858834e-03   6.4589762e-03   6.6604659e-01   6.6788276e-01   4.4565905e+00   4.4669057e+00   1.9840783e+00   1.9843281e+00
   8.9503758e-01   8.9565193e-01   5.8246511e-03   5.7983959e-03   6.2200078e-01   6.2326590e-01   4.2647981e+00   4.2745179e+00   2.0664564e+00   2.0664393e+00
   9.0969207e-01   9.1027945e-01   5.1405182e-03   5.1151100e-03   5.7755019e-01   5.7840142e-01   4.0654213e+00   4.0740391e+00   2.1568930e+00   2.1566251e+00
   9.2400278e-01   9.2456183e-01   4.4354030e-03   4.4110315e-03   5.3251129e-01   5.3322841e-01   3.8569215e+00   3.8652148e+00   2.2567465e+00   2.2565375e+00
   9.3794175e-01   9.3846762e-01   3.7116877e-03   3.6885507e-03   4.8665947e-01   4.8741062e-01   3.6373366e+00   3.6460961e+00   2.3678078e+00   2.3688335e+00
   9.5145989e-01   9.5194110e-01   2.9732068e-03   2.9516068e-03   4.3970633e-01   4.4051172e-01   3.4040713e+00   3.4133336e+00   2.4924384e+00   2.4971735e+00
   9.6454496e-01   9.6496908e-01   2.2220217e-03   2.2018290e-03   3.9126485e-01   3.9198377e-01   3.1535619e+00   3.1620084e+00   2.6324856e+00   2.6423291e+00
   9.7714731e-01   9.7750257e-01   1.4635653e-03   1.4462452e-03   3.4074012e-01   3.4107232e-01   2.8804725e+00   2.8853340e+00   2.7896625e+00   2.7937000e+00
   9.8910125e-01   9.8937409e-01   7.0897879e-04   6.9462780e-04   2.8716806e-01   2.8705413e-01   2.5763169e+00   2.5775547e+00   2.9652797e+00   2.9924484e+00
   1.0000000e+00   1.0000000e+00   0.0000000e+00   0.0000000e+00   2.3108999e-01   2.3108999e-01   2.2388999e+00   2.2388999e+00   2.9902095e+00   3.0166916e+00
