 -TCV- #29475 t=1
 Param|Time  |  Value  |   Error
|-----|------|---------|--------
NB1              71       
AWALL            0.288          
ELONM            1.713          
TRICH            0.514         
AB               0.268       
RTOR             0.880  
ABC              0.223  
SHIFT    0.000   0.0202        
ELONG    0.000   1.713        
TRIAN    0.000   0.514        
UPDWN    0.000   0.000        
ABC              0.223  
ZMJ              1     
AMJ              2     
BTOR     0.000   1.449        
IPL      0.000   0.407        
IPL      0.000   0.407        
ZRD10            0.950        
ZRD30            29475        
ZRD6             1.000        
ZRD7             2        
ZRD8            0.00100        
ZRD9             0.600        
ZRD11   0.000   0.000        
ZRD12            1        
ZRD13            1.000        
ZRD14    0.000   1.328        
ZRD37            0.000        
ZRD38            0.000        
ZRD36            0.000        
ZRD39            0.000        
 

!Density boundary condition loading in time 
NAMEXP ZRD2  NTIMES 1 
 0.000 
 4.1030 
 

!Temperature boundary condition loading in time 
NAMEXP ZRD3 NTIMES 1 
 0.000 
 0.7096 
 

!Effective charge loading in time 
NAMEXP ZRD1 NTIMES 1 
 0.0000 
  3.2813 
 

!Minor radius on rhotcv 
POINTS 41    GRIDTYPE 13    NAMEXP CAR9   NTIMES 1 
 0.000 
 0.0000 
  0.0250 
  0.0500 
  0.0750 
  0.1000 
  0.1250 
  0.1500 
  0.1750 
  0.2000 
  0.2250 
  0.2500 
  0.2750 
  0.3000 
  0.3250 
  0.3500 
  0.3750 
  0.4000 
  0.4250 
  0.4500 
  0.4750 
  0.5000 
  0.5250 
  0.5500 
  0.5750 
  0.6000 
  0.6250 
  0.6500 
  0.6750 
  0.7000 
  0.7250 
  0.7500 
  0.7750 
  0.8000 
  0.8250 
  0.8500 
  0.8750 
  0.9000 
  0.9250 
  0.9500 
  0.9750 
  1.0000 
  0.0000 
 0.0049 
 0.0098 
 0.0146 
 0.0195 
 0.0243 
 0.0292 
 0.0342 
 0.0392 
 0.0444 
 0.0498 
 0.0551 
 0.0604 
 0.0658 
 0.0712 
 0.0763 
 0.0815 
 0.0870 
 0.0923 
 0.0976 
 0.1030 
 0.1083 
 0.1139 
 0.1193 
 0.1248 
 0.1302 
 0.1360 
 0.1416 
 0.1472 
 0.1530 
 0.1589 
 0.1647 
 0.1707 
 0.1768 
 0.1830 
 0.1893 
 0.1957 
 0.2023 
 0.2091 
 0.2161 
 0.2233 
 

!Electron density loading on rhovol variable 
POINTS 41    GRIDTYPE 11    NAMEXP NE   NTIMES 1 
 0.000 
 0.0000 
  0.0049 
  0.0098 
  0.0146 
  0.0195 
  0.0243 
  0.0292 
  0.0342 
  0.0392 
  0.0444 
  0.0498 
  0.0551 
  0.0604 
  0.0658 
  0.0712 
  0.0763 
  0.0815 
  0.0870 
  0.0923 
  0.0976 
  0.1030 
  0.1083 
  0.1139 
  0.1193 
  0.1248 
  0.1302 
  0.1360 
  0.1416 
  0.1472 
  0.1530 
  0.1589 
  0.1647 
  0.1707 
  0.1768 
  0.1830 
  0.1893 
  0.1957 
  0.2023 
  0.2091 
  0.2161 
  0.2233 
  6.9790 
 6.9969 
 7.0245 
 7.0677 
 7.1277 
 7.2022 
 7.2866 
 7.3741 
 7.4573 
 7.5307 
 7.5920 
 7.6404 
 7.6758 
 7.6983 
 7.7084 
 7.7072 
 7.6962 
 7.6772 
 7.6520 
 7.6217 
 7.5869 
 7.5470 
 7.5006 
 7.4463 
 7.3823 
 7.3068 
 7.2172 
 7.1105 
 6.9832 
 6.8319 
 6.6525 
 6.4401 
 6.1885 
 5.8912 
 5.5411 
 5.1304 
 4.6509 
 4.0944 
 3.4574 
 2.7500 
 2.0018 
 

!Electron temperature loading on rhotcv variable 
POINTS 41    GRIDTYPE 11    NAMEXP TE   NTIMES 1 
 0.000 
 0.0000 
  0.0049 
  0.0098 
  0.0146 
  0.0195 
  0.0243 
  0.0292 
  0.0342 
  0.0392 
  0.0444 
  0.0498 
  0.0551 
  0.0604 
  0.0658 
  0.0712 
  0.0763 
  0.0815 
  0.0870 
  0.0923 
  0.0976 
  0.1030 
  0.1083 
  0.1139 
  0.1193 
  0.1248 
  0.1302 
  0.1360 
  0.1416 
  0.1472 
  0.1530 
  0.1589 
  0.1647 
  0.1707 
  0.1768 
  0.1830 
  0.1893 
  0.1957 
  0.2023 
  0.2091 
  0.2161 
  0.2233 
  2.5258 
 2.5241 
 2.5215 
 2.5177 
 2.5132 
 2.5090 
 2.5058 
 2.5034 
 2.5008 
 2.4965 
 2.4891 
 2.4773 
 2.4599 
 2.4358 
 2.4046 
 2.3662 
 2.3210 
 2.2697 
 2.2128 
 2.1508 
 2.0843 
 2.0141 
 1.9410 
 1.8658 
 1.7893 
 1.7122 
 1.6348 
 1.5574 
 1.4799 
 1.4023 
 1.3245 
 1.2460 
 1.1660 
 1.0837 
 0.9979 
 0.9075 
 0.8115 
 0.7087 
 0.5984 
 0.4814 
 0.3604 
 

!Ion temperature loading on rhovol variable 
POINTS 41    GRIDTYPE 11    NAMEXP TI   NTIMES 1 
 0.000 
 0.0000 
  0.0049 
  0.0098 
  0.0146 
  0.0195 
  0.0243 
  0.0292 
  0.0342 
  0.0392 
  0.0444 
  0.0498 
  0.0551 
  0.0604 
  0.0658 
  0.0712 
  0.0763 
  0.0815 
  0.0870 
  0.0923 
  0.0976 
  0.1030 
  0.1083 
  0.1139 
  0.1193 
  0.1248 
  0.1302 
  0.1360 
  0.1416 
  0.1472 
  0.1530 
  0.1589 
  0.1647 
  0.1707 
  0.1768 
  0.1830 
  0.1893 
  0.1957 
  0.2023 
  0.2091 
  0.2161 
  0.2233 
  0.8419 
 0.8539 
 0.8658 
 0.8776 
 0.8894 
 0.9018 
 0.9150 
 0.9292 
 0.9442 
 0.9595 
 0.9745 
 0.9884 
 1.0002 
 1.0103 
 1.0180 
 1.0214 
 1.0226 
 1.0220 
 1.0182 
 1.0118 
 1.0034 
 0.9923 
 0.9803 
 0.9662 
 0.9504 
 0.9339 
 0.9175 
 0.8992 
 0.8799 
 0.8603 
 0.8399 
 0.8171 
 0.7924 
 0.7649 
 0.7331 
 0.6955 
 0.6507 
 0.5965 
 0.5308 
 0.4522 
 0.3604 
POINTS 101    GRIDTYPE 13   NAMEXP CAR15   NTIMES 1 
 0.000 
 0.0000 
  0.0100 
  0.0200 
  0.0300 
  0.0400 
  0.0500 
  0.0600 
  0.0700 
  0.0800 
  0.0900 
  0.1000 
  0.1100 
  0.1200 
  0.1300 
  0.1400 
  0.1500 
  0.1600 
  0.1700 
  0.1800 
  0.1900 
  0.2000 
  0.2100 
  0.2200 
  0.2300 
  0.2400 
  0.2500 
  0.2600 
  0.2700 
  0.2800 
  0.2900 
  0.3000 
  0.3100 
  0.3200 
  0.3300 
  0.3400 
  0.3500 
  0.3600 
  0.3700 
  0.3800 
  0.3900 
  0.4000 
  0.4100 
  0.4200 
  0.4300 
  0.4400 
  0.4500 
  0.4600 
  0.4700 
  0.4800 
  0.4900 
  0.5000 
  0.5100 
  0.5200 
  0.5300 
  0.5400 
  0.5500 
  0.5600 
  0.5700 
  0.5800 
  0.5900 
  0.6000 
  0.6100 
  0.6200 
  0.6300 
  0.6400 
  0.6500 
  0.6600 
  0.6700 
  0.6800 
  0.6900 
  0.7000 
  0.7100 
  0.7200 
  0.7300 
  0.7400 
  0.7500 
  0.7600 
  0.7700 
  0.7800 
  0.7900 
  0.8000 
  0.8100 
  0.8200 
  0.8300 
  0.8400 
  0.8500 
  0.8600 
  0.8700 
  0.8800 
  0.8900 
  0.9000 
  0.9100 
  0.9200 
  0.9300 
  0.9400 
  0.9500 
  0.9600 
  0.9700 
  0.9800 
  0.9900 
  1.0000 
  1.0000 
 1.0000 
 1.0000 
 1.0000 
 1.0000 
 1.0000 
 1.0000 
 1.0000 
 1.0000 
 1.0000 
 1.0000 
 1.0000 
 1.0000 
 1.0000 
 1.0000 
 1.0000 
 1.0000 
 1.0000 
 1.0000 
 1.0000 
 1.0000 
 1.0000 
 1.0000 
 1.0000 
 1.0000 
 1.0000 
 1.0000 
 1.0000 
 1.0000 
 1.0000 
 1.0000 
 1.0000 
 1.0000 
 1.0000 
 1.0000 
 1.0000 
 1.0000 
 1.0000 
 1.0000 
 1.0000 
 1.0000 
 1.0000 
 1.0000 
 1.0000 
 1.0000 
 1.0000 
 1.0000 
 1.0000 
 1.0000 
 1.0000 
 1.0000 
 1.0000 
 1.0000 
 1.0000 
 1.0000 
 1.0000 
 1.0000 
 1.0000 
 1.0000 
 1.0000 
 1.0000 
 1.0000 
 1.0000 
 1.0000 
 1.0000 
 1.0000 
 1.0000 
 1.0000 
 1.0000 
 1.0000 
 0.0000 
 0.0000 
 0.0000 
 0.0000 
 0.0000 
 0.0000 
 0.0000 
 0.0000 
 0.0000 
 0.0000 
 0.0000 
 0.0000 
 0.0000 
 0.0000 
 0.0000 
 0.0000 
 0.0000 
 0.0000 
 0.0000 
 0.0000 
 0.0000 
 0.0000 
 0.0000 
 0.0000 
 0.0000 
 0.0000 
 0.0000 
 0.0000 
 0.0000 
 0.0000 
 0.0000 
 

!Exp Chi_e loading on rhotcv variable 
POINTS 41    GRIDTYPE 11   NAMEXP CAR5   NTIMES 1 
 0.000 
 0.0000 
  0.0049 
  0.0098 
  0.0146 
  0.0195 
  0.0243 
  0.0292 
  0.0342 
  0.0392 
  0.0444 
  0.0498 
  0.0551 
  0.0604 
  0.0658 
  0.0712 
  0.0763 
  0.0815 
  0.0870 
  0.0923 
  0.0976 
  0.1030 
  0.1083 
  0.1139 
  0.1193 
  0.1248 
  0.1302 
  0.1360 
  0.1416 
  0.1472 
  0.1530 
  0.1589 
  0.1647 
  0.1707 
  0.1768 
  0.1830 
  0.1893 
  0.1957 
  0.2023 
  0.2091 
  0.2161 
  0.2233 
  0.0000 
 39.8310 
 16.3407 
 13.6835 
 14.2276 
 18.5965 
 32.8752 
 44.9980 
 26.7050 
 14.7367 
 8.9798 
 5.9652 
 4.2310 
 3.1662 
 2.5327 
 2.1492 
 1.8917 
 1.7101 
 1.5756 
 1.4724 
 1.3954 
 1.3392 
 1.2989 
 1.2727 
 1.2592 
 1.2549 
 1.2531 
 1.2516 
 1.2523 
 1.2570 
 1.2650 
 1.2689 
 1.2669 
 1.2637 
 1.2644 
 1.2756 
 1.3092 
 1.3727 
 1.5223 
 1.7319 
 2.6475 
 

!Exp D_n loading on rhotcv variable 
POINTS 40    GRIDTYPE 11   NAMEXP CAR16   NTIMES 1 
 0.000 
 0.0000 
  0.0049 
  0.0098 
  0.0146 
  0.0195 
  0.0243 
  0.0292 
  0.0342 
  0.0392 
  0.0444 
  0.0498 
  0.0551 
  0.0604 
  0.0658 
  0.0712 
  0.0763 
  0.0815 
  0.0870 
  0.0923 
  0.0976 
  0.1030 
  0.1083 
  0.1139 
  0.1193 
  0.1248 
  0.1302 
  0.1360 
  0.1416 
  0.1472 
  0.1530 
  0.1589 
  0.1647 
  0.1707 
  0.1768 
  0.1830 
  0.1893 
  0.1957 
  0.2023 
  0.2091 
  0.2161 
  0.2233 
  0.0000 
 0.0000 
 0.0000 
 0.0000 
 0.0000 
 0.0000 
 0.0000 
 0.0000 
 0.0000 
 0.0000 
 0.0000 
 0.0000 
 0.0000 
 0.0000 
 0.0000 
 0.0000 
 0.0000 
 0.0000 
 0.0000 
 0.0000 
 0.0000 
 0.0000 
 0.0000 
 0.0000 
 0.0000 
 0.0000 
 0.0000 
 0.0000 
 0.0000 
 0.0000 
 0.0000 
 0.0000 
 0.0000 
 0.0000 
 0.0000 
 0.0000 
 0.0000 
 0.0000 
 0.0000 
 0.0000 
 0.0000 
 

!Exp V_n loading on rhotcv variable 
POINTS 40    GRIDTYPE 11   NAMEXP CAR8   NTIMES 1 
 0.000 
 0.0000 
  0.0049 
  0.0098 
  0.0146 
  0.0195 
  0.0243 
  0.0292 
  0.0342 
  0.0392 
  0.0444 
  0.0498 
  0.0551 
  0.0604 
  0.0658 
  0.0712 
  0.0763 
  0.0815 
  0.0870 
  0.0923 
  0.0976 
  0.1030 
  0.1083 
  0.1139 
  0.1193 
  0.1248 
  0.1302 
  0.1360 
  0.1416 
  0.1472 
  0.1530 
  0.1589 
  0.1647 
  0.1707 
  0.1768 
  0.1830 
  0.1893 
  0.1957 
  0.2023 
  0.2091 
  0.2161 
  0.2233 
  0.0000 
 0.0000 
 0.0000 
 0.0000 
 0.0000 
 0.0000 
 0.0000 
 0.0000 
 0.0000 
 0.0000 
 0.0000 
 0.0000 
 0.0000 
 0.0000 
 0.0000 
 0.0000 
 0.0000 
 0.0000 
 0.0000 
 0.0000 
 0.0000 
 0.0000 
 0.0000 
 0.0000 
 0.0000 
 0.0000 
 0.0000 
 0.0000 
 0.0000 
 0.0000 
 0.0000 
 0.0000 
 0.0000 
 0.0000 
 0.0000 
 0.0000 
 0.0000 
 0.0000 
 0.0000 
 0.0000 
 0.0000 
 

!q-profile loading 
POINTS 41  GRIDTYPE  13  NAMEXP MU   NTIMES 1 
 0.000 
 0.0000 
  0.1581 
  0.2236 
  0.2739 
  0.3162 
  0.3536 
  0.3873 
  0.4183 
  0.4472 
  0.4743 
  0.5000 
  0.5244 
  0.5477 
  0.5701 
  0.5916 
  0.6124 
  0.6325 
  0.6519 
  0.6708 
  0.6892 
  0.7071 
  0.7246 
  0.7416 
  0.7583 
  0.7746 
  0.7906 
  0.8062 
  0.8216 
  0.8367 
  0.8515 
  0.8660 
  0.8803 
  0.8944 
  0.9083 
  0.9220 
  0.9354 
  0.9487 
  0.9618 
  0.9747 
  0.9874 
  1.0000 
  1.0654 
 1.0544 
 1.0436 
 1.0330 
 1.0225 
 1.0121 
 1.0018 
 0.9916 
 0.9813 
 0.9710 
 0.9605 
 0.9499 
 0.9390 
 0.9278 
 0.9162 
 0.9040 
 0.8913 
 0.8777 
 0.8633 
 0.8480 
 0.8315 
 0.8138 
 0.7947 
 0.7744 
 0.7526 
 0.7294 
 0.7050 
 0.6794 
 0.6527 
 0.6254 
 0.5975 
 0.5695 
 0.5415 
 0.5141 
 0.4873 
 0.4616 
 0.4371 
 0.4141 
 0.3926 
 0.3728 
 0.3548 
 

!Cd1 loading on rhovol variable 
POINTS 41    GRIDTYPE 11    NAMEXP CAR13   NTIMES 1 
 0.000 
 0.0000 
  0.0049 
  0.0098 
  0.0146 
  0.0195 
  0.0243 
  0.0292 
  0.0342 
  0.0392 
  0.0444 
  0.0498 
  0.0551 
  0.0604 
  0.0658 
  0.0712 
  0.0763 
  0.0815 
  0.0870 
  0.0923 
  0.0976 
  0.1030 
  0.1083 
  0.1139 
  0.1193 
  0.1248 
  0.1302 
  0.1360 
  0.1416 
  0.1472 
  0.1530 
  0.1589 
  0.1647 
  0.1707 
  0.1768 
  0.1830 
  0.1893 
  0.1957 
  0.2023 
  0.2091 
  0.2161 
  0.2233 
  1.0000 
 0.9976 
 0.9904 
 0.9788 
 0.9629 
 0.9427 
 0.9183 
 0.8898 
 0.8573 
 0.8208 
 0.7806 
 0.7381 
 0.6946 
 0.6488 
 0.6021 
 0.5586 
 0.5144 
 0.4692 
 0.4264 
 0.3857 
 0.3459 
 0.3093 
 0.2734 
 0.2407 
 0.2109 
 0.1833 
 0.1573 
 0.1347 
 0.1147 
 0.0964 
 0.0801 
 0.0664 
 0.0543 
 0.0439 
 0.0352 
 0.0278 
 0.0217 
 0.0167 
 0.0126 
 0.0094 
 0.0068 
 

!Cd2 loading on rhovol variable 
POINTS 41    GRIDTYPE 11    NAMEXP CAR14   NTIMES 1 
 0.000 
 0.0000 
  0.0049 
  0.0098 
  0.0146 
  0.0195 
  0.0243 
  0.0292 
  0.0342 
  0.0392 
  0.0444 
  0.0498 
  0.0551 
  0.0604 
  0.0658 
  0.0712 
  0.0763 
  0.0815 
  0.0870 
  0.0923 
  0.0976 
  0.1030 
  0.1083 
  0.1139 
  0.1193 
  0.1248 
  0.1302 
  0.1360 
  0.1416 
  0.1472 
  0.1530 
  0.1589 
  0.1647 
  0.1707 
  0.1768 
  0.1830 
  0.1893 
  0.1957 
  0.2023 
  0.2091 
  0.2161 
  0.2233 
  1.0000 
 0.9976 
 0.9904 
 0.9788 
 0.9629 
 0.9427 
 0.9183 
 0.8898 
 0.8573 
 0.8208 
 0.7806 
 0.7381 
 0.6946 
 0.6488 
 0.6021 
 0.5586 
 0.5144 
 0.4692 
 0.4264 
 0.3857 
 0.3459 
 0.3093 
 0.2734 
 0.2407 
 0.2109 
 0.1833 
 0.1573 
 0.1347 
 0.1147 
 0.0964 
 0.0801 
 0.0664 
 0.0543 
 0.0439 
 0.0352 
 0.0278 
 0.0217 
 0.0167 
 0.0126 
 0.0094 
 0.0068 
 

!ECRH power from toray 
POINTS 41    GRIDTYPE 11    NAMEXP CAR4   NTIMES 1 
 0.000 
 0.0000 
  0.0049 
  0.0098 
  0.0146 
  0.0195 
  0.0243 
  0.0292 
  0.0342 
  0.0392 
  0.0444 
  0.0498 
  0.0551 
  0.0604 
  0.0658 
  0.0712 
  0.0763 
  0.0815 
  0.0870 
  0.0923 
  0.0976 
  0.1030 
  0.1083 
  0.1139 
  0.1193 
  0.1248 
  0.1302 
  0.1360 
  0.1416 
  0.1472 
  0.1530 
  0.1589 
  0.1647 
  0.1707 
  0.1768 
  0.1830 
  0.1893 
  0.1957 
  0.2023 
  0.2091 
  0.2161 
  0.2233 
  13.7953 
 13.7953 
 10.5809 
 11.7722 
 8.2384 
 6.6157 
 5.4562 
 4.6541 
 4.1310 
 3.7437 
 3.4379 
 3.1859 
 2.9704 
 2.7841 
 2.6125 
 2.4425 
 2.2706 
 2.0984 
 1.9259 
 1.7517 
 1.5713 
 1.3886 
 1.2150 
 1.0503 
 0.8916 
 0.7508 
 0.6275 
 0.5148 
 0.4248 
 0.3455 
 0.2860 
 0.2370 
 0.1945 
 0.1557 
 0.1209 
 0.0933 
 0.0710 
 0.0501 
 0.0308 
 0.0164 
 0.0066 
 

!JCD from toray 
POINTS 41    GRIDTYPE 11    NAMEXP CAR6   NTIMES 1
 0.000 
 0.0000 
  0.0049 
  0.0098 
  0.0146 
  0.0195 
  0.0243 
  0.0292 
  0.0342 
  0.0392 
  0.0444 
  0.0498 
  0.0551 
  0.0604 
  0.0658 
  0.0712 
  0.0763 
  0.0815 
  0.0870 
  0.0923 
  0.0976 
  0.1030 
  0.1083 
  0.1139 
  0.1193 
  0.1248 
  0.1302 
  0.1360 
  0.1416 
  0.1472 
  0.1530 
  0.1589 
  0.1647 
  0.1707 
  0.1768 
  0.1830 
  0.1893 
  0.1957 
  0.2023 
  0.2091 
  0.2161 
  0.2233 
  0.0000 
 0.0000 
 0.0000 
 0.0000 
 0.0000 
 0.0000 
 0.0000 
 0.0000 
 0.0000 
 0.0000 
 0.0000 
 0.0000 
 0.0000 
 0.0000 
 0.0000 
 0.0000 
 0.0000 
 0.0000 
 0.0000 
 0.0000 
 0.0000 
 0.0000 
 0.0000 
 0.0000 
 0.0000 
 0.0000 
 0.0000 
 0.0000 
 0.0000 
 0.0000 
 0.0000 
 0.0000 
 0.0000 
 0.0000 
 0.0000 
 0.0000 
 0.0000 
 0.0000 
 0.0000 
 0.0000 
 0.0000 
 

!Ecrh1 loading on rhovol variable 
POINTS 41    GRIDTYPE 11    NAMEXP CAR11   NTIMES 1 
 0.000 
 0.0000 
  0.0049 
  0.0098 
  0.0146 
  0.0195 
  0.0243 
  0.0292 
  0.0342 
  0.0392 
  0.0444 
  0.0498 
  0.0551 
  0.0604 
  0.0658 
  0.0712 
  0.0763 
  0.0815 
  0.0870 
  0.0923 
  0.0976 
  0.1030 
  0.1083 
  0.1139 
  0.1193 
  0.1248 
  0.1302 
  0.1360 
  0.1416 
  0.1472 
  0.1530 
  0.1589 
  0.1647 
  0.1707 
  0.1768 
  0.1830 
  0.1893 
  0.1957 
  0.2023 
  0.2091 
  0.2161 
  0.2233 
  1.0000 
 0.9976 
 0.9904 
 0.9788 
 0.9629 
 0.9427 
 0.9183 
 0.8898 
 0.8573 
 0.8208 
 0.7806 
 0.7381 
 0.6946 
 0.6488 
 0.6021 
 0.5586 
 0.5144 
 0.4692 
 0.4264 
 0.3857 
 0.3459 
 0.3093 
 0.2734 
 0.2407 
 0.2109 
 0.1833 
 0.1573 
 0.1347 
 0.1147 
 0.0964 
 0.0801 
 0.0664 
 0.0543 
 0.0439 
 0.0352 
 0.0278 
 0.0217 
 0.0167 
 0.0126 
 0.0094 
 0.0068 
 

!Ecrh2 loading on rhovol variable 
POINTS 41    GRIDTYPE 11    NAMEXP CAR12   NTIMES 1 
 0.000 
 0.0000 
  0.0049 
  0.0098 
  0.0146 
  0.0195 
  0.0243 
  0.0292 
  0.0342 
  0.0392 
  0.0444 
  0.0498 
  0.0551 
  0.0604 
  0.0658 
  0.0712 
  0.0763 
  0.0815 
  0.0870 
  0.0923 
  0.0976 
  0.1030 
  0.1083 
  0.1139 
  0.1193 
  0.1248 
  0.1302 
  0.1360 
  0.1416 
  0.1472 
  0.1530 
  0.1589 
  0.1647 
  0.1707 
  0.1768 
  0.1830 
  0.1893 
  0.1957 
  0.2023 
  0.2091 
  0.2161 
  0.2233 
  1.0000 
 0.9976 
 0.9904 
 0.9788 
 0.9629 
 0.9427 
 0.9183 
 0.8898 
 0.8573 
 0.8208 
 0.7806 
 0.7381 
 0.6946 
 0.6488 
 0.6021 
 0.5586 
 0.5144 
 0.4692 
 0.4264 
 0.3857 
 0.3459 
 0.3093 
 0.2734 
 0.2407 
 0.2109 
 0.1833 
 0.1573 
 0.1347 
 0.1147 
 0.0964 
 0.0801 
 0.0664 
 0.0543 
 0.0439 
 0.0352 
 0.0278 
 0.0217 
 0.0167 
 0.0126 
 0.0094 
 0.0068 

