 -TCV- #35928 t=1.35
 Param|Time  |  Value  |   Error
|-----|------|---------|--------
NB1              71       
AWALL            0.290          
ELONM            1.359          
TRICH            0.319         
AB               0.270       
RTOR             0.880  
ABC              0.225  
SHIFT    0.000   -0.0242        
ELONG    0.000   1.359        
TRIAN    0.000   0.319        
UPDWN    0.000   0.007        
ABC              0.225  
ZMJ              1     
AMJ              2     
BTOR     0.000   -1.448        
IPL      0.000   -0.343        
IPL      0.000   -0.343        
ZRD10            1.000        
ZRD30            35928        
ZRD6             1.000        
ZRD7             2        
ZRD8            0.00100        
ZRD9             0.600        
ZRD11   0.000   0.000        
ZRD12            1        
ZRD13            1.350        
ZRD14    0.000   0.000        
ZRD37            0.000        
ZRD38            0.000        
ZRD36            0.000        
ZRD39            0.000        
 

!Density boundary condition loading in time 
NAMEXP ZRD2  NTIMES 1 
 0.000 
 3.4746 
 

!Temperature boundary condition loading in time 
NAMEXP ZRD3 NTIMES 1 
 0.000 
 0.0827 
 

!Effective charge loading in time 
NAMEXP ZRD1 NTIMES 1 
 0.0000 
  3.0000 
 

!Minor radius on rhotcv 
POINTS 41    GRIDTYPE 13    NAMEXP CAR9   NTIMES 1 
 0.000 
 0.0000 
  0.0250 
  0.0500 
  0.0750 
  0.1000 
  0.1250 
  0.1500 
  0.1750 
  0.2000 
  0.2250 
  0.2500 
  0.2750 
  0.3000 
  0.3250 
  0.3500 
  0.3750 
  0.4000 
  0.4250 
  0.4500 
  0.4750 
  0.5000 
  0.5250 
  0.5500 
  0.5750 
  0.6000 
  0.6250 
  0.6500 
  0.6750 
  0.7000 
  0.7250 
  0.7500 
  0.7750 
  0.8000 
  0.8250 
  0.8500 
  0.8750 
  0.9000 
  0.9250 
  0.9500 
  0.9750 
  1.0000 
  0.0000 
 0.0038 
 0.0077 
 0.0119 
 0.0163 
 0.0208 
 0.0254 
 0.0301 
 0.0349 
 0.0397 
 0.0444 
 0.0490 
 0.0538 
 0.0587 
 0.0635 
 0.0682 
 0.0732 
 0.0782 
 0.0832 
 0.0882 
 0.0934 
 0.0986 
 0.1039 
 0.1092 
 0.1148 
 0.1203 
 0.1259 
 0.1317 
 0.1377 
 0.1438 
 0.1500 
 0.1564 
 0.1629 
 0.1697 
 0.1767 
 0.1840 
 0.1915 
 0.1993 
 0.2075 
 0.2159 
 0.2250 
 

!Electron density loading on rhovol variable 
POINTS 41    GRIDTYPE 11    NAMEXP NE   NTIMES 1 
 0.000 
 0.0000 
  0.0038 
  0.0077 
  0.0119 
  0.0163 
  0.0208 
  0.0254 
  0.0301 
  0.0349 
  0.0397 
  0.0444 
  0.0490 
  0.0538 
  0.0587 
  0.0635 
  0.0682 
  0.0732 
  0.0782 
  0.0832 
  0.0882 
  0.0934 
  0.0986 
  0.1039 
  0.1092 
  0.1148 
  0.1203 
  0.1259 
  0.1317 
  0.1377 
  0.1438 
  0.1500 
  0.1564 
  0.1629 
  0.1697 
  0.1767 
  0.1840 
  0.1915 
  0.1993 
  0.2075 
  0.2159 
  0.2250 
  7.8811 
 7.8832 
 7.8864 
 7.8915 
 7.8988 
 7.9083 
 7.9201 
 7.9341 
 7.9506 
 7.9695 
 7.9905 
 8.0124 
 8.0324 
 8.0480 
 8.0590 
 8.0683 
 8.0784 
 8.0881 
 8.0917 
 8.0815 
 8.0518 
 8.0003 
 7.9265 
 7.8291 
 7.7043 
 7.5473 
 7.3564 
 7.1362 
 6.8969 
 6.6482 
 6.3929 
 6.1274 
 5.8476 
 5.5547 
 5.2552 
 4.9555 
 4.6580 
 4.3620 
 4.0664 
 3.7707 
 3.4747 
 

!Electron temperature loading on rhotcv variable 
POINTS 41    GRIDTYPE 11    NAMEXP TE   NTIMES 1 
 0.000 
 0.0000 
  0.0038 
  0.0077 
  0.0119 
  0.0163 
  0.0208 
  0.0254 
  0.0301 
  0.0349 
  0.0397 
  0.0444 
  0.0490 
  0.0538 
  0.0587 
  0.0635 
  0.0682 
  0.0732 
  0.0782 
  0.0832 
  0.0882 
  0.0934 
  0.0986 
  0.1039 
  0.1092 
  0.1148 
  0.1203 
  0.1259 
  0.1317 
  0.1377 
  0.1438 
  0.1500 
  0.1564 
  0.1629 
  0.1697 
  0.1767 
  0.1840 
  0.1915 
  0.1993 
  0.2075 
  0.2159 
  0.2250 
  0.7176 
 0.7179 
 0.7182 
 0.7189 
 0.7197 
 0.7209 
 0.7224 
 0.7241 
 0.7261 
 0.7283 
 0.7308 
 0.7339 
 0.7377 
 0.7425 
 0.7479 
 0.7531 
 0.7571 
 0.7586 
 0.7570 
 0.7517 
 0.7422 
 0.7283 
 0.7099 
 0.6870 
 0.6600 
 0.6294 
 0.5959 
 0.5603 
 0.5234 
 0.4861 
 0.4489 
 0.4122 
 0.3760 
 0.3402 
 0.3044 
 0.2684 
 0.2319 
 0.1950 
 0.1577 
 0.1203 
 0.0828 
 

!Ion temperature loading on rhovol variable 
POINTS 41    GRIDTYPE 11    NAMEXP TI   NTIMES 1 
 0.000 
 0.0000 
  0.0038 
  0.0077 
  0.0119 
  0.0163 
  0.0208 
  0.0254 
  0.0301 
  0.0349 
  0.0397 
  0.0444 
  0.0490 
  0.0538 
  0.0587 
  0.0635 
  0.0682 
  0.0732 
  0.0782 
  0.0832 
  0.0882 
  0.0934 
  0.0986 
  0.1039 
  0.1092 
  0.1148 
  0.1203 
  0.1259 
  0.1317 
  0.1377 
  0.1438 
  0.1500 
  0.1564 
  0.1629 
  0.1697 
  0.1767 
  0.1840 
  0.1915 
  0.1993 
  0.2075 
  0.2159 
  0.2250 
  0.3588 
 0.3620 
 0.3654 
 0.3692 
 0.3734 
 0.3779 
 0.3828 
 0.3880 
 0.3936 
 0.3994 
 0.4055 
 0.4118 
 0.4189 
 0.4269 
 0.4354 
 0.4439 
 0.4521 
 0.4591 
 0.4644 
 0.4674 
 0.4683 
 0.4664 
 0.4615 
 0.4536 
 0.4430 
 0.4295 
 0.4137 
 0.3961 
 0.3771 
 0.3572 
 0.3367 
 0.3159 
 0.2947 
 0.2731 
 0.2506 
 0.2270 
 0.2018 
 0.1750 
 0.1463 
 0.1156 
 0.0828 
POINTS 101    GRIDTYPE 13   NAMEXP CAR15   NTIMES 1 
 0.000 
 0.0000 
  0.0100 
  0.0200 
  0.0300 
  0.0400 
  0.0500 
  0.0600 
  0.0700 
  0.0800 
  0.0900 
  0.1000 
  0.1100 
  0.1200 
  0.1300 
  0.1400 
  0.1500 
  0.1600 
  0.1700 
  0.1800 
  0.1900 
  0.2000 
  0.2100 
  0.2200 
  0.2300 
  0.2400 
  0.2500 
  0.2600 
  0.2700 
  0.2800 
  0.2900 
  0.3000 
  0.3100 
  0.3200 
  0.3300 
  0.3400 
  0.3500 
  0.3600 
  0.3700 
  0.3800 
  0.3900 
  0.4000 
  0.4100 
  0.4200 
  0.4300 
  0.4400 
  0.4500 
  0.4600 
  0.4700 
  0.4800 
  0.4900 
  0.5000 
  0.5100 
  0.5200 
  0.5300 
  0.5400 
  0.5500 
  0.5600 
  0.5700 
  0.5800 
  0.5900 
  0.6000 
  0.6100 
  0.6200 
  0.6300 
  0.6400 
  0.6500 
  0.6600 
  0.6700 
  0.6800 
  0.6900 
  0.7000 
  0.7100 
  0.7200 
  0.7300 
  0.7400 
  0.7500 
  0.7600 
  0.7700 
  0.7800 
  0.7900 
  0.8000 
  0.8100 
  0.8200 
  0.8300 
  0.8400 
  0.8500 
  0.8600 
  0.8700 
  0.8800 
  0.8900 
  0.9000 
  0.9100 
  0.9200 
  0.9300 
  0.9400 
  0.9500 
  0.9600 
  0.9700 
  0.9800 
  0.9900 
  1.0000 
  1.0000 
 1.0000 
 1.0000 
 1.0000 
 1.0000 
 1.0000 
 1.0000 
 1.0000 
 1.0000 
 1.0000 
 1.0000 
 1.0000 
 1.0000 
 1.0000 
 1.0000 
 1.0000 
 1.0000 
 1.0000 
 1.0000 
 1.0000 
 1.0000 
 1.0000 
 1.0000 
 1.0000 
 1.0000 
 1.0000 
 1.0000 
 1.0000 
 1.0000 
 1.0000 
 1.0000 
 1.0000 
 1.0000 
 1.0000 
 1.0000 
 1.0000 
 1.0000 
 1.0000 
 1.0000 
 1.0000 
 1.0000 
 1.0000 
 1.0000 
 1.0000 
 1.0000 
 1.0000 
 1.0000 
 1.0000 
 1.0000 
 1.0000 
 1.0000 
 1.0000 
 1.0000 
 1.0000 
 1.0000 
 1.0000 
 1.0000 
 1.0000 
 1.0000 
 1.0000 
 1.0000 
 1.0000 
 1.0000 
 1.0000 
 1.0000 
 1.0000 
 1.0000 
 1.0000 
 1.0000 
 1.0000 
 0.0000 
 0.0000 
 0.0000 
 0.0000 
 0.0000 
 0.0000 
 0.0000 
 0.0000 
 0.0000 
 0.0000 
 0.0000 
 0.0000 
 0.0000 
 0.0000 
 0.0000 
 0.0000 
 0.0000 
 0.0000 
 0.0000 
 0.0000 
 0.0000 
 0.0000 
 0.0000 
 0.0000 
 0.0000 
 0.0000 
 0.0000 
 0.0000 
 0.0000 
 0.0000 
 0.0000 
 

!Exp Chi_e loading on rhotcv variable 
POINTS 41    GRIDTYPE 11   NAMEXP CAR5   NTIMES 1 
 0.000 
 0.0000 
  0.0038 
  0.0077 
  0.0119 
  0.0163 
  0.0208 
  0.0254 
  0.0301 
  0.0349 
  0.0397 
  0.0444 
  0.0490 
  0.0538 
  0.0587 
  0.0635 
  0.0682 
  0.0732 
  0.0782 
  0.0832 
  0.0882 
  0.0934 
  0.0986 
  0.1039 
  0.1092 
  0.1148 
  0.1203 
  0.1259 
  0.1317 
  0.1377 
  0.1438 
  0.1500 
  0.1564 
  0.1629 
  0.1697 
  0.1767 
  0.1840 
  0.1915 
  0.1993 
  0.2075 
  0.2159 
  0.2250 
  -0.0000 
 0.0010 
 0.0010 
 0.0010 
 0.0010 
 0.0010 
 0.0010 
 0.0010 
 0.0010 
 0.0010 
 0.0010 
 0.0010 
 0.0010 
 0.0010 
 0.0010 
 0.0010 
 0.0010 
 0.0010 
 3.5000 
 1.6915 
 1.1227 
 0.8568 
 0.7023 
 0.6093 
 0.5575 
 0.5312 
 0.5236 
 0.5333 
 0.5597 
 0.6006 
 0.6516 
 0.7133 
 0.7866 
 0.8637 
 0.9394 
 1.0170 
 1.1029 
 1.1973 
 1.3235 
 1.4362 
 1.7123 
 

!Exp D_n loading on rhotcv variable 
POINTS 40    GRIDTYPE 11   NAMEXP CAR16   NTIMES 1 
 0.000 
 0.0000 
  0.0038 
  0.0077 
  0.0119 
  0.0163 
  0.0208 
  0.0254 
  0.0301 
  0.0349 
  0.0397 
  0.0444 
  0.0490 
  0.0538 
  0.0587 
  0.0635 
  0.0682 
  0.0732 
  0.0782 
  0.0832 
  0.0882 
  0.0934 
  0.0986 
  0.1039 
  0.1092 
  0.1148 
  0.1203 
  0.1259 
  0.1317 
  0.1377 
  0.1438 
  0.1500 
  0.1564 
  0.1629 
  0.1697 
  0.1767 
  0.1840 
  0.1915 
  0.1993 
  0.2075 
  0.2159 
  0.2250 
  0.0000 
 0.0000 
 0.0000 
 0.0000 
 0.0000 
 0.0000 
 0.0000 
 0.0000 
 0.0000 
 0.0000 
 0.0000 
 0.0000 
 0.0000 
 0.0000 
 0.0000 
 0.0000 
 0.0000 
 0.0000 
 0.0000 
 0.0000 
 0.0000 
 0.0000 
 0.0000 
 0.0000 
 0.0000 
 0.0000 
 0.0000 
 0.0000 
 0.0000 
 0.0000 
 0.0000 
 0.0000 
 0.0000 
 0.0000 
 0.0000 
 0.0000 
 0.0000 
 0.0000 
 0.0000 
 0.0000 
 0.0000 
 

!Exp V_n loading on rhotcv variable 
POINTS 40    GRIDTYPE 11   NAMEXP CAR8   NTIMES 1 
 0.000 
 0.0000 
  0.0038 
  0.0077 
  0.0119 
  0.0163 
  0.0208 
  0.0254 
  0.0301 
  0.0349 
  0.0397 
  0.0444 
  0.0490 
  0.0538 
  0.0587 
  0.0635 
  0.0682 
  0.0732 
  0.0782 
  0.0832 
  0.0882 
  0.0934 
  0.0986 
  0.1039 
  0.1092 
  0.1148 
  0.1203 
  0.1259 
  0.1317 
  0.1377 
  0.1438 
  0.1500 
  0.1564 
  0.1629 
  0.1697 
  0.1767 
  0.1840 
  0.1915 
  0.1993 
  0.2075 
  0.2159 
  0.2250 
  0.0000 
 0.0000 
 0.0000 
 0.0000 
 0.0000 
 0.0000 
 0.0000 
 0.0000 
 0.0000 
 0.0000 
 0.0000 
 0.0000 
 0.0000 
 0.0000 
 0.0000 
 0.0000 
 0.0000 
 0.0000 
 0.0000 
 0.0000 
 0.0000 
 0.0000 
 0.0000 
 0.0000 
 0.0000 
 0.0000 
 0.0000 
 0.0000 
 0.0000 
 0.0000 
 0.0000 
 0.0000 
 0.0000 
 0.0000 
 0.0000 
 0.0000 
 0.0000 
 0.0000 
 0.0000 
 0.0000 
 0.0000 
 

!q-profile loading 
POINTS 51  GRIDTYPE  13  NAMEXP MU   NTIMES 1 
 0.000 
 0.0000 
  0.1414 
  0.2000 
  0.2449 
  0.2828 
  0.3162 
  0.3464 
  0.3742 
  0.4000 
  0.4243 
  0.4472 
  0.4690 
  0.4899 
  0.5099 
  0.5292 
  0.5477 
  0.5657 
  0.5831 
  0.6000 
  0.6164 
  0.6325 
  0.6481 
  0.6633 
  0.6782 
  0.6928 
  0.7071 
  0.7211 
  0.7348 
  0.7483 
  0.7616 
  0.7746 
  0.7874 
  0.8000 
  0.8124 
  0.8246 
  0.8367 
  0.8485 
  0.8602 
  0.8718 
  0.8832 
  0.8944 
  0.9055 
  0.9165 
  0.9274 
  0.9381 
  0.9487 
  0.9592 
  0.9695 
  0.9798 
  0.9899 
  1.0000 
  1.7311 
 1.6702 
 1.6225 
 1.5873 
 1.5609 
 1.5387 
 1.5177 
 1.4969 
 1.4755 
 1.4536 
 1.4311 
 1.4082 
 1.3847 
 1.3609 
 1.3368 
 1.3126 
 1.2883 
 1.2638 
 1.2393 
 1.2149 
 1.1904 
 1.1659 
 1.1413 
 1.1166 
 1.0918 
 1.0671 
 1.0424 
 1.0176 
 0.9928 
 0.9679 
 0.9430 
 0.9180 
 0.8930 
 0.8680 
 0.8430 
 0.8179 
 0.7928 
 0.7676 
 0.7423 
 0.7169 
 0.6913 
 0.6652 
 0.6386 
 0.6113 
 0.5833 
 0.5548 
 0.5258 
 0.4970 
 0.4689 
 0.4422 
 0.4177 
 

!Cd1 loading on rhovol variable 
POINTS 41    GRIDTYPE 11    NAMEXP CAR13   NTIMES 1 
 0.000 
 0.0000 
  0.0038 
  0.0077 
  0.0119 
  0.0163 
  0.0208 
  0.0254 
  0.0301 
  0.0349 
  0.0397 
  0.0444 
  0.0490 
  0.0538 
  0.0587 
  0.0635 
  0.0682 
  0.0732 
  0.0782 
  0.0832 
  0.0882 
  0.0934 
  0.0986 
  0.1039 
  0.1092 
  0.1148 
  0.1203 
  0.1259 
  0.1317 
  0.1377 
  0.1438 
  0.1500 
  0.1564 
  0.1629 
  0.1697 
  0.1767 
  0.1840 
  0.1915 
  0.1993 
  0.2075 
  0.2159 
  0.2250 
  1.0000 
 0.9986 
 0.9940 
 0.9859 
 0.9738 
 0.9577 
 0.9374 
 0.9131 
 0.8851 
 0.8539 
 0.8208 
 0.7865 
 0.7490 
 0.7087 
 0.6681 
 0.6278 
 0.5848 
 0.5427 
 0.5001 
 0.4595 
 0.4179 
 0.3781 
 0.3398 
 0.3035 
 0.2679 
 0.2351 
 0.2047 
 0.1763 
 0.1501 
 0.1266 
 0.1055 
 0.0867 
 0.0703 
 0.0561 
 0.0440 
 0.0339 
 0.0256 
 0.0189 
 0.0135 
 0.0094 
 0.0063 
 

!Cd2 loading on rhovol variable 
POINTS 41    GRIDTYPE 11    NAMEXP CAR14   NTIMES 1 
 0.000 
 0.0000 
  0.0038 
  0.0077 
  0.0119 
  0.0163 
  0.0208 
  0.0254 
  0.0301 
  0.0349 
  0.0397 
  0.0444 
  0.0490 
  0.0538 
  0.0587 
  0.0635 
  0.0682 
  0.0732 
  0.0782 
  0.0832 
  0.0882 
  0.0934 
  0.0986 
  0.1039 
  0.1092 
  0.1148 
  0.1203 
  0.1259 
  0.1317 
  0.1377 
  0.1438 
  0.1500 
  0.1564 
  0.1629 
  0.1697 
  0.1767 
  0.1840 
  0.1915 
  0.1993 
  0.2075 
  0.2159 
  0.2250 
  1.0000 
 0.9986 
 0.9940 
 0.9859 
 0.9738 
 0.9577 
 0.9374 
 0.9131 
 0.8851 
 0.8539 
 0.8208 
 0.7865 
 0.7490 
 0.7087 
 0.6681 
 0.6278 
 0.5848 
 0.5427 
 0.5001 
 0.4595 
 0.4179 
 0.3781 
 0.3398 
 0.3035 
 0.2679 
 0.2351 
 0.2047 
 0.1763 
 0.1501 
 0.1266 
 0.1055 
 0.0867 
 0.0703 
 0.0561 
 0.0440 
 0.0339 
 0.0256 
 0.0189 
 0.0135 
 0.0094 
 0.0063 
 

!ECRH power from toray 
POINTS 41    GRIDTYPE 11    NAMEXP CAR4   NTIMES 1 
 0.000 
 0.0000 
  0.0038 
  0.0077 
  0.0119 
  0.0163 
  0.0208 
  0.0254 
  0.0301 
  0.0349 
  0.0397 
  0.0444 
  0.0490 
  0.0538 
  0.0587 
  0.0635 
  0.0682 
  0.0732 
  0.0782 
  0.0832 
  0.0882 
  0.0934 
  0.0986 
  0.1039 
  0.1092 
  0.1148 
  0.1203 
  0.1259 
  0.1317 
  0.1377 
  0.1438 
  0.1500 
  0.1564 
  0.1629 
  0.1697 
  0.1767 
  0.1840 
  0.1915 
  0.1993 
  0.2075 
  0.2159 
  0.2250 
  0.0000 
 0.0000 
 0.0000 
 0.0000 
 0.0000 
 0.0000 
 0.0000 
 0.0000 
 0.0000 
 0.0000 
 0.0000 
 0.0000 
 0.0000 
 0.0000 
 0.0000 
 0.0000 
 0.0000 
 0.0000 
 0.0000 
 0.0000 
 0.0000 
 0.0000 
 0.0000 
 0.0000 
 0.0000 
 0.0000 
 0.0000 
 0.0000 
 0.0000 
 0.0000 
 0.0000 
 0.0000 
 0.0000 
 0.0000 
 0.0000 
 0.0000 
 0.0000 
 0.0000 
 0.0000 
 0.0000 
 0.0000 
 

!JCD from toray 
POINTS 41    GRIDTYPE 11    NAMEXP CAR6   NTIMES 1
 0.000 
 0.0000 
  0.0038 
  0.0077 
  0.0119 
  0.0163 
  0.0208 
  0.0254 
  0.0301 
  0.0349 
  0.0397 
  0.0444 
  0.0490 
  0.0538 
  0.0587 
  0.0635 
  0.0682 
  0.0732 
  0.0782 
  0.0832 
  0.0882 
  0.0934 
  0.0986 
  0.1039 
  0.1092 
  0.1148 
  0.1203 
  0.1259 
  0.1317 
  0.1377 
  0.1438 
  0.1500 
  0.1564 
  0.1629 
  0.1697 
  0.1767 
  0.1840 
  0.1915 
  0.1993 
  0.2075 
  0.2159 
  0.2250 
  0.0000 
 0.0000 
 0.0000 
 0.0000 
 0.0000 
 0.0000 
 0.0000 
 0.0000 
 0.0000 
 0.0000 
 0.0000 
 0.0000 
 0.0000 
 0.0000 
 0.0000 
 0.0000 
 0.0000 
 0.0000 
 0.0000 
 0.0000 
 0.0000 
 0.0000 
 0.0000 
 0.0000 
 0.0000 
 0.0000 
 0.0000 
 0.0000 
 0.0000 
 0.0000 
 0.0000 
 0.0000 
 0.0000 
 0.0000 
 0.0000 
 0.0000 
 0.0000 
 0.0000 
 0.0000 
 0.0000 
 0.0000 
 

!Ecrh1 loading on rhovol variable 
POINTS 41    GRIDTYPE 11    NAMEXP CAR11   NTIMES 1 
 0.000 
 0.0000 
  0.0038 
  0.0077 
  0.0119 
  0.0163 
  0.0208 
  0.0254 
  0.0301 
  0.0349 
  0.0397 
  0.0444 
  0.0490 
  0.0538 
  0.0587 
  0.0635 
  0.0682 
  0.0732 
  0.0782 
  0.0832 
  0.0882 
  0.0934 
  0.0986 
  0.1039 
  0.1092 
  0.1148 
  0.1203 
  0.1259 
  0.1317 
  0.1377 
  0.1438 
  0.1500 
  0.1564 
  0.1629 
  0.1697 
  0.1767 
  0.1840 
  0.1915 
  0.1993 
  0.2075 
  0.2159 
  0.2250 
  1.0000 
 0.9986 
 0.9940 
 0.9859 
 0.9738 
 0.9577 
 0.9374 
 0.9131 
 0.8851 
 0.8539 
 0.8208 
 0.7865 
 0.7490 
 0.7087 
 0.6681 
 0.6278 
 0.5848 
 0.5427 
 0.5001 
 0.4595 
 0.4179 
 0.3781 
 0.3398 
 0.3035 
 0.2679 
 0.2351 
 0.2047 
 0.1763 
 0.1501 
 0.1266 
 0.1055 
 0.0867 
 0.0703 
 0.0561 
 0.0440 
 0.0339 
 0.0256 
 0.0189 
 0.0135 
 0.0094 
 0.0063 
 

!Ecrh2 loading on rhovol variable 
POINTS 41    GRIDTYPE 11    NAMEXP CAR12   NTIMES 1 
 0.000 
 0.0000 
  0.0038 
  0.0077 
  0.0119 
  0.0163 
  0.0208 
  0.0254 
  0.0301 
  0.0349 
  0.0397 
  0.0444 
  0.0490 
  0.0538 
  0.0587 
  0.0635 
  0.0682 
  0.0732 
  0.0782 
  0.0832 
  0.0882 
  0.0934 
  0.0986 
  0.1039 
  0.1092 
  0.1148 
  0.1203 
  0.1259 
  0.1317 
  0.1377 
  0.1438 
  0.1500 
  0.1564 
  0.1629 
  0.1697 
  0.1767 
  0.1840 
  0.1915 
  0.1993 
  0.2075 
  0.2159 
  0.2250 
  1.0000 
 0.9986 
 0.9940 
 0.9859 
 0.9738 
 0.9577 
 0.9374 
 0.9131 
 0.8851 
 0.8539 
 0.8208 
 0.7865 
 0.7490 
 0.7087 
 0.6681 
 0.6278 
 0.5848 
 0.5427 
 0.5001 
 0.4595 
 0.4179 
 0.3781 
 0.3398 
 0.3035 
 0.2679 
 0.2351 
 0.2047 
 0.1763 
 0.1501 
 0.1266 
 0.1055 
 0.0867 
 0.0703 
 0.0561 
 0.0440 
 0.0339 
 0.0256 
 0.0189 
 0.0135 
 0.0094 
 0.0063 

