 -TCV- #36461 t0=0.5
 Param|Time  |  Value  |   Error
|-----|------|---------|--------
T_OFFSET          0.3000
TEND            2.3000
NB1             91.0000
AWALL           0.2800
AB              0.2600
RTOR            0.8800
ELONM           1.6000
TRICH           0.3000
ABC             0.1125
SHIFT           0.0100
ELONG           NaN
TRIAN           NaN
UPDWN           0.0000
ZMJ             1.0000
AMJ             2.0000
BTOR            1.4461
ZRD10           0.9800
ZRD30           36461.0000
ZRD6            0.1110
ZRD7            2.0000
ZRD8            0.0010
ZRD1            3.5000
ZRD3            0.3563
 

!Density boundary condition loading in time
NAMEXP ZRD2 NTIMES 1 
-2.0000E-01 
1.9650E-01 
 

!Ip from LIUQE [MA]
NAMEXP IPL NTIMES 29 
3.0000E-01 
3.5000E-01 
4.0000E-01 
4.5000E-01 
5.0000E-01 
5.5000E-01 
6.0000E-01 
6.5000E-01 
7.0000E-01 
7.5000E-01 
8.0000E-01 
8.5000E-01 
9.0000E-01 
9.5000E-01 
1.0000E+00 
1.0500E+00 
1.1000E+00 
1.1500E+00 
1.2000E+00 
1.2500E+00 
1.3000E+00 
1.3500E+00 
1.4000E+00 
1.4500E+00 
1.5000E+00 
1.5500E+00 
1.6000E+00 
1.6500E+00 
1.7000E+00 
2.5657E-01 
2.5680E-01 
2.5627E-01 
2.5651E-01 
2.5643E-01 
2.5555E-01 
2.5608E-01 
2.5598E-01 
2.5599E-01 
2.5629E-01 
2.5706E-01 
2.5649E-01 
2.5831E-01 
2.6007E-01 
2.6060E-01 
2.5991E-01 
2.6123E-01 
2.6075E-01 
2.6187E-01 
2.6105E-01 
2.6199E-01 
2.6171E-01 
2.6219E-01 
2.6187E-01 
2.6212E-01 
2.6241E-01 
2.6118E-01 
2.6850E-01 
2.6586E-01 


!Minor radius [m]
POINTS 51 GRIDTYPE 14 NAMEXP CAR9 NTIMES 1 
 0.0000E+00 
  0.0000E+00 
  2.0000E-02 
  4.0000E-02 
  6.0000E-02 
  8.0000E-02 
  1.0000E-01 
  1.2000E-01 
  1.4000E-01 
  1.6000E-01 
  1.8000E-01 
  2.0000E-01 
  2.2000E-01 
  2.4000E-01 
  2.6000E-01 
  2.8000E-01 
  3.0000E-01 
  3.2000E-01 
  3.4000E-01 
  3.6000E-01 
  3.8000E-01 
  4.0000E-01 
  4.2000E-01 
  4.4000E-01 
  4.6000E-01 
  4.8000E-01 
  5.0000E-01 
  5.2000E-01 
  5.4000E-01 
  5.6000E-01 
  5.8000E-01 
  6.0000E-01 
  6.2000E-01 
  6.4000E-01 
  6.6000E-01 
  6.8000E-01 
  7.0000E-01 
  7.2000E-01 
  7.4000E-01 
  7.6000E-01 
  7.8000E-01 
  8.0000E-01 
  8.2000E-01 
  8.4000E-01 
  8.6000E-01 
  8.8000E-01 
  9.0000E-01 
  9.2000E-01 
  9.4000E-01 
  9.6000E-01 
  9.8000E-01 
  1.0000E+00 
  0.0000E+00 
 5.2000E-03 
 1.0400E-02 
 1.5600E-02 
 2.0800E-02 
 2.6000E-02 
 3.1200E-02 
 3.6400E-02 
 4.1600E-02 
 4.6800E-02 
 5.2000E-02 
 5.7200E-02 
 6.2400E-02 
 6.7600E-02 
 7.2800E-02 
 7.8000E-02 
 8.3200E-02 
 8.8400E-02 
 9.3600E-02 
 9.8800E-02 
 1.0400E-01 
 1.0920E-01 
 1.1440E-01 
 1.1960E-01 
 1.2480E-01 
 1.3000E-01 
 1.3520E-01 
 1.4040E-01 
 1.4560E-01 
 1.5080E-01 
 1.5600E-01 
 1.6120E-01 
 1.6640E-01 
 1.7160E-01 
 1.7680E-01 
 1.8200E-01 
 1.8720E-01 
 1.9240E-01 
 1.9760E-01 
 2.0280E-01 
 2.0800E-01 
 2.1320E-01 
 2.1840E-01 
 2.2360E-01 
 2.2880E-01 
 2.3400E-01 
 2.3920E-01 
 2.4440E-01 
 2.4960E-01 
 2.5480E-01 
 2.6000E-01 


!initial mu from parabolic 1/q
POINTS 51 GRIDTYPE 14 NAMEXP MU NTIMES 1 
 0.0000E+00 
  0.0000E+00 
  2.0000E-02 
  4.0000E-02 
  6.0000E-02 
  8.0000E-02 
  1.0000E-01 
  1.2000E-01 
  1.4000E-01 
  1.6000E-01 
  1.8000E-01 
  2.0000E-01 
  2.2000E-01 
  2.4000E-01 
  2.6000E-01 
  2.8000E-01 
  3.0000E-01 
  3.2000E-01 
  3.4000E-01 
  3.6000E-01 
  3.8000E-01 
  4.0000E-01 
  4.2000E-01 
  4.4000E-01 
  4.6000E-01 
  4.8000E-01 
  5.0000E-01 
  5.2000E-01 
  5.4000E-01 
  5.6000E-01 
  5.8000E-01 
  6.0000E-01 
  6.2000E-01 
  6.4000E-01 
  6.6000E-01 
  6.8000E-01 
  7.0000E-01 
  7.2000E-01 
  7.4000E-01 
  7.6000E-01 
  7.8000E-01 
  8.0000E-01 
  8.2000E-01 
  8.4000E-01 
  8.6000E-01 
  8.8000E-01 
  9.0000E-01 
  9.2000E-01 
  9.4000E-01 
  9.6000E-01 
  9.8000E-01 
  1.0000E+00 
  5.0000E-01 
 4.9960E-01 
 4.9841E-01 
 4.9643E-01 
 4.9368E-01 
 4.9020E-01 
 4.8600E-01 
 4.8114E-01 
 4.7565E-01 
 4.6957E-01 
 4.6296E-01 
 4.5587E-01 
 4.4835E-01 
 4.4045E-01 
 4.3223E-01 
 4.2373E-01 
 4.1501E-01 
 4.0611E-01 
 3.9708E-01 
 3.8796E-01 
 3.7879E-01 
 3.6960E-01 
 3.6044E-01 
 3.5132E-01 
 3.4228E-01 
 3.3333E-01 
 3.2451E-01 
 3.1582E-01 
 3.0728E-01 
 2.9890E-01 
 2.9070E-01 
 2.8268E-01 
 2.7485E-01 
 2.6721E-01 
 2.5977E-01 
 2.5253E-01 
 2.4548E-01 
 2.3864E-01 
 2.3200E-01 
 2.2555E-01 
 2.1930E-01 
 2.1324E-01 
 2.0737E-01 
 2.0168E-01 
 1.9617E-01 
 1.9084E-01 
 1.8568E-01 
 1.8069E-01 
 1.7586E-01 
 1.7119E-01 
 1.6667E-01 


!ne from confinement nodes [1e19m^-3]
POINTS 51 GRIDTYPE 14 NAMEXP NE NTIMES 29 
 3.0030E-01 
  3.5030E-01 
  4.0030E-01 
  4.5030E-01 
  5.0030E-01 
  5.5030E-01 
  6.0030E-01 
  6.5030E-01 
  7.0030E-01 
  7.5030E-01 
  8.0030E-01 
  8.5030E-01 
  9.0030E-01 
  9.5030E-01 
  1.0003E+00 
  1.0503E+00 
  1.1003E+00 
  1.1503E+00 
  1.2003E+00 
  1.2503E+00 
  1.3003E+00 
  1.3503E+00 
  1.4003E+00 
  1.4503E+00 
  1.5003E+00 
  1.5503E+00 
  1.6003E+00 
  1.6503E+00 
  1.7003E+00 
  0.0000E+00 
  2.0000E-02 
  4.0000E-02 
  6.0000E-02 
  8.0000E-02 
  1.0000E-01 
  1.2000E-01 
  1.4000E-01 
  1.6000E-01 
  1.8000E-01 
  2.0000E-01 
  2.2000E-01 
  2.4000E-01 
  2.6000E-01 
  2.8000E-01 
  3.0000E-01 
  3.2000E-01 
  3.4000E-01 
  3.6000E-01 
  3.8000E-01 
  4.0000E-01 
  4.2000E-01 
  4.4000E-01 
  4.6000E-01 
  4.8000E-01 
  5.0000E-01 
  5.2000E-01 
  5.4000E-01 
  5.6000E-01 
  5.8000E-01 
  6.0000E-01 
  6.2000E-01 
  6.4000E-01 
  6.6000E-01 
  6.8000E-01 
  7.0000E-01 
  7.2000E-01 
  7.4000E-01 
  7.6000E-01 
  7.8000E-01 
  8.0000E-01 
  8.2000E-01 
  8.4000E-01 
  8.6000E-01 
  8.8000E-01 
  9.0000E-01 
  9.2000E-01 
  9.4000E-01 
  9.6000E-01 
  9.8000E-01 
  1.0000E+00 
  6.4490E+00 
 6.4307E+00 
 6.3748E+00 
 6.2826E+00 
 6.1537E+00 
 5.9903E+00 
 5.8186E+00 
 5.6866E+00 
 5.6176E+00 
 5.6124E+00 
 5.6703E+00 
 5.7824E+00 
 5.9312E+00 
 6.0995E+00 
 6.2693E+00 
 6.4193E+00 
 6.5290E+00 
 6.5815E+00 
 6.5789E+00 
 6.5444E+00 
 6.4991E+00 
 6.4527E+00 
 6.3850E+00 
 6.2729E+00 
 6.0957E+00 
 5.8525E+00 
 5.5590E+00 
 5.2320E+00 
 4.8859E+00 
 4.5329E+00 
 4.1829E+00 
 3.8465E+00 
 3.5414E+00 
 3.2961E+00 
 3.1363E+00 
 3.0679E+00 
 3.0606E+00 
 3.0812E+00 
 3.1023E+00 
 3.1121E+00 
 3.1053E+00 
 3.0823E+00 
 3.0436E+00 
 2.9893E+00 
 2.9216E+00 
 2.8447E+00 
 2.7630E+00 
 2.6814E+00 
 2.6040E+00 
 2.5301E+00 
 2.4580E+00 
 7.0057E+00 
 6.9784E+00 
 6.8952E+00 
 6.7578E+00 
 6.5657E+00 
 6.3225E+00 
 6.0561E+00 
 5.8140E+00 
 5.6240E+00 
 5.4904E+00 
 5.4141E+00 
 5.4073E+00 
 5.4878E+00 
 5.6693E+00 
 5.9172E+00 
 6.1648E+00 
 6.3595E+00 
 6.4610E+00 
 6.4823E+00 
 6.4629E+00 
 6.4372E+00 
 6.4122E+00 
 6.3623E+00 
 6.2615E+00 
 6.0904E+00 
 5.8515E+00 
 5.5608E+00 
 5.2326E+00 
 4.8807E+00 
 4.5200E+00 
 4.1620E+00 
 3.8217E+00 
 3.5244E+00 
 3.3039E+00 
 3.1827E+00 
 3.1584E+00 
 3.1917E+00 
 3.2456E+00 
 3.2928E+00 
 3.3219E+00 
 3.3275E+00 
 3.3071E+00 
 3.2599E+00 
 3.1866E+00 
 3.0912E+00 
 2.9805E+00 
 2.8618E+00 
 2.7428E+00 
 2.6294E+00 
 2.5209E+00 
 2.4148E+00 
 6.6308E+00 
 6.6111E+00 
 6.5507E+00 
 6.4512E+00 
 6.3120E+00 
 6.1353E+00 
 5.9426E+00 
 5.7721E+00 
 5.6458E+00 
 5.5603E+00 
 5.5097E+00 
 5.5028E+00 
 5.5572E+00 
 5.6863E+00 
 5.8680E+00 
 6.0493E+00 
 6.1906E+00 
 6.2616E+00 
 6.2697E+00 
 6.2453E+00 
 6.2131E+00 
 6.1797E+00 
 6.1237E+00 
 6.0251E+00 
 5.8674E+00 
 5.6559E+00 
 5.4062E+00 
 5.1331E+00 
 4.8489E+00 
 4.5634E+00 
 4.2840E+00 
 4.0206E+00 
 3.7896E+00 
 3.6145E+00 
 3.5124E+00 
 3.4801E+00 
 3.4878E+00 
 3.5069E+00 
 3.5168E+00 
 3.5115E+00 
 3.4897E+00 
 3.4534E+00 
 3.4046E+00 
 3.3446E+00 
 3.2760E+00 
 3.2016E+00 
 3.1249E+00 
 3.0498E+00 
 2.9792E+00 
 2.9122E+00 
 2.8470E+00 
 6.2563E+00 
 6.2446E+00 
 6.2089E+00 
 6.1499E+00 
 6.0675E+00 
 5.9629E+00 
 5.8502E+00 
 5.7527E+00 
 5.6886E+00 
 5.6556E+00 
 5.6496E+00 
 5.6809E+00 
 5.7638E+00 
 5.9042E+00 
 6.0696E+00 
 6.2160E+00 
 6.3168E+00 
 6.3589E+00 
 6.3552E+00 
 6.3256E+00 
 6.2836E+00 
 6.2264E+00 
 6.1395E+00 
 6.0113E+00 
 5.8357E+00 
 5.6223E+00 
 5.3837E+00 
 5.1303E+00 
 4.8690E+00 
 4.6033E+00 
 4.3351E+00 
 4.0747E+00 
 3.8425E+00 
 3.6639E+00 
 3.5526E+00 
 3.5022E+00 
 3.4892E+00 
 3.4957E+00 
 3.5069E+00 
 3.5102E+00 
 3.5004E+00 
 3.4780E+00 
 3.4440E+00 
 3.3994E+00 
 3.3458E+00 
 3.2847E+00 
 3.2192E+00 
 3.1537E+00 
 3.0916E+00 
 3.0321E+00 
 2.9739E+00 
 6.4401E+00 
 6.4308E+00 
 6.4025E+00 
 6.3557E+00 
 6.2902E+00 
 6.2067E+00 
 6.1103E+00 
 6.0095E+00 
 5.9124E+00 
 5.8268E+00 
 5.7607E+00 
 5.7261E+00 
 5.7365E+00 
 5.8008E+00 
 5.9010E+00 
 6.0005E+00 
 6.0720E+00 
 6.0971E+00 
 6.0826E+00 
 6.0468E+00 
 6.0034E+00 
 5.9536E+00 
 5.8841E+00 
 5.7833E+00 
 5.6428E+00 
 5.4670E+00 
 5.2647E+00 
 5.0438E+00 
 4.8123E+00 
 4.5774E+00 
 4.3453E+00 
 4.1242E+00 
 3.9283E+00 
 3.7756E+00 
 3.6787E+00 
 3.6334E+00 
 3.6195E+00 
 3.6186E+00 
 3.6183E+00 
 3.6156E+00 
 3.6103E+00 
 3.6040E+00 
 3.5974E+00 
 3.5909E+00 
 3.5847E+00 
 3.5788E+00 
 3.5732E+00 
 3.5680E+00 
 3.5632E+00 
 3.5589E+00 
 3.5547E+00 
 6.7368E+00 
 6.7243E+00 
 6.6861E+00 
 6.6228E+00 
 6.5344E+00 
 6.4217E+00 
 6.2923E+00 
 6.1593E+00 
 6.0354E+00 
 5.9329E+00 
 5.8629E+00 
 5.8341E+00 
 5.8540E+00 
 5.9265E+00 
 6.0287E+00 
 6.1237E+00 
 6.1854E+00 
 6.1977E+00 
 6.1682E+00 
 6.1152E+00 
 6.0521E+00 
 5.9807E+00 
 5.8901E+00 
 5.7707E+00 
 5.6160E+00 
 5.4308E+00 
 5.2233E+00 
 5.0011E+00 
 4.7707E+00 
 4.5373E+00 
 4.3050E+00 
 4.0807E+00 
 3.8777E+00 
 3.7143E+00 
 3.6036E+00 
 3.5417E+00 
 3.5117E+00 
 3.4980E+00 
 3.4899E+00 
 3.4834E+00 
 3.4774E+00 
 3.4722E+00 
 3.4675E+00 
 3.4630E+00 
 3.4587E+00 
 3.4546E+00 
 3.4507E+00 
 3.4471E+00 
 3.4438E+00 
 3.4408E+00 
 3.4378E+00 
 6.9247E+00 
 6.9063E+00 
 6.8502E+00 
 6.7576E+00 
 6.6280E+00 
 6.4632E+00 
 6.2802E+00 
 6.1083E+00 
 5.9719E+00 
 5.8744E+00 
 5.8149E+00 
 5.8025E+00 
 5.8495E+00 
 5.9596E+00 
 6.0955E+00 
 6.2079E+00 
 6.2669E+00 
 6.2613E+00 
 6.2116E+00 
 6.1486E+00 
 6.0941E+00 
 6.0458E+00 
 5.9831E+00 
 5.8889E+00 
 5.7517E+00 
 5.5750E+00 
 5.3662E+00 
 5.1323E+00 
 4.8821E+00 
 4.6251E+00 
 4.3696E+00 
 4.1266E+00 
 3.9140E+00 
 3.7521E+00 
 3.6544E+00 
 3.6105E+00 
 3.5976E+00 
 3.5954E+00 
 3.5914E+00 
 3.5803E+00 
 3.5602E+00 
 3.5307E+00 
 3.4919E+00 
 3.4440E+00 
 3.3890E+00 
 3.3295E+00 
 3.2686E+00 
 3.2092E+00 
 3.1533E+00 
 3.1002E+00 
 3.0484E+00 
 6.6913E+00 
 6.6800E+00 
 6.6453E+00 
 6.5879E+00 
 6.5077E+00 
 6.4050E+00 
 6.2855E+00 
 6.1599E+00 
 6.0389E+00 
 5.9327E+00 
 5.8522E+00 
 5.8109E+00 
 5.8230E+00 
 5.8926E+00 
 5.9896E+00 
 6.0760E+00 
 6.1280E+00 
 6.1386E+00 
 6.1184E+00 
 6.0818E+00 
 6.0374E+00 
 5.9811E+00 
 5.9017E+00 
 5.7904E+00 
 5.6434E+00 
 5.4671E+00 
 5.2690E+00 
 5.0555E+00 
 4.8335E+00 
 4.6085E+00 
 4.3856E+00 
 4.1734E+00 
 3.9857E+00 
 3.8373E+00 
 3.7364E+00 
 3.6757E+00 
 3.6412E+00 
 3.6211E+00 
 3.6084E+00 
 3.5999E+00 
 3.5941E+00 
 3.5900E+00 
 3.5869E+00 
 3.5839E+00 
 3.5811E+00 
 3.5783E+00 
 3.5757E+00 
 3.5734E+00 
 3.5712E+00 
 3.5692E+00 
 3.5672E+00 
 6.7852E+00 
 6.7683E+00 
 6.7167E+00 
 6.6314E+00 
 6.5125E+00 
 6.3609E+00 
 6.1936E+00 
 6.0412E+00 
 5.9289E+00 
 5.8551E+00 
 5.8141E+00 
 5.8158E+00 
 5.8769E+00 
 6.0084E+00 
 6.1726E+00 
 6.3169E+00 
 6.4104E+00 
 6.4373E+00 
 6.4151E+00 
 6.3728E+00 
 6.3340E+00 
 6.2969E+00 
 6.2408E+00 
 6.1458E+00 
 5.9994E+00 
 5.8042E+00 
 5.5704E+00 
 5.3066E+00 
 5.0233E+00 
 4.7319E+00 
 4.4425E+00 
 4.1660E+00 
 3.9221E+00 
 3.7338E+00 
 3.6181E+00 
 3.5633E+00 
 3.5458E+00 
 3.5402E+00 
 3.5318E+00 
 3.5140E+00 
 3.4860E+00 
 3.4490E+00 
 3.4033E+00 
 3.3496E+00 
 3.2898E+00 
 3.2264E+00 
 3.1620E+00 
 3.0998E+00 
 3.0416E+00 
 2.9862E+00 
 2.9323E+00 
 6.9420E+00 
 6.9258E+00 
 6.8764E+00 
 6.7947E+00 
 6.6805E+00 
 6.5346E+00 
 6.3688E+00 
 6.2018E+00 
 6.0523E+00 
 5.9377E+00 
 5.8744E+00 
 5.8766E+00 
 5.9593E+00 
 6.1098E+00 
 6.2750E+00 
 6.4013E+00 
 6.4551E+00 
 6.4444E+00 
 6.3988E+00 
 6.3480E+00 
 6.3020E+00 
 6.2443E+00 
 6.1537E+00 
 6.0144E+00 
 5.8251E+00 
 5.5982E+00 
 5.3447E+00 
 5.0746E+00 
 4.7969E+00 
 4.5183E+00 
 4.2470E+00 
 3.9985E+00 
 3.7962E+00 
 3.6585E+00 
 3.5896E+00 
 3.5685E+00 
 3.5731E+00 
 3.5863E+00 
 3.5940E+00 
 3.5863E+00 
 3.5632E+00 
 3.5270E+00 
 3.4798E+00 
 3.4236E+00 
 3.3604E+00 
 3.2922E+00 
 3.2224E+00 
 3.1546E+00 
 3.0909E+00 
 3.0303E+00 
 2.9711E+00 
 6.5336E+00 
 6.5203E+00 
 6.4797E+00 
 6.4128E+00 
 6.3196E+00 
 6.2008E+00 
 6.0735E+00 
 5.9697E+00 
 5.9159E+00 
 5.9157E+00 
 5.9651E+00 
 6.0539E+00 
 6.1689E+00 
 6.2979E+00 
 6.4264E+00 
 6.5328E+00 
 6.5942E+00 
 6.5961E+00 
 6.5531E+00 
 6.4914E+00 
 6.4340E+00 
 6.3814E+00 
 6.3140E+00 
 6.2118E+00 
 6.0612E+00 
 5.8642E+00 
 5.6324E+00 
 5.3757E+00 
 5.1034E+00 
 4.8240E+00 
 4.5450E+00 
 4.2744E+00 
 4.0315E+00 
 3.8420E+00 
 3.7264E+00 
 3.6759E+00 
 3.6662E+00 
 3.6690E+00 
 3.6660E+00 
 3.6478E+00 
 3.6116E+00 
 3.5577E+00 
 3.4890E+00 
 3.4091E+00 
 3.3212E+00 
 3.2288E+00 
 3.1356E+00 
 3.0457E+00 
 2.9618E+00 
 2.8821E+00 
 2.8046E+00 
 7.1336E+00 
 7.1134E+00 
 7.0519E+00 
 6.9505E+00 
 6.8090E+00 
 6.6294E+00 
 6.4367E+00 
 6.2748E+00 
 6.1799E+00 
 6.1562E+00 
 6.1940E+00 
 6.2771E+00 
 6.3872E+00 
 6.5076E+00 
 6.6205E+00 
 6.7046E+00 
 6.7383E+00 
 6.7119E+00 
 6.6467E+00 
 6.5705E+00 
 6.5064E+00 
 6.4463E+00 
 6.3653E+00 
 6.2381E+00 
 6.0521E+00 
 5.8135E+00 
 5.5395E+00 
 5.2433E+00 
 4.9355E+00 
 4.6242E+00 
 4.3159E+00 
 4.0194E+00 
 3.7570E+00 
 3.5542E+00 
 3.4274E+00 
 3.3636E+00 
 3.3387E+00 
 3.3261E+00 
 3.3113E+00 
 3.2874E+00 
 3.2542E+00 
 3.2129E+00 
 3.1636E+00 
 3.1069E+00 
 3.0449E+00 
 2.9797E+00 
 2.9142E+00 
 2.8513E+00 
 2.7925E+00 
 2.7366E+00 
 2.6822E+00 
 6.7898E+00 
 6.7769E+00 
 6.7377E+00 
 6.6731E+00 
 6.5832E+00 
 6.4688E+00 
 6.3476E+00 
 6.2518E+00 
 6.2076E+00 
 6.2113E+00 
 6.2477E+00 
 6.3055E+00 
 6.3748E+00 
 6.4466E+00 
 6.5101E+00 
 6.5489E+00 
 6.5456E+00 
 6.4937E+00 
 6.4125E+00 
 6.3265E+00 
 6.2557E+00 
 6.1934E+00 
 6.1194E+00 
 6.0139E+00 
 5.8661E+00 
 5.6793E+00 
 5.4638E+00 
 5.2277E+00 
 4.9774E+00 
 4.7182E+00 
 4.4545E+00 
 4.1938E+00 
 3.9577E+00 
 3.7711E+00 
 3.6499E+00 
 3.5827E+00 
 3.5491E+00 
 3.5264E+00 
 3.5028E+00 
 3.4728E+00 
 3.4364E+00 
 3.3945E+00 
 3.3474E+00 
 3.2955E+00 
 3.2404E+00 
 3.1835E+00 
 3.1269E+00 
 3.0730E+00 
 3.0228E+00 
 2.9753E+00 
 2.9291E+00 
 7.0344E+00 
 7.0131E+00 
 6.9478E+00 
 6.8401E+00 
 6.6898E+00 
 6.4983E+00 
 6.2840E+00 
 6.0794E+00 
 5.9140E+00 
 5.7983E+00 
 5.7358E+00 
 5.7398E+00 
 5.8255E+00 
 5.9934E+00 
 6.1924E+00 
 6.3676E+00 
 6.4878E+00 
 6.5464E+00 
 6.5654E+00 
 6.5687E+00 
 6.5713E+00 
 6.5575E+00 
 6.5035E+00 
 6.3882E+00 
 6.2064E+00 
 5.9710E+00 
 5.6984E+00 
 5.4021E+00 
 5.0935E+00 
 4.7819E+00 
 4.4764E+00 
 4.1904E+00 
 3.9486E+00 
 3.7740E+00 
 3.6761E+00 
 3.6332E+00 
 3.6190E+00 
 3.6104E+00 
 3.5970E+00 
 3.5749E+00 
 3.5443E+00 
 3.5061E+00 
 3.4608E+00 
 3.4094E+00 
 3.3535E+00 
 3.2953E+00 
 3.2372E+00 
 3.1815E+00 
 3.1296E+00 
 3.0803E+00 
 3.0324E+00 
 6.9697E+00 
 6.9522E+00 
 6.8986E+00 
 6.8102E+00 
 6.6866E+00 
 6.5290E+00 
 6.3522E+00 
 6.1831E+00 
 6.0455E+00 
 5.9462E+00 
 5.8874E+00 
 5.8829E+00 
 5.9483E+00 
 6.0899E+00 
 6.2606E+00 
 6.4088E+00 
 6.5072E+00 
 6.5451E+00 
 6.5382E+00 
 6.5044E+00 
 6.4575E+00 
 6.3914E+00 
 6.2934E+00 
 6.1518E+00 
 5.9641E+00 
 5.7387E+00 
 5.4878E+00 
 5.2212E+00 
 4.9473E+00 
 4.6731E+00 
 4.4048E+00 
 4.1526E+00 
 3.9381E+00 
 3.7833E+00 
 3.6969E+00 
 3.6618E+00 
 3.6549E+00 
 3.6539E+00 
 3.6474E+00 
 3.6285E+00 
 3.5950E+00 
 3.5469E+00 
 3.4871E+00 
 3.4188E+00 
 3.3449E+00 
 3.2678E+00 
 3.1909E+00 
 3.1173E+00 
 3.0486E+00 
 2.9834E+00 
 2.9199E+00 
 6.8957E+00 
 6.8768E+00 
 6.8191E+00 
 6.7240E+00 
 6.5912E+00 
 6.4219E+00 
 6.2313E+00 
 6.0503E+00 
 5.9075E+00 
 5.8130E+00 
 5.7693E+00 
 5.7946E+00 
 5.9092E+00 
 6.1182E+00 
 6.3631E+00 
 6.5752E+00 
 6.7099E+00 
 6.7549E+00 
 6.7440E+00 
 6.7117E+00 
 6.6824E+00 
 6.6436E+00 
 6.5726E+00 
 6.4493E+00 
 6.2668E+00 
 6.0331E+00 
 5.7601E+00 
 5.4581E+00 
 5.1393E+00 
 4.8153E+00 
 4.4961E+00 
 4.1958E+00 
 3.9381E+00 
 3.7468E+00 
 3.6292E+00 
 3.5680E+00 
 3.5388E+00 
 3.5187E+00 
 3.4973E+00 
 3.4696E+00 
 3.4362E+00 
 3.3974E+00 
 3.3533E+00 
 3.3044E+00 
 3.2523E+00 
 3.1986E+00 
 3.1454E+00 
 3.0948E+00 
 3.0477E+00 
 3.0030E+00 
 2.9595E+00 
 6.8988E+00 
 6.8815E+00 
 6.8285E+00 
 6.7413E+00 
 6.6197E+00 
 6.4648E+00 
 6.2965E+00 
 6.1528E+00 
 6.0673E+00 
 6.0487E+00 
 6.0888E+00 
 6.1724E+00 
 6.2828E+00 
 6.4044E+00 
 6.5208E+00 
 6.6098E+00 
 6.6500E+00 
 6.6337E+00 
 6.5825E+00 
 6.5201E+00 
 6.4639E+00 
 6.4023E+00 
 6.3132E+00 
 6.1762E+00 
 5.9842E+00 
 5.7479E+00 
 5.4841E+00 
 5.2055E+00 
 4.9219E+00 
 4.6405E+00 
 4.3672E+00 
 4.1118E+00 
 3.8939E+00 
 3.7342E+00 
 3.6404E+00 
 3.5977E+00 
 3.5838E+00 
 3.5772E+00 
 3.5676E+00 
 3.5495E+00 
 3.5228E+00 
 3.4875E+00 
 3.4434E+00 
 3.3913E+00 
 3.3335E+00 
 3.2724E+00 
 3.2108E+00 
 3.1515E+00 
 3.0960E+00 
 3.0432E+00 
 2.9916E+00 
 6.7620E+00 
 6.7459E+00 
 6.6968E+00 
 6.6159E+00 
 6.5032E+00 
 6.3595E+00 
 6.2033E+00 
 6.0714E+00 
 5.9972E+00 
 5.9909E+00 
 6.0408E+00 
 6.1303E+00 
 6.2425E+00 
 6.3614E+00 
 6.4710E+00 
 6.5507E+00 
 6.5813E+00 
 6.5592E+00 
 6.5076E+00 
 6.4505E+00 
 6.4026E+00 
 6.3505E+00 
 6.2711E+00 
 6.1448E+00 
 5.9647E+00 
 5.7409E+00 
 5.4870E+00 
 5.2141E+00 
 4.9325E+00 
 4.6512E+00 
 4.3773E+00 
 4.1232E+00 
 3.9089E+00 
 3.7559E+00 
 3.6681E+00 
 3.6301E+00 
 3.6175E+00 
 3.6089E+00 
 3.5945E+00 
 3.5705E+00 
 3.5385E+00 
 3.4995E+00 
 3.4540E+00 
 3.4030E+00 
 3.3483E+00 
 3.2918E+00 
 3.2358E+00 
 3.1825E+00 
 3.1327E+00 
 3.0855E+00 
 3.0394E+00 
 7.2319E+00 
 7.2112E+00 
 7.1475E+00 
 7.0425E+00 
 6.8960E+00 
 6.7090E+00 
 6.4965E+00 
 6.2871E+00 
 6.1072E+00 
 5.9648E+00 
 5.8616E+00 
 5.8151E+00 
 5.8441E+00 
 5.9524E+00 
 6.0946E+00 
 6.2183E+00 
 6.2944E+00 
 6.3348E+00 
 6.3536E+00 
 6.3644E+00 
 6.3721E+00 
 6.3591E+00 
 6.3041E+00 
 6.1890E+00 
 6.0117E+00 
 5.7855E+00 
 5.5258E+00 
 5.2451E+00 
 4.9549E+00 
 4.6652E+00 
 4.3843E+00 
 4.1266E+00 
 3.9141E+00 
 3.7680E+00 
 3.6891E+00 
 3.6575E+00 
 3.6474E+00 
 3.6380E+00 
 3.6212E+00 
 3.5943E+00 
 3.5589E+00 
 3.5167E+00 
 3.4682E+00 
 3.4147E+00 
 3.3580E+00 
 3.2998E+00 
 3.2424E+00 
 3.1880E+00 
 3.1373E+00 
 3.0892E+00 
 3.0424E+00 
 7.0450E+00 
 7.0249E+00 
 6.9633E+00 
 6.8614E+00 
 6.7191E+00 
 6.5370E+00 
 6.3289E+00 
 6.1273E+00 
 5.9628E+00 
 5.8446E+00 
 5.7708E+00 
 5.7580E+00 
 5.8272E+00 
 5.9898E+00 
 6.1972E+00 
 6.3838E+00 
 6.5140E+00 
 6.5735E+00 
 6.5820E+00 
 6.5652E+00 
 6.5408E+00 
 6.5041E+00 
 6.4362E+00 
 6.3220E+00 
 6.1536E+00 
 5.9404E+00 
 5.6950E+00 
 5.4281E+00 
 5.1486E+00 
 4.8639E+00 
 4.5789E+00 
 4.3053E+00 
 4.0642E+00 
 3.8813E+00 
 3.7655E+00 
 3.7074E+00 
 3.6819E+00 
 3.6661E+00 
 3.6472E+00 
 3.6199E+00 
 3.5840E+00 
 3.5397E+00 
 3.4867E+00 
 3.4258E+00 
 3.3593E+00 
 3.2897E+00 
 3.2202E+00 
 3.1537E+00 
 3.0915E+00 
 3.0322E+00 
 2.9744E+00 
 6.8207E+00 
 6.8049E+00 
 6.7565E+00 
 6.6768E+00 
 6.5654E+00 
 6.4232E+00 
 6.2597E+00 
 6.0968E+00 
 5.9553E+00 
 5.8463E+00 
 5.7758E+00 
 5.7571E+00 
 5.8042E+00 
 5.9245E+00 
 6.0821E+00 
 6.2278E+00 
 6.3303E+00 
 6.3753E+00 
 6.3775E+00 
 6.3573E+00 
 6.3281E+00 
 6.2850E+00 
 6.2105E+00 
 6.0915E+00 
 5.9213E+00 
 5.7112E+00 
 5.4754E+00 
 5.2256E+00 
 4.9721E+00 
 4.7236E+00 
 4.4863E+00 
 4.2698E+00 
 4.0880E+00 
 3.9571E+00 
 3.8804E+00 
 3.8486E+00 
 3.8405E+00 
 3.8375E+00 
 3.8286E+00 
 3.8074E+00 
 3.7713E+00 
 3.7184E+00 
 3.6476E+00 
 3.5604E+00 
 3.4611E+00 
 3.3546E+00 
 3.2465E+00 
 3.1422E+00 
 3.0440E+00 
 2.9501E+00 
 2.8582E+00 
 6.9475E+00 
 6.9280E+00 
 6.8685E+00 
 6.7704E+00 
 6.6335E+00 
 6.4584E+00 
 6.2579E+00 
 6.0647E+00 
 5.9111E+00 
 5.8068E+00 
 5.7480E+00 
 5.7500E+00 
 5.8337E+00 
 6.0104E+00 
 6.2359E+00 
 6.4430E+00 
 6.5893E+00 
 6.6562E+00 
 6.6635E+00 
 6.6408E+00 
 6.6083E+00 
 6.5627E+00 
 6.4835E+00 
 6.3549E+00 
 6.1679E+00 
 5.9347E+00 
 5.6708E+00 
 5.3894E+00 
 5.1012E+00 
 4.8144E+00 
 4.5346E+00 
 4.2727E+00 
 4.0459E+00 
 3.8754E+00 
 3.7683E+00 
 3.7168E+00 
 3.6959E+00 
 3.6848E+00 
 3.6709E+00 
 3.6498E+00 
 3.6222E+00 
 3.5883E+00 
 3.5483E+00 
 3.5029E+00 
 3.4537E+00 
 3.4025E+00 
 3.3515E+00 
 3.3030E+00 
 3.2576E+00 
 3.2144E+00 
 3.1722E+00 
 7.0173E+00 
 6.9996E+00 
 6.9452E+00 
 6.8553E+00 
 6.7298E+00 
 6.5692E+00 
 6.3864E+00 
 6.2126E+00 
 6.0765E+00 
 5.9861E+00 
 5.9370E+00 
 5.9375E+00 
 5.9992E+00 
 6.1279E+00 
 6.2883E+00 
 6.4266E+00 
 6.5075E+00 
 6.5152E+00 
 6.4717E+00 
 6.4099E+00 
 6.3534E+00 
 6.3014E+00 
 6.2332E+00 
 6.1322E+00 
 5.9868E+00 
 5.8011E+00 
 5.5825E+00 
 5.3383E+00 
 5.0779E+00 
 4.8123E+00 
 4.5497E+00 
 4.3021E+00 
 4.0870E+00 
 3.9261E+00 
 3.8270E+00 
 3.7824E+00 
 3.7665E+00 
 3.7574E+00 
 3.7419E+00 
 3.7152E+00 
 3.6784E+00 
 3.6322E+00 
 3.5768E+00 
 3.5136E+00 
 3.4448E+00 
 3.3731E+00 
 3.3015E+00 
 3.2333E+00 
 3.1694E+00 
 3.1086E+00 
 3.0493E+00 
 6.7508E+00 
 6.7373E+00 
 6.6957E+00 
 6.6269E+00 
 6.5304E+00 
 6.4068E+00 
 6.2619E+00 
 6.1097E+00 
 5.9644E+00 
 5.8392E+00 
 5.7504E+00 
 5.7216E+00 
 5.7767E+00 
 5.9227E+00 
 6.1095E+00 
 6.2761E+00 
 6.3842E+00 
 6.4278E+00 
 6.4300E+00 
 6.4176E+00 
 6.4048E+00 
 6.3805E+00 
 6.3225E+00 
 6.2139E+00 
 6.0487E+00 
 5.8407E+00 
 5.6044E+00 
 5.3516E+00 
 5.0915E+00 
 4.8301E+00 
 4.5725E+00 
 4.3303E+00 
 4.1216E+00 
 3.9659E+00 
 3.8668E+00 
 3.8144E+00 
 3.7859E+00 
 3.7645E+00 
 3.7402E+00 
 3.7085E+00 
 3.6680E+00 
 3.6193E+00 
 3.5638E+00 
 3.5035E+00 
 3.4402E+00 
 3.3761E+00 
 3.3134E+00 
 3.2544E+00 
 3.1995E+00 
 3.1474E+00 
 3.0966E+00 
 7.1185E+00 
 7.1038E+00 
 7.0585E+00 
 6.9837E+00 
 6.8791E+00 
 6.7451E+00 
 6.5879E+00 
 6.4237E+00 
 6.2689E+00 
 6.1388E+00 
 6.0479E+00 
 6.0090E+00 
 6.0344E+00 
 6.1278E+00 
 6.2502E+00 
 6.3481E+00 
 6.3911E+00 
 6.3720E+00 
 6.3121E+00 
 6.2398E+00 
 6.1745E+00 
 6.1117E+00 
 6.0321E+00 
 5.9200E+00 
 5.7666E+00 
 5.5791E+00 
 5.3679E+00 
 5.1419E+00 
 4.9088E+00 
 4.6748E+00 
 4.4450E+00 
 4.2281E+00 
 4.0393E+00 
 3.8966E+00 
 3.8067E+00 
 3.7629E+00 
 3.7432E+00 
 3.7312E+00 
 3.7156E+00 
 3.6917E+00 
 3.6574E+00 
 3.6132E+00 
 3.5604E+00 
 3.5011E+00 
 3.4379E+00 
 3.3731E+00 
 3.3093E+00 
 3.2490E+00 
 3.1927E+00 
 3.1390E+00 
 3.0867E+00 
 6.8855E+00 
 6.8710E+00 
 6.8264E+00 
 6.7528E+00 
 6.6498E+00 
 6.5181E+00 
 6.3647E+00 
 6.2116E+00 
 6.0822E+00 
 5.9882E+00 
 5.9312E+00 
 5.9254E+00 
 5.9866E+00 
 6.1149E+00 
 6.2635E+00 
 6.3791E+00 
 6.4302E+00 
 6.4193E+00 
 6.3718E+00 
 6.3148E+00 
 6.2620E+00 
 6.2032E+00 
 6.1202E+00 
 5.9990E+00 
 5.8353E+00 
 5.6388E+00 
 5.4193E+00 
 5.1855E+00 
 4.9455E+00 
 4.7064E+00 
 4.4739E+00 
 4.2588E+00 
 4.0772E+00 
 3.9448E+00 
 3.8630E+00 
 3.8212E+00 
 3.7975E+00 
 3.7776E+00 
 3.7528E+00 
 3.7216E+00 
 3.6853E+00 
 3.6443E+00 
 3.5989E+00 
 3.5502E+00 
 3.4993E+00 
 3.4479E+00 
 3.3976E+00 
 3.3505E+00 
 3.3066E+00 
 3.2649E+00 
 3.2244E+00 
 7.0945E+00 
 7.0745E+00 
 7.0132E+00 
 6.9120E+00 
 6.7706E+00 
 6.5898E+00 
 6.3817E+00 
 6.1791E+00 
 6.0148E+00 
 5.9003E+00 
 5.8313E+00 
 5.8220E+00 
 5.8908E+00 
 6.0438E+00 
 6.2313E+00 
 6.3847E+00 
 6.4652E+00 
 6.4660E+00 
 6.4157E+00 
 6.3504E+00 
 6.2956E+00 
 6.2449E+00 
 6.1755E+00 
 6.0679E+00 
 5.9120E+00 
 5.7154E+00 
 5.4896E+00 
 5.2447E+00 
 4.9897E+00 
 4.7325E+00 
 4.4795E+00 
 4.2408E+00 
 4.0345E+00 
 3.8811E+00 
 3.7894E+00 
 3.7497E+00 
 3.7350E+00 
 3.7254E+00 
 3.7071E+00 
 3.6757E+00 
 3.6303E+00 
 3.5723E+00 
 3.5035E+00 
 3.4269E+00 
 3.3455E+00 
 3.2623E+00 
 3.1806E+00 
 3.1035E+00 
 3.0315E+00 
 2.9629E+00 
 2.8960E+00 
 5.8293E+00 
 5.8276E+00 
 5.8226E+00 
 5.8149E+00 
 5.8046E+00 
 5.7922E+00 
 5.7779E+00 
 5.7772E+00 
 5.8416E+00 
 5.9644E+00 
 6.0898E+00 
 6.1856E+00 
 6.2636E+00 
 6.3464E+00 
 6.4534E+00 
 6.5914E+00 
 6.7442E+00 
 6.8642E+00 
 6.9068E+00 
 6.8614E+00 
 6.7396E+00 
 6.5521E+00 
 6.3077E+00 
 6.0128E+00 
 5.6813E+00 
 5.3295E+00 
 4.9860E+00 
 4.7006E+00 
 4.5197E+00 
 4.4747E+00 
 4.5483E+00 
 4.6870E+00 
 4.8461E+00 
 4.9934E+00 
 5.1106E+00 
 5.1978E+00 
 5.2566E+00 
 5.2882E+00 
 5.2974E+00 
 5.2901E+00 
 5.2706E+00 
 5.2429E+00 
 5.2106E+00 
 5.1769E+00 
 5.1433E+00 
 5.1109E+00 
 5.0803E+00 
 5.0514E+00 
 5.0242E+00 
 4.9982E+00 
 4.9729E+00 
 6.6482E+00 
 6.6661E+00 
 6.7206E+00 
 6.8104E+00 
 6.9353E+00 
 7.0944E+00 
 7.2865E+00 
 7.5108E+00 
 7.7519E+00 
 7.9706E+00 
 8.1306E+00 
 8.2356E+00 
 8.3062E+00 
 8.3586E+00 
 8.3888E+00 
 8.3807E+00 
 8.3204E+00 
 8.1975E+00 
 8.0172E+00 
 7.7923E+00 
 7.5349E+00 
 7.2533E+00 
 6.9484E+00 
 6.6197E+00 
 6.2649E+00 
 5.8932E+00 
 5.5472E+00 
 5.2774E+00 
 5.1298E+00 
 5.1146E+00 
 5.1959E+00 
 5.3285E+00 
 5.4729E+00 
 5.6010E+00 
 5.7052E+00 
 5.7851E+00 
 5.8422E+00 
 5.8792E+00 
 5.9003E+00 
 5.9098E+00 
 5.9118E+00 
 5.9094E+00 
 5.9053E+00 
 5.9010E+00 
 5.8967E+00 
 5.8927E+00 
 5.8889E+00 
 5.8853E+00 
 5.8819E+00 
 5.8786E+00 
 5.8753E+00 


!te from confinement nodes [keV]
POINTS 51 GRIDTYPE 14 NAMEXP TE NTIMES 29 
 3.0030E-01 
  3.5030E-01 
  4.0030E-01 
  4.5030E-01 
  5.0030E-01 
  5.5030E-01 
  6.0030E-01 
  6.5030E-01 
  7.0030E-01 
  7.5030E-01 
  8.0030E-01 
  8.5030E-01 
  9.0030E-01 
  9.5030E-01 
  1.0003E+00 
  1.0503E+00 
  1.1003E+00 
  1.1503E+00 
  1.2003E+00 
  1.2503E+00 
  1.3003E+00 
  1.3503E+00 
  1.4003E+00 
  1.4503E+00 
  1.5003E+00 
  1.5503E+00 
  1.6003E+00 
  1.6503E+00 
  1.7003E+00 
  0.0000E+00 
  2.0000E-02 
  4.0000E-02 
  6.0000E-02 
  8.0000E-02 
  1.0000E-01 
  1.2000E-01 
  1.4000E-01 
  1.6000E-01 
  1.8000E-01 
  2.0000E-01 
  2.2000E-01 
  2.4000E-01 
  2.6000E-01 
  2.8000E-01 
  3.0000E-01 
  3.2000E-01 
  3.4000E-01 
  3.6000E-01 
  3.8000E-01 
  4.0000E-01 
  4.2000E-01 
  4.4000E-01 
  4.6000E-01 
  4.8000E-01 
  5.0000E-01 
  5.2000E-01 
  5.4000E-01 
  5.6000E-01 
  5.8000E-01 
  6.0000E-01 
  6.2000E-01 
  6.4000E-01 
  6.6000E-01 
  6.8000E-01 
  7.0000E-01 
  7.2000E-01 
  7.4000E-01 
  7.6000E-01 
  7.8000E-01 
  8.0000E-01 
  8.2000E-01 
  8.4000E-01 
  8.6000E-01 
  8.8000E-01 
  9.0000E-01 
  9.2000E-01 
  9.4000E-01 
  9.6000E-01 
  9.8000E-01 
  1.0000E+00 
  6.2368E-01 
 6.2327E-01 
 6.2203E-01 
 6.1997E-01 
 6.1711E-01 
 6.1347E-01 
 6.0941E-01 
 6.0555E-01 
 6.0243E-01 
 6.0042E-01 
 5.9990E-01 
 6.0058E-01 
 6.0153E-01 
 6.0179E-01 
 6.0059E-01 
 5.9749E-01 
 5.9214E-01 
 5.8422E-01 
 5.7367E-01 
 5.6065E-01 
 5.4535E-01 
 5.2796E-01 
 5.0873E-01 
 4.8795E-01 
 4.6585E-01 
 4.4263E-01 
 4.1845E-01 
 3.9344E-01 
 3.6779E-01 
 3.4185E-01 
 3.1596E-01 
 2.9043E-01 
 2.6559E-01 
 2.4180E-01 
 2.1939E-01 
 1.9857E-01 
 1.7941E-01 
 1.6197E-01 
 1.4624E-01 
 1.3203E-01 
 1.1908E-01 
 1.0710E-01 
 9.5853E-02 
 8.5172E-02 
 7.4961E-02 
 6.5177E-02 
 5.5878E-02 
 4.7248E-02 
 3.9405E-02 
 3.2145E-02 
 2.5176E-02 
 6.9456E-01 
 6.9439E-01 
 6.9389E-01 
 6.9305E-01 
 6.9188E-01 
 6.9039E-01 
 6.8859E-01 
 6.8653E-01 
 6.8423E-01 
 6.8167E-01 
 6.7877E-01 
 6.7492E-01 
 6.6916E-01 
 6.6061E-01 
 6.4858E-01 
 6.3331E-01 
 6.1538E-01 
 5.9536E-01 
 5.7384E-01 
 5.5142E-01 
 5.2862E-01 
 5.0584E-01 
 4.8329E-01 
 4.6116E-01 
 4.3959E-01 
 4.1859E-01 
 3.9807E-01 
 3.7797E-01 
 3.5811E-01 
 3.3817E-01 
 3.1786E-01 
 2.9698E-01 
 2.7555E-01 
 2.5375E-01 
 2.3176E-01 
 2.0990E-01 
 1.8874E-01 
 1.6878E-01 
 1.5037E-01 
 1.3339E-01 
 1.1763E-01 
 1.0282E-01 
 8.8774E-02 
 7.5381E-02 
 6.2563E-02 
 5.0282E-02 
 3.8612E-02 
 2.7782E-02 
 1.7940E-02 
 8.8278E-03 
 8.1185E-05 
 6.4166E-01 
 6.4161E-01 
 6.4146E-01 
 6.4121E-01 
 6.4086E-01 
 6.4040E-01 
 6.3977E-01 
 6.3883E-01 
 6.3761E-01 
 6.3637E-01 
 6.3534E-01 
 6.3414E-01 
 6.3201E-01 
 6.2827E-01 
 6.2227E-01 
 6.1376E-01 
 6.0269E-01 
 5.8908E-01 
 5.7312E-01 
 5.5509E-01 
 5.3529E-01 
 5.1408E-01 
 4.9203E-01 
 4.6963E-01 
 4.4733E-01 
 4.2519E-01 
 4.0310E-01 
 3.8095E-01 
 3.5867E-01 
 3.3619E-01 
 3.1344E-01 
 2.9045E-01 
 2.6734E-01 
 2.4439E-01 
 2.2187E-01 
 2.0014E-01 
 1.7980E-01 
 1.6140E-01 
 1.4526E-01 
 1.3121E-01 
 1.1893E-01 
 1.0803E-01 
 9.8221E-02 
 8.9275E-02 
 8.1036E-02 
 7.3385E-02 
 6.6296E-02 
 5.9839E-02 
 5.4036E-02 
 4.8701E-02 
 4.3601E-02 
 6.1287E-01 
 6.1273E-01 
 6.1230E-01 
 6.1158E-01 
 6.1058E-01 
 6.0930E-01 
 6.0780E-01 
 6.0617E-01 
 6.0455E-01 
 6.0323E-01 
 6.0241E-01 
 6.0167E-01 
 6.0047E-01 
 5.9828E-01 
 5.9456E-01 
 5.8903E-01 
 5.8169E-01 
 5.7253E-01 
 5.6139E-01 
 5.4814E-01 
 5.3269E-01 
 5.1524E-01 
 4.9617E-01 
 4.7583E-01 
 4.5455E-01 
 4.3270E-01 
 4.1061E-01 
 3.8860E-01 
 3.6690E-01 
 3.4566E-01 
 3.2506E-01 
 3.0515E-01 
 2.8590E-01 
 2.6720E-01 
 2.4899E-01 
 2.3130E-01 
 2.1419E-01 
 1.9773E-01 
 1.8196E-01 
 1.6691E-01 
 1.5258E-01 
 1.3891E-01 
 1.2587E-01 
 1.1344E-01 
 1.0158E-01 
 9.0228E-02 
 7.9469E-02 
 6.9514E-02 
 6.0468E-02 
 5.2077E-02 
 4.4013E-02 
 6.3918E-01 
 6.3889E-01 
 6.3800E-01 
 6.3652E-01 
 6.3446E-01 
 6.3185E-01 
 6.2891E-01 
 6.2605E-01 
 6.2364E-01 
 6.2203E-01 
 6.2142E-01 
 6.2117E-01 
 6.2025E-01 
 6.1774E-01 
 6.1296E-01 
 6.0585E-01 
 5.9678E-01 
 5.8599E-01 
 5.7346E-01 
 5.5903E-01 
 5.4260E-01 
 5.2430E-01 
 5.0446E-01 
 4.8342E-01 
 4.6144E-01 
 4.3869E-01 
 4.1526E-01 
 3.9128E-01 
 3.6689E-01 
 3.4232E-01 
 3.1775E-01 
 2.9339E-01 
 2.6947E-01 
 2.4621E-01 
 2.2384E-01 
 2.0264E-01 
 1.8302E-01 
 1.6533E-01 
 1.4970E-01 
 1.3592E-01 
 1.2369E-01 
 1.1268E-01 
 1.0262E-01 
 9.3348E-02 
 8.4722E-02 
 7.6650E-02 
 6.9131E-02 
 6.2259E-02 
 5.6064E-02 
 5.0352E-02 
 4.4882E-02 
 7.0763E-01 
 7.0742E-01 
 7.0679E-01 
 7.0575E-01 
 7.0429E-01 
 7.0242E-01 
 7.0016E-01 
 6.9755E-01 
 6.9462E-01 
 6.9140E-01 
 6.8781E-01 
 6.8322E-01 
 6.7678E-01 
 6.6769E-01 
 6.5526E-01 
 6.3952E-01 
 6.2114E-01 
 6.0077E-01 
 5.7897E-01 
 5.5626E-01 
 5.3311E-01 
 5.0983E-01 
 4.8656E-01 
 4.6346E-01 
 4.4060E-01 
 4.1783E-01 
 3.9490E-01 
 3.7162E-01 
 3.4799E-01 
 3.2420E-01 
 3.0042E-01 
 2.7682E-01 
 2.5361E-01 
 2.3096E-01 
 2.0906E-01 
 1.8823E-01 
 1.6890E-01 
 1.5150E-01 
 1.3617E-01 
 1.2272E-01 
 1.1086E-01 
 1.0025E-01 
 9.0642E-02 
 8.1855E-02 
 7.3745E-02 
 6.6204E-02 
 5.9222E-02 
 5.2869E-02 
 4.7155E-02 
 4.1891E-02 
 3.6852E-02 
 7.4083E-01 
 7.4002E-01 
 7.3752E-01 
 7.3341E-01 
 7.2768E-01 
 7.2039E-01 
 7.1213E-01 
 7.0390E-01 
 6.9654E-01 
 6.9030E-01 
 6.8503E-01 
 6.7992E-01 
 6.7399E-01 
 6.6634E-01 
 6.5611E-01 
 6.4287E-01 
 6.2668E-01 
 6.0773E-01 
 5.8636E-01 
 5.6298E-01 
 5.3799E-01 
 5.1195E-01 
 4.8553E-01 
 4.5932E-01 
 4.3373E-01 
 4.0876E-01 
 3.8427E-01 
 3.6015E-01 
 3.3633E-01 
 3.1273E-01 
 2.8930E-01 
 2.6607E-01 
 2.4317E-01 
 2.2082E-01 
 1.9921E-01 
 1.7870E-01 
 1.5975E-01 
 1.4279E-01 
 1.2790E-01 
 1.1487E-01 
 1.0339E-01 
 9.3118E-02 
 8.3823E-02 
 7.5320E-02 
 6.7477E-02 
 6.0189E-02 
 5.3452E-02 
 4.7331E-02 
 4.1826E-02 
 3.6751E-02 
 3.1892E-02 
 6.3642E-01 
 6.3627E-01 
 6.3583E-01 
 6.3510E-01 
 6.3408E-01 
 6.3279E-01 
 6.3148E-01 
 6.3068E-01 
 6.3088E-01 
 6.3255E-01 
 6.3570E-01 
 6.3900E-01 
 6.4095E-01 
 6.4017E-01 
 6.3527E-01 
 6.2556E-01 
 6.1151E-01 
 5.9391E-01 
 5.7357E-01 
 5.5128E-01 
 5.2774E-01 
 5.0356E-01 
 4.7924E-01 
 4.5525E-01 
 4.3187E-01 
 4.0904E-01 
 3.8664E-01 
 3.6461E-01 
 3.4296E-01 
 3.2177E-01 
 3.0109E-01 
 2.8090E-01 
 2.6106E-01 
 2.4140E-01 
 2.2187E-01 
 2.0271E-01 
 1.8431E-01 
 1.6698E-01 
 1.5081E-01 
 1.3569E-01 
 1.2147E-01 
 1.0797E-01 
 9.5126E-02 
 8.2862E-02 
 7.1136E-02 
 5.9917E-02 
 4.9318E-02 
 3.9539E-02 
 3.0653E-02 
 2.2398E-02 
 1.4459E-02 
 6.5460E-01 
 6.5396E-01 
 6.5198E-01 
 6.4873E-01 
 6.4419E-01 
 6.3841E-01 
 6.3190E-01 
 6.2556E-01 
 6.2027E-01 
 6.1683E-01 
 6.1567E-01 
 6.1598E-01 
 6.1642E-01 
 6.1576E-01 
 6.1273E-01 
 6.0664E-01 
 5.9749E-01 
 5.8539E-01 
 5.7059E-01 
 5.5337E-01 
 5.3400E-01 
 5.1287E-01 
 4.9042E-01 
 4.6707E-01 
 4.4316E-01 
 4.1882E-01 
 3.9409E-01 
 3.6904E-01 
 3.4383E-01 
 3.1872E-01 
 2.9393E-01 
 2.6969E-01 
 2.4622E-01 
 2.2374E-01 
 2.0242E-01 
 1.8250E-01 
 1.6425E-01 
 1.4790E-01 
 1.3346E-01 
 1.2075E-01 
 1.0948E-01 
 9.9326E-02 
 9.0072E-02 
 8.1546E-02 
 7.3631E-02 
 6.6235E-02 
 5.9374E-02 
 5.3128E-02 
 4.7495E-02 
 4.2290E-02 
 3.7298E-02 
 6.7046E-01 
 6.7011E-01 
 6.6905E-01 
 6.6731E-01 
 6.6488E-01 
 6.6180E-01 
 6.5837E-01 
 6.5509E-01 
 6.5246E-01 
 6.5071E-01 
 6.4925E-01 
 6.4724E-01 
 6.4392E-01 
 6.3852E-01 
 6.3029E-01 
 6.1864E-01 
 6.0365E-01 
 5.8582E-01 
 5.6582E-01 
 5.4422E-01 
 5.2159E-01 
 4.9839E-01 
 4.7505E-01 
 4.5192E-01 
 4.2918E-01 
 4.0683E-01 
 3.8488E-01 
 3.6333E-01 
 3.4218E-01 
 3.2140E-01 
 3.0103E-01 
 2.8116E-01 
 2.6201E-01 
 2.4373E-01 
 2.2642E-01 
 2.1004E-01 
 1.9453E-01 
 1.7986E-01 
 1.6597E-01 
 1.5284E-01 
 1.4038E-01 
 1.2855E-01 
 1.1730E-01 
 1.0659E-01 
 9.6374E-02 
 8.6613E-02 
 7.7417E-02 
 6.8956E-02 
 6.1266E-02 
 5.4111E-02 
 4.7224E-02 
 6.1238E-01 
 6.1219E-01 
 6.1162E-01 
 6.1068E-01 
 6.0938E-01 
 6.0772E-01 
 6.0592E-01 
 6.0440E-01 
 6.0350E-01 
 6.0335E-01 
 6.0390E-01 
 6.0470E-01 
 6.0507E-01 
 6.0439E-01 
 6.0210E-01 
 5.9782E-01 
 5.9123E-01 
 5.8211E-01 
 5.7052E-01 
 5.5668E-01 
 5.4077E-01 
 5.2302E-01 
 5.0368E-01 
 4.8298E-01 
 4.6113E-01 
 4.3831E-01 
 4.1466E-01 
 3.9030E-01 
 3.6549E-01 
 3.4061E-01 
 3.1600E-01 
 2.9199E-01 
 2.6898E-01 
 2.4742E-01 
 2.2767E-01 
 2.0998E-01 
 1.9455E-01 
 1.8158E-01 
 1.7093E-01 
 1.6220E-01 
 1.5470E-01 
 1.4774E-01 
 1.4114E-01 
 1.3481E-01 
 1.2875E-01 
 1.2296E-01 
 1.1749E-01 
 1.1244E-01 
 1.0786E-01 
 1.0359E-01 
 9.9483E-02 
 7.0729E-01 
 7.0694E-01 
 7.0585E-01 
 7.0405E-01 
 7.0153E-01 
 6.9832E-01 
 6.9445E-01 
 6.9003E-01 
 6.8515E-01 
 6.7997E-01 
 6.7452E-01 
 6.6831E-01 
 6.6067E-01 
 6.5101E-01 
 6.3899E-01 
 6.2484E-01 
 6.0899E-01 
 5.9174E-01 
 5.7309E-01 
 5.5303E-01 
 5.3154E-01 
 5.0891E-01 
 4.8560E-01 
 4.6203E-01 
 4.3849E-01 
 4.1501E-01 
 3.9148E-01 
 3.6786E-01 
 3.4411E-01 
 3.2023E-01 
 2.9621E-01 
 2.7214E-01 
 2.4842E-01 
 2.2548E-01 
 2.0368E-01 
 1.8323E-01 
 1.6424E-01 
 1.4681E-01 
 1.3085E-01 
 1.1623E-01 
 1.0268E-01 
 8.9964E-02 
 7.7929E-02 
 6.6465E-02 
 5.5513E-02 
 4.5048E-02 
 3.5190E-02 
 2.6120E-02 
 1.7869E-02 
 1.0188E-02 
 2.7900E-03 
 6.6541E-01 
 6.6515E-01 
 6.6436E-01 
 6.6306E-01 
 6.6123E-01 
 6.5890E-01 
 6.5613E-01 
 6.5302E-01 
 6.4968E-01 
 6.4632E-01 
 6.4299E-01 
 6.3930E-01 
 6.3469E-01 
 6.2866E-01 
 6.2078E-01 
 6.1066E-01 
 5.9795E-01 
 5.8250E-01 
 5.6457E-01 
 5.4453E-01 
 5.2271E-01 
 4.9963E-01 
 4.7586E-01 
 4.5193E-01 
 4.2818E-01 
 4.0467E-01 
 3.8129E-01 
 3.5797E-01 
 3.3477E-01 
 3.1178E-01 
 2.8911E-01 
 2.6685E-01 
 2.4515E-01 
 2.2414E-01 
 2.0395E-01 
 1.8476E-01 
 1.6677E-01 
 1.5019E-01 
 1.3499E-01 
 1.2105E-01 
 1.0811E-01 
 9.5964E-02 
 8.4462E-02 
 7.3501E-02 
 6.3028E-02 
 5.3020E-02 
 4.3591E-02 
 3.4912E-02 
 2.7016E-02 
 1.9665E-02 
 1.2585E-02 
 6.1796E-01 
 6.1749E-01 
 6.1606E-01 
 6.1369E-01 
 6.1039E-01 
 6.0618E-01 
 6.0139E-01 
 5.9658E-01 
 5.9233E-01 
 5.8947E-01 
 5.8850E-01 
 5.8902E-01 
 5.9044E-01 
 5.9209E-01 
 5.9269E-01 
 5.9111E-01 
 5.8675E-01 
 5.7931E-01 
 5.6882E-01 
 5.5535E-01 
 5.3904E-01 
 5.2035E-01 
 4.9978E-01 
 4.7779E-01 
 4.5471E-01 
 4.3065E-01 
 4.0572E-01 
 3.8002E-01 
 3.5387E-01 
 3.2758E-01 
 3.0144E-01 
 2.7576E-01 
 2.5094E-01 
 2.2733E-01 
 2.0522E-01 
 1.8484E-01 
 1.6637E-01 
 1.4995E-01 
 1.3545E-01 
 1.2263E-01 
 1.1116E-01 
 1.0076E-01 
 9.1258E-02 
 8.2488E-02 
 7.4343E-02 
 6.6739E-02 
 5.9706E-02 
 5.3318E-02 
 4.7554E-02 
 4.2220E-02 
 3.7101E-02 
 7.0123E-01 
 7.0095E-01 
 7.0007E-01 
 6.9862E-01 
 6.9660E-01 
 6.9403E-01 
 6.9105E-01 
 6.8796E-01 
 6.8498E-01 
 6.8218E-01 
 6.7932E-01 
 6.7568E-01 
 6.7043E-01 
 6.6283E-01 
 6.5213E-01 
 6.3798E-01 
 6.2054E-01 
 6.0016E-01 
 5.7753E-01 
 5.5329E-01 
 5.2806E-01 
 5.0237E-01 
 4.7670E-01 
 4.5150E-01 
 4.2699E-01 
 4.0313E-01 
 3.7979E-01 
 3.5690E-01 
 3.3440E-01 
 3.1228E-01 
 2.9054E-01 
 2.6929E-01 
 2.4902E-01 
 2.3015E-01 
 2.1305E-01 
 1.9801E-01 
 1.8534E-01 
 1.7523E-01 
 1.6735E-01 
 1.6112E-01 
 1.5575E-01 
 1.5069E-01 
 1.4587E-01 
 1.4125E-01 
 1.3684E-01 
 1.3263E-01 
 1.2868E-01 
 1.2504E-01 
 1.2173E-01 
 1.1865E-01 
 1.1568E-01 
 6.3852E-01 
 6.3810E-01 
 6.3681E-01 
 6.3470E-01 
 6.3176E-01 
 6.2801E-01 
 6.2391E-01 
 6.2035E-01 
 6.1816E-01 
 6.1794E-01 
 6.1951E-01 
 6.2174E-01 
 6.2329E-01 
 6.2305E-01 
 6.2028E-01 
 6.1458E-01 
 6.0608E-01 
 5.9497E-01 
 5.8127E-01 
 5.6502E-01 
 5.4635E-01 
 5.2571E-01 
 5.0366E-01 
 4.8070E-01 
 4.5712E-01 
 4.3300E-01 
 4.0833E-01 
 3.8317E-01 
 3.5771E-01 
 3.3219E-01 
 3.0682E-01 
 2.8190E-01 
 2.5790E-01 
 2.3529E-01 
 2.1433E-01 
 1.9503E-01 
 1.7732E-01 
 1.6107E-01 
 1.4613E-01 
 1.3232E-01 
 1.1941E-01 
 1.0722E-01 
 9.5663E-02 
 8.4640E-02 
 7.4108E-02 
 6.4060E-02 
 5.4624E-02 
 4.5963E-02 
 3.8079E-02 
 3.0727E-02 
 2.3641E-02 
 6.8832E-01 
 6.8786E-01 
 6.8646E-01 
 6.8414E-01 
 6.8092E-01 
 6.7681E-01 
 6.7214E-01 
 6.6752E-01 
 6.6353E-01 
 6.6048E-01 
 6.5821E-01 
 6.5575E-01 
 6.5192E-01 
 6.4565E-01 
 6.3623E-01 
 6.2385E-01 
 6.0889E-01 
 5.9170E-01 
 5.7261E-01 
 5.5189E-01 
 5.2986E-01 
 5.0703E-01 
 4.8394E-01 
 4.6111E-01 
 4.3880E-01 
 4.1698E-01 
 3.9548E-01 
 3.7419E-01 
 3.5292E-01 
 3.3149E-01 
 3.0975E-01 
 2.8767E-01 
 2.6549E-01 
 2.4342E-01 
 2.2177E-01 
 2.0100E-01 
 1.8166E-01 
 1.6418E-01 
 1.4860E-01 
 1.3480E-01 
 1.2241E-01 
 1.1116E-01 
 1.0084E-01 
 9.1309E-02 
 8.2441E-02 
 7.4152E-02 
 6.6489E-02 
 5.9531E-02 
 5.3246E-02 
 4.7420E-02 
 4.1824E-02 
 6.5670E-01 
 6.5639E-01 
 6.5542E-01 
 6.5382E-01 
 6.5160E-01 
 6.4876E-01 
 6.4551E-01 
 6.4224E-01 
 6.3932E-01 
 6.3703E-01 
 6.3534E-01 
 6.3364E-01 
 6.3125E-01 
 6.2754E-01 
 6.2202E-01 
 6.1445E-01 
 6.0469E-01 
 5.9268E-01 
 5.7844E-01 
 5.6203E-01 
 5.4358E-01 
 5.2347E-01 
 5.0218E-01 
 4.8012E-01 
 4.5756E-01 
 4.3459E-01 
 4.1123E-01 
 3.8751E-01 
 3.6339E-01 
 3.3878E-01 
 3.1362E-01 
 2.8803E-01 
 2.6238E-01 
 2.3700E-01 
 2.1229E-01 
 1.8882E-01 
 1.6717E-01 
 1.4779E-01 
 1.3069E-01 
 1.1567E-01 
 1.0228E-01 
 9.0211E-02 
 7.9217E-02 
 6.9115E-02 
 5.9763E-02 
 5.1064E-02 
 4.3060E-02 
 3.5819E-02 
 2.9285E-02 
 2.3229E-02 
 1.7412E-02 
 6.6915E-01 
 6.6871E-01 
 6.6737E-01 
 6.6515E-01 
 6.6207E-01 
 6.5815E-01 
 6.5374E-01 
 6.4957E-01 
 6.4626E-01 
 6.4414E-01 
 6.4289E-01 
 6.4174E-01 
 6.3986E-01 
 6.3654E-01 
 6.3117E-01 
 6.2324E-01 
 6.1251E-01 
 5.9918E-01 
 5.8349E-01 
 5.6568E-01 
 5.4599E-01 
 5.2476E-01 
 5.0233E-01 
 4.7901E-01 
 4.5499E-01 
 4.3039E-01 
 4.0528E-01 
 3.7979E-01 
 3.5406E-01 
 3.2829E-01 
 3.0263E-01 
 2.7729E-01 
 2.5256E-01 
 2.2867E-01 
 2.0592E-01 
 1.8469E-01 
 1.6540E-01 
 1.4828E-01 
 1.3323E-01 
 1.1998E-01 
 1.0815E-01 
 9.7425E-02 
 8.7614E-02 
 7.8549E-02 
 7.0119E-02 
 6.2253E-02 
 5.4997E-02 
 4.8422E-02 
 4.2482E-02 
 3.6971E-02 
 3.1676E-02 
 6.4058E-01 
 6.4025E-01 
 6.3927E-01 
 6.3764E-01 
 6.3538E-01 
 6.3249E-01 
 6.2923E-01 
 6.2616E-01 
 6.2386E-01 
 6.2280E-01 
 6.2316E-01 
 6.2444E-01 
 6.2593E-01 
 6.2692E-01 
 6.2607E-01 
 6.2210E-01 
 6.1454E-01 
 6.0332E-01 
 5.8891E-01 
 5.7186E-01 
 5.5271E-01 
 5.3199E-01 
 5.1024E-01 
 4.8791E-01 
 4.6537E-01 
 4.4269E-01 
 4.1988E-01 
 3.9699E-01 
 3.7405E-01 
 3.5116E-01 
 3.2838E-01 
 3.0578E-01 
 2.8343E-01 
 2.6136E-01 
 2.3971E-01 
 2.1871E-01 
 1.9870E-01 
 1.7995E-01 
 1.6253E-01 
 1.4635E-01 
 1.3119E-01 
 1.1687E-01 
 1.0327E-01 
 9.0330E-02 
 7.7971E-02 
 6.6193E-02 
 5.5155E-02 
 4.5042E-02 
 3.5831E-02 
 2.7233E-02 
 1.8941E-02 
 6.3039E-01 
 6.3024E-01 
 6.2979E-01 
 6.2905E-01 
 6.2802E-01 
 6.2670E-01 
 6.2529E-01 
 6.2418E-01 
 6.2379E-01 
 6.2456E-01 
 6.2663E-01 
 6.2902E-01 
 6.3049E-01 
 6.2993E-01 
 6.2644E-01 
 6.1958E-01 
 6.0958E-01 
 5.9679E-01 
 5.8155E-01 
 5.6421E-01 
 5.4512E-01 
 5.2470E-01 
 5.0343E-01 
 4.8173E-01 
 4.5987E-01 
 4.3783E-01 
 4.1550E-01 
 3.9283E-01 
 3.6985E-01 
 3.4662E-01 
 3.2319E-01 
 2.9970E-01 
 2.7632E-01 
 2.5324E-01 
 2.3071E-01 
 2.0907E-01 
 1.8881E-01 
 1.7024E-01 
 1.5347E-01 
 1.3836E-01 
 1.2461E-01 
 1.1198E-01 
 1.0031E-01 
 8.9464E-02 
 7.9317E-02 
 6.9805E-02 
 6.1006E-02 
 5.3018E-02 
 4.5782E-02 
 3.9055E-02 
 3.2582E-02 
 6.0925E-01 
 6.0902E-01 
 6.0833E-01 
 6.0719E-01 
 6.0560E-01 
 6.0357E-01 
 6.0123E-01 
 5.9892E-01 
 5.9700E-01 
 5.9600E-01 
 5.9639E-01 
 5.9780E-01 
 5.9962E-01 
 6.0122E-01 
 6.0160E-01 
 5.9980E-01 
 5.9554E-01 
 5.8872E-01 
 5.7926E-01 
 5.6714E-01 
 5.5241E-01 
 5.3540E-01 
 5.1662E-01 
 4.9654E-01 
 4.7549E-01 
 4.5350E-01 
 4.3052E-01 
 4.0656E-01 
 3.8180E-01 
 3.5652E-01 
 3.3098E-01 
 3.0545E-01 
 2.8030E-01 
 2.5585E-01 
 2.3242E-01 
 2.1036E-01 
 1.9003E-01 
 1.7167E-01 
 1.5536E-01 
 1.4090E-01 
 1.2791E-01 
 1.1612E-01 
 1.0531E-01 
 9.5320E-02 
 8.6014E-02 
 7.7322E-02 
 6.9306E-02 
 6.2047E-02 
 5.5477E-02 
 4.9373E-02 
 4.3502E-02 
 6.6532E-01 
 6.6524E-01 
 6.6500E-01 
 6.6460E-01 
 6.6404E-01 
 6.6332E-01 
 6.6246E-01 
 6.6144E-01 
 6.6032E-01 
 6.5939E-01 
 6.5897E-01 
 6.5863E-01 
 6.5766E-01 
 6.5540E-01 
 6.5072E-01 
 6.4269E-01 
 6.3139E-01 
 6.1706E-01 
 6.0008E-01 
 5.8087E-01 
 5.5982E-01 
 5.3731E-01 
 5.1372E-01 
 4.8938E-01 
 4.6460E-01 
 4.3957E-01 
 4.1448E-01 
 3.8946E-01 
 3.6466E-01 
 3.4016E-01 
 3.1606E-01 
 2.9244E-01 
 2.6940E-01 
 2.4701E-01 
 2.2539E-01 
 2.0480E-01 
 1.8560E-01 
 1.6809E-01 
 1.5236E-01 
 1.3828E-01 
 1.2552E-01 
 1.1387E-01 
 1.0314E-01 
 9.3198E-02 
 8.3915E-02 
 7.5228E-02 
 6.7206E-02 
 5.9934E-02 
 5.3349E-02 
 4.7228E-02 
 4.1340E-02 
 6.1370E-01 
 6.1319E-01 
 6.1162E-01 
 6.0903E-01 
 6.0543E-01 
 6.0085E-01 
 5.9559E-01 
 5.9042E-01 
 5.8611E-01 
 5.8337E-01 
 5.8256E-01 
 5.8321E-01 
 5.8476E-01 
 5.8661E-01 
 5.8794E-01 
 5.8800E-01 
 5.8653E-01 
 5.8319E-01 
 5.7727E-01 
 5.6811E-01 
 5.5536E-01 
 5.3931E-01 
 5.2054E-01 
 4.9954E-01 
 4.7680E-01 
 4.5283E-01 
 4.2807E-01 
 4.0291E-01 
 3.7762E-01 
 3.5240E-01 
 3.2742E-01 
 3.0296E-01 
 2.7932E-01 
 2.5682E-01 
 2.3580E-01 
 2.1667E-01 
 1.9996E-01 
 1.8589E-01 
 1.7434E-01 
 1.6463E-01 
 1.5584E-01 
 1.4760E-01 
 1.3974E-01 
 1.3222E-01 
 1.2504E-01 
 1.1822E-01 
 1.1185E-01 
 1.0604E-01 
 1.0074E-01 
 9.5785E-02 
 9.1002E-02 
 7.1276E-01 
 7.1213E-01 
 7.1020E-01 
 7.0703E-01 
 7.0262E-01 
 6.9699E-01 
 6.9051E-01 
 6.8411E-01 
 6.7873E-01 
 6.7526E-01 
 6.7412E-01 
 6.7394E-01 
 6.7299E-01 
 6.6971E-01 
 6.6279E-01 
 6.5155E-01 
 6.3631E-01 
 6.1777E-01 
 5.9666E-01 
 5.7370E-01 
 5.4953E-01 
 5.2461E-01 
 4.9930E-01 
 4.7390E-01 
 4.4866E-01 
 4.2364E-01 
 3.9887E-01 
 3.7437E-01 
 3.5028E-01 
 3.2674E-01 
 3.0388E-01 
 2.8186E-01 
 2.6082E-01 
 2.4092E-01 
 2.2232E-01 
 2.0523E-01 
 1.8990E-01 
 1.7650E-01 
 1.6501E-01 
 1.5496E-01 
 1.4576E-01 
 1.3713E-01 
 1.2891E-01 
 1.2104E-01 
 1.1353E-01 
 1.0640E-01 
 9.9745E-02 
 9.3674E-02 
 8.8135E-02 
 8.2955E-02 
 7.7954E-02 
 7.2328E-01 
 7.2279E-01 
 7.2131E-01 
 7.1886E-01 
 7.1544E-01 
 7.1109E-01 
 7.0601E-01 
 7.0082E-01 
 6.9617E-01 
 6.9270E-01 
 6.9048E-01 
 6.8839E-01 
 6.8520E-01 
 6.7981E-01 
 6.7124E-01 
 6.5876E-01 
 6.4268E-01 
 6.2378E-01 
 6.0265E-01 
 5.7985E-01 
 5.5586E-01 
 5.3115E-01 
 5.0612E-01 
 4.8114E-01 
 4.5639E-01 
 4.3182E-01 
 4.0737E-01 
 3.8300E-01 
 3.5870E-01 
 3.3447E-01 
 3.1030E-01 
 2.8638E-01 
 2.6296E-01 
 2.4036E-01 
 2.1883E-01 
 1.9866E-01 
 1.8013E-01 
 1.6339E-01 
 1.4844E-01 
 1.3504E-01 
 1.2288E-01 
 1.1175E-01 
 1.0148E-01 
 9.1937E-02 
 8.3015E-02 
 7.4674E-02 
 6.6989E-02 
 6.0035E-02 
 5.3732E-02 
 4.7866E-02 
 4.2219E-02 
 7.2476E-01 
 7.2431E-01 
 7.2291E-01 
 7.2061E-01 
 7.1741E-01 
 7.1332E-01 
 7.0854E-01 
 7.0354E-01 
 6.9880E-01 
 6.9487E-01 
 6.9199E-01 
 6.8912E-01 
 6.8502E-01 
 6.7861E-01 
 6.6919E-01 
 6.5651E-01 
 6.4088E-01 
 6.2274E-01 
 6.0232E-01 
 5.7980E-01 
 5.5542E-01 
 5.2967E-01 
 5.0313E-01 
 4.7632E-01 
 4.4966E-01 
 4.2336E-01 
 3.9756E-01 
 3.7240E-01 
 3.4797E-01 
 3.2435E-01 
 3.0160E-01 
 2.7985E-01 
 2.5938E-01 
 2.4055E-01 
 2.2360E-01 
 2.0870E-01 
 1.9603E-01 
 1.8563E-01 
 1.7743E-01 
 1.7077E-01 
 1.6494E-01 
 1.5959E-01 
 1.5450E-01 
 1.4960E-01 
 1.4492E-01 
 1.4049E-01 
 1.3636E-01 
 1.3260E-01 
 1.2916E-01 
 1.2594E-01 
 1.2284E-01 
 5.9015E-01 
 5.9012E-01 
 5.9006E-01 
 5.8996E-01 
 5.8983E-01 
 5.8968E-01 
 5.8951E-01 
 5.8943E-01 
 5.8983E-01 
 5.9065E-01 
 5.9149E-01 
 5.9196E-01 
 5.9152E-01 
 5.8967E-01 
 5.8596E-01 
 5.7985E-01 
 5.7096E-01 
 5.5975E-01 
 5.4680E-01 
 5.3237E-01 
 5.1657E-01 
 4.9949E-01 
 4.8110E-01 
 4.6108E-01 
 4.3977E-01 
 4.1785E-01 
 3.9577E-01 
 3.7369E-01 
 3.5169E-01 
 3.2990E-01 
 3.0872E-01 
 2.8875E-01 
 2.7050E-01 
 2.5418E-01 
 2.3955E-01 
 2.2572E-01 
 2.1199E-01 
 1.9796E-01 
 1.8374E-01 
 1.6963E-01 
 1.5584E-01 
 1.4251E-01 
 1.2966E-01 
 1.1733E-01 
 1.0549E-01 
 9.4139E-02 
 8.3301E-02 
 7.3060E-02 
 6.3444E-02 
 5.4277E-02 
 4.5334E-02 
 5.5043E-01 
 5.5036E-01 
 5.5015E-01 
 5.4981E-01 
 5.4933E-01 
 5.4872E-01 
 5.4799E-01 
 5.4714E-01 
 5.4642E-01 
 5.4653E-01 
 5.4806E-01 
 5.5056E-01 
 5.5314E-01 
 5.5502E-01 
 5.5561E-01 
 5.5446E-01 
 5.5122E-01 
 5.4558E-01 
 5.3749E-01 
 5.2699E-01 
 5.1417E-01 
 4.9919E-01 
 4.8245E-01 
 4.6438E-01 
 4.4537E-01 
 4.2573E-01 
 4.0562E-01 
 3.8515E-01 
 3.6438E-01 
 3.4364E-01 
 3.2370E-01 
 3.0536E-01 
 2.8927E-01 
 2.7581E-01 
 2.6427E-01 
 2.5363E-01 
 2.4296E-01 
 2.3181E-01 
 2.2024E-01 
 2.0845E-01 
 1.9670E-01 
 1.8518E-01 
 1.7402E-01 
 1.6329E-01 
 1.5299E-01 
 1.4311E-01 
 1.3367E-01 
 1.2471E-01 
 1.1622E-01 
 1.0806E-01 
 1.0006E-01 


!ti from confinement nodes [keV]
POINTS 51 GRIDTYPE 14 NAMEXP TI NTIMES 29 
 3.0030E-01 
  3.5030E-01 
  4.0030E-01 
  4.5030E-01 
  5.0030E-01 
  5.5030E-01 
  6.0030E-01 
  6.5030E-01 
  7.0030E-01 
  7.5030E-01 
  8.0030E-01 
  8.5030E-01 
  9.0030E-01 
  9.5030E-01 
  1.0003E+00 
  1.0503E+00 
  1.1003E+00 
  1.1503E+00 
  1.2003E+00 
  1.2503E+00 
  1.3003E+00 
  1.3503E+00 
  1.4003E+00 
  1.4503E+00 
  1.5003E+00 
  1.5503E+00 
  1.6003E+00 
  1.6503E+00 
  1.7003E+00 
  0.0000E+00 
  2.0000E-02 
  4.0000E-02 
  6.0000E-02 
  8.0000E-02 
  1.0000E-01 
  1.2000E-01 
  1.4000E-01 
  1.6000E-01 
  1.8000E-01 
  2.0000E-01 
  2.2000E-01 
  2.4000E-01 
  2.6000E-01 
  2.8000E-01 
  3.0000E-01 
  3.2000E-01 
  3.4000E-01 
  3.6000E-01 
  3.8000E-01 
  4.0000E-01 
  4.2000E-01 
  4.4000E-01 
  4.6000E-01 
  4.8000E-01 
  5.0000E-01 
  5.2000E-01 
  5.4000E-01 
  5.6000E-01 
  5.8000E-01 
  6.0000E-01 
  6.2000E-01 
  6.4000E-01 
  6.6000E-01 
  6.8000E-01 
  7.0000E-01 
  7.2000E-01 
  7.4000E-01 
  7.6000E-01 
  7.8000E-01 
  8.0000E-01 
  8.2000E-01 
  8.4000E-01 
  8.6000E-01 
  8.8000E-01 
  9.0000E-01 
  9.2000E-01 
  9.4000E-01 
  9.6000E-01 
  9.8000E-01 
  1.0000E+00 
  3.4929E-01 
 3.4907E-01 
 3.4837E-01 
 3.4722E-01 
 3.4562E-01 
 3.4358E-01 
 3.4130E-01 
 3.3914E-01 
 3.3739E-01 
 3.3627E-01 
 3.3598E-01 
 3.3636E-01 
 3.3689E-01 
 3.3704E-01 
 3.3637E-01 
 3.3463E-01 
 3.3163E-01 
 3.2719E-01 
 3.2129E-01 
 3.1400E-01 
 3.0543E-01 
 2.9568E-01 
 2.8492E-01 
 2.7328E-01 
 2.6090E-01 
 2.4790E-01 
 2.3436E-01 
 2.2035E-01 
 2.0599E-01 
 1.9146E-01 
 1.7695E-01 
 1.6266E-01 
 1.4874E-01 
 1.3542E-01 
 1.2287E-01 
 1.1121E-01 
 1.0048E-01 
 9.0711E-02 
 8.1901E-02 
 7.3944E-02 
 6.6694E-02 
 5.9984E-02 
 5.3683E-02 
 4.7701E-02 
 4.1982E-02 
 3.6503E-02 
 3.1295E-02 
 2.6462E-02 
 2.2069E-02 
 1.8003E-02 
 1.4100E-02 
 3.9341E-01 
 3.9331E-01 
 3.9303E-01 
 3.9255E-01 
 3.9189E-01 
 3.9104E-01 
 3.9003E-01 
 3.8886E-01 
 3.8756E-01 
 3.8610E-01 
 3.8447E-01 
 3.8228E-01 
 3.7902E-01 
 3.7418E-01 
 3.6736E-01 
 3.5871E-01 
 3.4856E-01 
 3.3722E-01 
 3.2503E-01 
 3.1233E-01 
 2.9942E-01 
 2.8651E-01 
 2.7374E-01 
 2.6121E-01 
 2.4899E-01 
 2.3709E-01 
 2.2547E-01 
 2.1409E-01 
 2.0284E-01 
 1.9155E-01 
 1.8004E-01 
 1.6821E-01 
 1.5608E-01 
 1.4372E-01 
 1.3127E-01 
 1.1889E-01 
 1.0690E-01 
 9.5598E-02 
 8.5169E-02 
 7.5555E-02 
 6.6626E-02 
 5.8238E-02 
 5.0283E-02 
 4.2697E-02 
 3.5437E-02 
 2.8480E-02 
 2.1870E-02 
 1.5736E-02 
 1.0161E-02 
 5.0002E-03 
 4.5984E-05 
 3.5649E-01 
 3.5646E-01 
 3.5637E-01 
 3.5623E-01 
 3.5604E-01 
 3.5578E-01 
 3.5543E-01 
 3.5491E-01 
 3.5424E-01 
 3.5355E-01 
 3.5298E-01 
 3.5231E-01 
 3.5113E-01 
 3.4905E-01 
 3.4571E-01 
 3.4098E-01 
 3.3484E-01 
 3.2728E-01 
 3.1841E-01 
 3.0839E-01 
 2.9739E-01 
 2.8561E-01 
 2.7336E-01 
 2.6091E-01 
 2.4852E-01 
 2.3622E-01 
 2.2395E-01 
 2.1165E-01 
 1.9927E-01 
 1.8678E-01 
 1.7414E-01 
 1.6136E-01 
 1.4852E-01 
 1.3578E-01 
 1.2326E-01 
 1.1119E-01 
 9.9892E-02 
 8.9669E-02 
 8.0703E-02 
 7.2897E-02 
 6.6074E-02 
 6.0019E-02 
 5.4568E-02 
 4.9599E-02 
 4.5021E-02 
 4.0771E-02 
 3.6832E-02 
 3.3245E-02 
 3.0020E-02 
 2.7057E-02 
 2.4223E-02 
 3.5225E-01 
 3.5216E-01 
 3.5191E-01 
 3.5150E-01 
 3.5093E-01 
 3.5019E-01 
 3.4933E-01 
 3.4840E-01 
 3.4746E-01 
 3.4670E-01 
 3.4623E-01 
 3.4581E-01 
 3.4512E-01 
 3.4386E-01 
 3.4172E-01 
 3.3854E-01 
 3.3432E-01 
 3.2906E-01 
 3.2266E-01 
 3.1504E-01 
 3.0616E-01 
 2.9613E-01 
 2.8517E-01 
 2.7348E-01 
 2.6125E-01 
 2.4869E-01 
 2.3600E-01 
 2.2335E-01 
 2.1087E-01 
 1.9867E-01 
 1.8683E-01 
 1.7538E-01 
 1.6432E-01 
 1.5357E-01 
 1.4311E-01 
 1.3294E-01 
 1.2311E-01 
 1.1365E-01 
 1.0458E-01 
 9.5933E-02 
 8.7694E-02 
 7.9836E-02 
 7.2342E-02 
 6.5200E-02 
 5.8383E-02 
 5.1858E-02 
 4.5674E-02 
 3.9953E-02 
 3.4754E-02 
 2.9931E-02 
 2.5296E-02 
 3.6358E-01 
 3.6341E-01 
 3.6290E-01 
 3.6206E-01 
 3.6089E-01 
 3.5940E-01 
 3.5774E-01 
 3.5611E-01 
 3.5473E-01 
 3.5382E-01 
 3.5347E-01 
 3.5333E-01 
 3.5281E-01 
 3.5138E-01 
 3.4866E-01 
 3.4462E-01 
 3.3946E-01 
 3.3332E-01 
 3.2619E-01 
 3.1798E-01 
 3.0864E-01 
 2.9823E-01 
 2.8695E-01 
 2.7498E-01 
 2.6247E-01 
 2.4953E-01 
 2.3621E-01 
 2.2257E-01 
 2.0869E-01 
 1.9472E-01 
 1.8074E-01 
 1.6689E-01 
 1.5328E-01 
 1.4005E-01 
 1.2732E-01 
 1.1527E-01 
 1.0411E-01 
 9.4040E-02 
 8.5152E-02 
 7.7316E-02 
 7.0359E-02 
 6.4092E-02 
 5.8373E-02 
 5.3098E-02 
 4.8191E-02 
 4.3600E-02 
 3.9323E-02 
 3.5414E-02 
 3.1890E-02 
 2.8641E-02 
 2.5529E-02 
 4.0810E-01 
 4.0798E-01 
 4.0761E-01 
 4.0701E-01 
 4.0617E-01 
 4.0509E-01 
 4.0379E-01 
 4.0228E-01 
 4.0059E-01 
 3.9873E-01 
 3.9667E-01 
 3.9402E-01 
 3.9030E-01 
 3.8506E-01 
 3.7789E-01 
 3.6882E-01 
 3.5822E-01 
 3.4647E-01 
 3.3390E-01 
 3.2080E-01 
 3.0745E-01 
 2.9402E-01 
 2.8060E-01 
 2.6728E-01 
 2.5410E-01 
 2.4096E-01 
 2.2774E-01 
 2.1432E-01 
 2.0069E-01 
 1.8697E-01 
 1.7325E-01 
 1.5965E-01 
 1.4626E-01 
 1.3320E-01 
 1.2057E-01 
 1.0855E-01 
 9.7408E-02 
 8.7371E-02 
 7.8528E-02 
 7.0772E-02 
 6.3932E-02 
 5.7813E-02 
 5.2274E-02 
 4.7206E-02 
 4.2529E-02 
 3.8180E-02 
 3.4154E-02 
 3.0490E-02 
 2.7195E-02 
 2.4159E-02 
 2.1253E-02 
 4.2970E-01 
 4.2923E-01 
 4.2778E-01 
 4.2540E-01 
 4.2207E-01 
 4.1784E-01 
 4.1306E-01 
 4.0828E-01 
 4.0401E-01 
 4.0039E-01 
 3.9733E-01 
 3.9437E-01 
 3.9093E-01 
 3.8650E-01 
 3.8056E-01 
 3.7288E-01 
 3.6349E-01 
 3.5250E-01 
 3.4010E-01 
 3.2654E-01 
 3.1205E-01 
 2.9695E-01 
 2.8162E-01 
 2.6641E-01 
 2.5158E-01 
 2.3709E-01 
 2.2289E-01 
 2.0890E-01 
 1.9508E-01 
 1.8139E-01 
 1.6780E-01 
 1.5433E-01 
 1.4104E-01 
 1.2808E-01 
 1.1555E-01 
 1.0365E-01 
 9.2660E-02 
 8.2820E-02 
 7.4185E-02 
 6.6629E-02 
 5.9969E-02 
 5.4011E-02 
 4.8619E-02 
 4.3687E-02 
 3.9138E-02 
 3.4911E-02 
 3.1003E-02 
 2.7453E-02 
 2.4260E-02 
 2.1317E-02 
 1.8498E-02 
 3.7046E-01 
 3.7037E-01 
 3.7012E-01 
 3.6969E-01 
 3.6910E-01 
 3.6834E-01 
 3.6759E-01 
 3.6712E-01 
 3.6723E-01 
 3.6821E-01 
 3.7004E-01 
 3.7196E-01 
 3.7310E-01 
 3.7264E-01 
 3.6979E-01 
 3.6414E-01 
 3.5596E-01 
 3.4571E-01 
 3.3387E-01 
 3.2090E-01 
 3.0720E-01 
 2.9312E-01 
 2.7897E-01 
 2.6500E-01 
 2.5139E-01 
 2.3810E-01 
 2.2506E-01 
 2.1224E-01 
 1.9964E-01 
 1.8730E-01 
 1.7526E-01 
 1.6351E-01 
 1.5196E-01 
 1.4052E-01 
 1.2915E-01 
 1.1800E-01 
 1.0729E-01 
 9.7197E-02 
 8.7785E-02 
 7.8985E-02 
 7.0705E-02 
 6.2852E-02 
 5.5373E-02 
 4.8234E-02 
 4.1408E-02 
 3.4878E-02 
 2.8708E-02 
 2.3016E-02 
 1.7843E-02 
 1.3038E-02 
 8.4167E-03 
 3.7964E-01 
 3.7927E-01 
 3.7812E-01 
 3.7624E-01 
 3.7361E-01 
 3.7026E-01 
 3.6648E-01 
 3.6280E-01 
 3.5974E-01 
 3.5774E-01 
 3.5706E-01 
 3.5725E-01 
 3.5750E-01 
 3.5712E-01 
 3.5536E-01 
 3.5183E-01 
 3.4652E-01 
 3.3951E-01 
 3.3092E-01 
 3.2093E-01 
 3.0970E-01 
 2.9744E-01 
 2.8442E-01 
 2.7088E-01 
 2.5701E-01 
 2.4290E-01 
 2.2856E-01 
 2.1403E-01 
 1.9941E-01 
 1.8484E-01 
 1.7047E-01 
 1.5641E-01 
 1.4280E-01 
 1.2976E-01 
 1.1739E-01 
 1.0584E-01 
 9.5258E-02 
 8.5775E-02 
 7.7401E-02 
 7.0033E-02 
 6.3496E-02 
 5.7605E-02 
 5.2238E-02 
 4.7294E-02 
 4.2703E-02 
 3.8413E-02 
 3.4435E-02 
 3.0812E-02 
 2.7545E-02 
 2.4526E-02 
 2.1631E-02 
 3.9192E-01 
 3.9172E-01 
 3.9110E-01 
 3.9008E-01 
 3.8866E-01 
 3.8686E-01 
 3.8486E-01 
 3.8294E-01 
 3.8140E-01 
 3.8038E-01 
 3.7953E-01 
 3.7835E-01 
 3.7641E-01 
 3.7326E-01 
 3.6844E-01 
 3.6163E-01 
 3.5287E-01 
 3.4245E-01 
 3.3075E-01 
 3.1813E-01 
 3.0490E-01 
 2.9134E-01 
 2.7769E-01 
 2.6417E-01 
 2.5088E-01 
 2.3782E-01 
 2.2499E-01 
 2.1239E-01 
 2.0002E-01 
 1.8788E-01 
 1.7597E-01 
 1.6436E-01 
 1.5316E-01 
 1.4248E-01 
 1.3236E-01 
 1.2278E-01 
 1.1371E-01 
 1.0514E-01 
 9.7021E-02 
 8.9343E-02 
 8.2062E-02 
 7.5144E-02 
 6.8566E-02 
 6.2308E-02 
 5.6336E-02 
 5.0630E-02 
 4.5255E-02 
 4.0309E-02 
 3.5814E-02 
 3.1631E-02 
 2.7605E-02 
 3.5978E-01 
 3.5967E-01 
 3.5934E-01 
 3.5879E-01 
 3.5802E-01 
 3.5705E-01 
 3.5599E-01 
 3.5510E-01 
 3.5457E-01 
 3.5448E-01 
 3.5480E-01 
 3.5527E-01 
 3.5549E-01 
 3.5509E-01 
 3.5375E-01 
 3.5123E-01 
 3.4736E-01 
 3.4200E-01 
 3.3519E-01 
 3.2706E-01 
 3.1771E-01 
 3.0729E-01 
 2.9592E-01 
 2.8376E-01 
 2.7092E-01 
 2.5752E-01 
 2.4362E-01 
 2.2931E-01 
 2.1473E-01 
 2.0011E-01 
 1.8566E-01 
 1.7155E-01 
 1.5803E-01 
 1.4536E-01 
 1.3376E-01 
 1.2337E-01 
 1.1430E-01 
 1.0668E-01 
 1.0043E-01 
 9.5297E-02 
 9.0889E-02 
 8.6803E-02 
 8.2920E-02 
 7.9205E-02 
 7.5645E-02 
 7.2241E-02 
 6.9027E-02 
 6.6064E-02 
 6.3368E-02 
 6.0861E-02 
 5.8448E-02 
 4.1333E-01 
 4.1312E-01 
 4.1248E-01 
 4.1143E-01 
 4.0996E-01 
 4.0808E-01 
 4.0582E-01 
 4.0324E-01 
 4.0039E-01 
 3.9736E-01 
 3.9418E-01 
 3.9055E-01 
 3.8608E-01 
 3.8044E-01 
 3.7341E-01 
 3.6515E-01 
 3.5588E-01 
 3.4580E-01 
 3.3490E-01 
 3.2318E-01 
 3.1062E-01 
 2.9740E-01 
 2.8377E-01 
 2.7000E-01 
 2.5624E-01 
 2.4252E-01 
 2.2878E-01 
 2.1497E-01 
 2.0109E-01 
 1.8713E-01 
 1.7310E-01 
 1.5903E-01 
 1.4517E-01 
 1.3176E-01 
 1.1903E-01 
 1.0707E-01 
 9.5980E-02 
 8.5791E-02 
 7.6469E-02 
 6.7924E-02 
 6.0005E-02 
 5.2573E-02 
 4.5540E-02 
 3.8841E-02 
 3.2441E-02 
 2.6325E-02 
 2.0565E-02 
 1.5264E-02 
 1.0442E-02 
 5.9534E-03 
 1.6304E-03 
 3.8920E-01 
 3.8905E-01 
 3.8858E-01 
 3.8782E-01 
 3.8675E-01 
 3.8539E-01 
 3.8377E-01 
 3.8195E-01 
 3.8000E-01 
 3.7803E-01 
 3.7608E-01 
 3.7392E-01 
 3.7123E-01 
 3.6770E-01 
 3.6309E-01 
 3.5717E-01 
 3.4974E-01 
 3.4070E-01 
 3.3022E-01 
 3.1849E-01 
 3.0573E-01 
 2.9223E-01 
 2.7833E-01 
 2.6433E-01 
 2.5044E-01 
 2.3669E-01 
 2.2301E-01 
 2.0938E-01 
 1.9581E-01 
 1.8236E-01 
 1.6910E-01 
 1.5608E-01 
 1.4339E-01 
 1.3110E-01 
 1.1929E-01 
 1.0806E-01 
 9.7546E-02 
 8.7846E-02 
 7.8955E-02 
 7.0799E-02 
 6.3235E-02 
 5.6129E-02 
 4.9401E-02 
 4.2991E-02 
 3.6865E-02 
 3.1011E-02 
 2.5496E-02 
 2.0420E-02 
 1.5802E-02 
 1.1502E-02 
 7.3609E-03 
 3.6291E-01 
 3.6264E-01 
 3.6179E-01 
 3.6040E-01 
 3.5846E-01 
 3.5599E-01 
 3.5318E-01 
 3.5036E-01 
 3.4786E-01 
 3.4618E-01 
 3.4561E-01 
 3.4592E-01 
 3.4675E-01 
 3.4772E-01 
 3.4807E-01 
 3.4714E-01 
 3.4458E-01 
 3.4021E-01 
 3.3405E-01 
 3.2614E-01 
 3.1657E-01 
 3.0559E-01 
 2.9351E-01 
 2.8060E-01 
 2.6704E-01 
 2.5291E-01 
 2.3827E-01 
 2.2318E-01 
 2.0782E-01 
 1.9238E-01 
 1.7703E-01 
 1.6194E-01 
 1.4737E-01 
 1.3351E-01 
 1.2052E-01 
 1.0855E-01 
 9.7702E-02 
 8.8061E-02 
 7.9548E-02 
 7.2015E-02 
 6.5279E-02 
 5.9175E-02 
 5.3593E-02 
 4.8443E-02 
 4.3660E-02 
 3.9194E-02 
 3.5064E-02 
 3.1312E-02 
 2.7927E-02 
 2.4795E-02 
 2.1789E-02 
 4.1305E-01 
 4.1288E-01 
 4.1236E-01 
 4.1151E-01 
 4.1032E-01 
 4.0880E-01 
 4.0705E-01 
 4.0523E-01 
 4.0347E-01 
 4.0182E-01 
 4.0014E-01 
 3.9799E-01 
 3.9490E-01 
 3.9042E-01 
 3.8412E-01 
 3.7579E-01 
 3.6551E-01 
 3.5351E-01 
 3.4018E-01 
 3.2590E-01 
 3.1104E-01 
 2.9591E-01 
 2.8079E-01 
 2.6595E-01 
 2.5151E-01 
 2.3745E-01 
 2.2371E-01 
 2.1022E-01 
 1.9697E-01 
 1.8394E-01 
 1.7113E-01 
 1.5862E-01 
 1.4668E-01 
 1.3557E-01 
 1.2549E-01 
 1.1663E-01 
 1.0917E-01 
 1.0322E-01 
 9.8576E-02 
 9.4907E-02 
 9.1743E-02 
 8.8762E-02 
 8.5919E-02 
 8.3203E-02 
 8.0604E-02 
 7.8124E-02 
 7.5794E-02 
 7.3652E-02 
 7.1703E-02 
 6.9887E-02 
 6.8137E-02 
 3.7412E-01 
 3.7387E-01 
 3.7312E-01 
 3.7188E-01 
 3.7016E-01 
 3.6796E-01 
 3.6556E-01 
 3.6347E-01 
 3.6219E-01 
 3.6206E-01 
 3.6298E-01 
 3.6429E-01 
 3.6520E-01 
 3.6506E-01 
 3.6343E-01 
 3.6009E-01 
 3.5511E-01 
 3.4860E-01 
 3.4058E-01 
 3.3106E-01 
 3.2011E-01 
 3.0802E-01 
 2.9510E-01 
 2.8165E-01 
 2.6783E-01 
 2.5370E-01 
 2.3925E-01 
 2.2451E-01 
 2.0959E-01 
 1.9463E-01 
 1.7977E-01 
 1.6517E-01 
 1.5111E-01 
 1.3786E-01 
 1.2558E-01 
 1.1427E-01 
 1.0389E-01 
 9.4374E-02 
 8.5622E-02 
 7.7527E-02 
 6.9962E-02 
 6.2824E-02 
 5.6051E-02 
 4.9592E-02 
 4.3421E-02 
 3.7534E-02 
 3.2005E-02 
 2.6931E-02 
 2.2311E-02 
 1.8003E-02 
 1.3851E-02 
 4.0424E-01 
 4.0397E-01 
 4.0314E-01 
 4.0178E-01 
 3.9989E-01 
 3.9748E-01 
 3.9473E-01 
 3.9203E-01 
 3.8968E-01 
 3.8789E-01 
 3.8655E-01 
 3.8511E-01 
 3.8286E-01 
 3.7918E-01 
 3.7365E-01 
 3.6637E-01 
 3.5759E-01 
 3.4750E-01 
 3.3628E-01 
 3.2412E-01 
 3.1118E-01 
 2.9777E-01 
 2.8421E-01 
 2.7080E-01 
 2.5770E-01 
 2.4488E-01 
 2.3226E-01 
 2.1975E-01 
 2.0726E-01 
 1.9468E-01 
 1.8191E-01 
 1.6894E-01 
 1.5592E-01 
 1.4296E-01 
 1.3024E-01 
 1.1804E-01 
 1.0668E-01 
 9.6417E-02 
 8.7273E-02 
 7.9165E-02 
 7.1891E-02 
 6.5280E-02 
 5.9222E-02 
 5.3624E-02 
 4.8416E-02 
 4.3548E-02 
 3.9048E-02 
 3.4961E-02 
 3.1270E-02 
 2.7849E-02 
 2.4562E-02 
 3.8276E-01 
 3.8258E-01 
 3.8201E-01 
 3.8108E-01 
 3.7978E-01 
 3.7813E-01 
 3.7624E-01 
 3.7433E-01 
 3.7263E-01 
 3.7130E-01 
 3.7031E-01 
 3.6932E-01 
 3.6793E-01 
 3.6576E-01 
 3.6255E-01 
 3.5813E-01 
 3.5245E-01 
 3.4544E-01 
 3.3714E-01 
 3.2758E-01 
 3.1682E-01 
 3.0511E-01 
 2.9270E-01 
 2.7984E-01 
 2.6669E-01 
 2.5330E-01 
 2.3969E-01 
 2.2586E-01 
 2.1180E-01 
 1.9746E-01 
 1.8279E-01 
 1.6788E-01 
 1.5293E-01 
 1.3813E-01 
 1.2373E-01 
 1.1005E-01 
 9.7436E-02 
 8.6139E-02 
 7.6174E-02 
 6.7416E-02 
 5.9617E-02 
 5.2580E-02 
 4.6172E-02 
 4.0284E-02 
 3.4833E-02 
 2.9763E-02 
 2.5098E-02 
 2.0877E-02 
 1.7069E-02 
 1.3539E-02 
 1.0149E-02 
 3.9118E-01 
 3.9093E-01 
 3.9014E-01 
 3.8885E-01 
 3.8704E-01 
 3.8475E-01 
 3.8218E-01 
 3.7973E-01 
 3.7780E-01 
 3.7656E-01 
 3.7583E-01 
 3.7516E-01 
 3.7406E-01 
 3.7212E-01 
 3.6898E-01 
 3.6434E-01 
 3.5807E-01 
 3.5028E-01 
 3.4111E-01 
 3.3069E-01 
 3.1918E-01 
 3.0677E-01 
 2.9366E-01 
 2.8003E-01 
 2.6599E-01 
 2.5161E-01 
 2.3693E-01 
 2.2202E-01 
 2.0698E-01 
 1.9192E-01 
 1.7692E-01 
 1.6210E-01 
 1.4765E-01 
 1.3368E-01 
 1.2038E-01 
 1.0797E-01 
 9.6690E-02 
 8.6683E-02 
 7.7884E-02 
 7.0139E-02 
 6.3221E-02 
 5.6954E-02 
 5.1219E-02 
 4.5919E-02 
 4.0991E-02 
 3.6393E-02 
 3.2151E-02 
 2.8307E-02 
 2.4835E-02 
 2.1613E-02 
 1.8518E-02 
 3.7482E-01 
 3.7463E-01 
 3.7405E-01 
 3.7310E-01 
 3.7178E-01 
 3.7009E-01 
 3.6818E-01 
 3.6639E-01 
 3.6504E-01 
 3.6442E-01 
 3.6463E-01 
 3.6538E-01 
 3.6625E-01 
 3.6683E-01 
 3.6633E-01 
 3.6401E-01 
 3.5959E-01 
 3.5302E-01 
 3.4458E-01 
 3.3461E-01 
 3.2341E-01 
 3.1128E-01 
 2.9855E-01 
 2.8549E-01 
 2.7230E-01 
 2.5903E-01 
 2.4569E-01 
 2.3229E-01 
 2.1887E-01 
 2.0548E-01 
 1.9215E-01 
 1.7892E-01 
 1.6584E-01 
 1.5293E-01 
 1.4026E-01 
 1.2798E-01 
 1.1627E-01 
 1.0529E-01 
 9.5101E-02 
 8.5636E-02 
 7.6763E-02 
 6.8382E-02 
 6.0429E-02 
 5.2855E-02 
 4.5623E-02 
 3.8731E-02 
 3.2273E-02 
 2.6355E-02 
 2.0966E-02 
 1.5935E-02 
 1.1083E-02 
 3.6509E-01 
 3.6501E-01 
 3.6475E-01 
 3.6432E-01 
 3.6372E-01 
 3.6296E-01 
 3.6214E-01 
 3.6149E-01 
 3.6127E-01 
 3.6172E-01 
 3.6291E-01 
 3.6430E-01 
 3.6515E-01 
 3.6482E-01 
 3.6280E-01 
 3.5883E-01 
 3.5304E-01 
 3.4563E-01 
 3.3681E-01 
 3.2677E-01 
 3.1571E-01 
 3.0388E-01 
 2.9156E-01 
 2.7899E-01 
 2.6633E-01 
 2.5357E-01 
 2.4064E-01 
 2.2751E-01 
 2.1420E-01 
 2.0075E-01 
 1.8718E-01 
 1.7357E-01 
 1.6003E-01 
 1.4666E-01 
 1.3361E-01 
 1.2109E-01 
 1.0935E-01 
 9.8594E-02 
 8.8882E-02 
 8.0133E-02 
 7.2168E-02 
 6.4854E-02 
 5.8096E-02 
 5.1813E-02 
 4.5936E-02 
 4.0428E-02 
 3.5332E-02 
 3.0705E-02 
 2.6515E-02 
 2.2619E-02 
 1.8870E-02 
 3.5359E-01 
 3.5346E-01 
 3.5306E-01 
 3.5240E-01 
 3.5147E-01 
 3.5030E-01 
 3.4894E-01 
 3.4760E-01 
 3.4648E-01 
 3.4590E-01 
 3.4613E-01 
 3.4695E-01 
 3.4800E-01 
 3.4893E-01 
 3.4915E-01 
 3.4811E-01 
 3.4564E-01 
 3.4168E-01 
 3.3619E-01 
 3.2915E-01 
 3.2060E-01 
 3.1073E-01 
 2.9983E-01 
 2.8818E-01 
 2.7596E-01 
 2.6320E-01 
 2.4986E-01 
 2.3596E-01 
 2.2158E-01 
 2.0692E-01 
 1.9209E-01 
 1.7728E-01 
 1.6268E-01 
 1.4849E-01 
 1.3489E-01 
 1.2209E-01 
 1.1029E-01 
 9.9632E-02 
 9.0167E-02 
 8.1774E-02 
 7.4236E-02 
 6.7392E-02 
 6.1120E-02 
 5.5321E-02 
 4.9920E-02 
 4.4875E-02 
 4.0223E-02 
 3.6010E-02 
 3.2197E-02 
 2.8655E-02 
 2.5248E-02 
 3.8726E-01 
 3.8722E-01 
 3.8708E-01 
 3.8684E-01 
 3.8652E-01 
 3.8610E-01 
 3.8560E-01 
 3.8501E-01 
 3.8435E-01 
 3.8381E-01 
 3.8357E-01 
 3.8337E-01 
 3.8280E-01 
 3.8149E-01 
 3.7876E-01 
 3.7409E-01 
 3.6751E-01 
 3.5917E-01 
 3.4929E-01 
 3.3811E-01 
 3.2586E-01 
 3.1275E-01 
 2.9902E-01 
 2.8486E-01 
 2.7043E-01 
 2.5586E-01 
 2.4125E-01 
 2.2669E-01 
 2.1226E-01 
 1.9800E-01 
 1.8397E-01 
 1.7022E-01 
 1.5681E-01 
 1.4377E-01 
 1.3119E-01 
 1.1921E-01 
 1.0803E-01 
 9.7840E-02 
 8.8685E-02 
 8.0486E-02 
 7.3062E-02 
 6.6279E-02 
 6.0036E-02 
 5.4248E-02 
 4.8844E-02 
 4.3788E-02 
 3.9119E-02 
 3.4886E-02 
 3.1053E-02 
 2.7490E-02 
 2.4063E-02 
 3.5606E-01 
 3.5576E-01 
 3.5485E-01 
 3.5335E-01 
 3.5126E-01 
 3.4860E-01 
 3.4555E-01 
 3.4255E-01 
 3.4005E-01 
 3.3846E-01 
 3.3799E-01 
 3.3836E-01 
 3.3926E-01 
 3.4034E-01 
 3.4111E-01 
 3.4115E-01 
 3.4029E-01 
 3.3835E-01 
 3.3492E-01 
 3.2961E-01 
 3.2221E-01 
 3.1290E-01 
 3.0200E-01 
 2.8982E-01 
 2.7663E-01 
 2.6272E-01 
 2.4836E-01 
 2.3376E-01 
 2.1908E-01 
 2.0445E-01 
 1.8996E-01 
 1.7577E-01 
 1.6205E-01 
 1.4900E-01 
 1.3680E-01 
 1.2571E-01 
 1.1601E-01 
 1.0785E-01 
 1.0115E-01 
 9.5514E-02 
 9.0416E-02 
 8.5632E-02 
 8.1076E-02 
 7.6713E-02 
 7.2544E-02 
 6.8586E-02 
 6.4895E-02 
 6.1523E-02 
 5.8448E-02 
 5.5572E-02 
 5.2797E-02 
 4.1573E-01 
 4.1536E-01 
 4.1424E-01 
 4.1239E-01 
 4.0982E-01 
 4.0654E-01 
 4.0276E-01 
 3.9903E-01 
 3.9589E-01 
 3.9386E-01 
 3.9319E-01 
 3.9309E-01 
 3.9254E-01 
 3.9062E-01 
 3.8659E-01 
 3.8003E-01 
 3.7115E-01 
 3.6033E-01 
 3.4801E-01 
 3.3462E-01 
 3.2052E-01 
 3.0599E-01 
 2.9123E-01 
 2.7642E-01 
 2.6169E-01 
 2.4710E-01 
 2.3265E-01 
 2.1836E-01 
 2.0431E-01 
 1.9058E-01 
 1.7725E-01 
 1.6440E-01 
 1.5213E-01 
 1.4052E-01 
 1.2968E-01 
 1.1970E-01 
 1.1077E-01 
 1.0295E-01 
 9.6246E-02 
 9.0386E-02 
 8.5021E-02 
 7.9985E-02 
 7.5190E-02 
 7.0602E-02 
 6.6217E-02 
 6.2058E-02 
 5.8179E-02 
 5.4638E-02 
 5.1407E-02 
 4.8386E-02 
 4.5469E-02 
 4.2449E-01 
 4.2420E-01 
 4.2333E-01 
 4.2189E-01 
 4.1989E-01 
 4.1733E-01 
 4.1435E-01 
 4.1131E-01 
 4.0858E-01 
 4.0654E-01 
 4.0524E-01 
 4.0401E-01 
 4.0214E-01 
 3.9898E-01 
 3.9394E-01 
 3.8662E-01 
 3.7719E-01 
 3.6609E-01 
 3.5369E-01 
 3.4031E-01 
 3.2623E-01 
 3.1173E-01 
 2.9704E-01 
 2.8238E-01 
 2.6785E-01 
 2.5343E-01 
 2.3908E-01 
 2.2478E-01 
 2.1052E-01 
 1.9630E-01 
 1.8212E-01 
 1.6807E-01 
 1.5433E-01 
 1.4107E-01 
 1.2843E-01 
 1.1659E-01 
 1.0572E-01 
 9.5894E-02 
 8.7119E-02 
 7.9253E-02 
 7.2116E-02 
 6.5584E-02 
 5.9556E-02 
 5.3957E-02 
 4.8721E-02 
 4.3826E-02 
 3.9315E-02 
 3.5234E-02 
 3.1535E-02 
 2.8092E-02 
 2.4778E-02 
 4.1931E-01 
 4.1905E-01 
 4.1824E-01 
 4.1691E-01 
 4.1506E-01 
 4.1269E-01 
 4.0992E-01 
 4.0703E-01 
 4.0429E-01 
 4.0202E-01 
 4.0035E-01 
 3.9869E-01 
 3.9632E-01 
 3.9261E-01 
 3.8716E-01 
 3.7982E-01 
 3.7078E-01 
 3.6028E-01 
 3.4847E-01 
 3.3544E-01 
 3.2134E-01 
 3.0644E-01 
 2.9108E-01 
 2.7558E-01 
 2.6015E-01 
 2.4493E-01 
 2.3001E-01 
 2.1545E-01 
 2.0132E-01 
 1.8766E-01 
 1.7449E-01 
 1.6191E-01 
 1.5007E-01 
 1.3917E-01 
 1.2936E-01 
 1.2074E-01 
 1.1341E-01 
 1.0740E-01 
 1.0265E-01 
 9.8799E-02 
 9.5428E-02 
 9.2333E-02 
 8.9385E-02 
 8.6552E-02 
 8.3843E-02 
 8.1279E-02 
 7.8893E-02 
 7.6715E-02 
 7.4727E-02 
 7.2865E-02 
 7.1067E-02 
 3.4173E-01 
 3.4172E-01 
 3.4168E-01 
 3.4162E-01 
 3.4155E-01 
 3.4146E-01 
 3.4136E-01 
 3.4132E-01 
 3.4155E-01 
 3.4202E-01 
 3.4251E-01 
 3.4278E-01 
 3.4253E-01 
 3.4145E-01 
 3.3931E-01 
 3.3577E-01 
 3.3062E-01 
 3.2413E-01 
 3.1663E-01 
 3.0827E-01 
 2.9913E-01 
 2.8924E-01 
 2.7858E-01 
 2.6699E-01 
 2.5465E-01 
 2.4196E-01 
 2.2917E-01 
 2.1639E-01 
 2.0365E-01 
 1.9103E-01 
 1.7877E-01 
 1.6720E-01 
 1.5664E-01 
 1.4719E-01 
 1.3871E-01 
 1.3071E-01 
 1.2276E-01 
 1.1463E-01 
 1.0640E-01 
 9.8228E-02 
 9.0242E-02 
 8.2519E-02 
 7.5083E-02 
 6.7941E-02 
 6.1088E-02 
 5.4512E-02 
 4.8236E-02 
 4.2306E-02 
 3.6738E-02 
 3.1430E-02 
 2.6251E-02 
 3.2833E-01 
 3.2829E-01 
 3.2817E-01 
 3.2796E-01 
 3.2767E-01 
 3.2731E-01 
 3.2688E-01 
 3.2637E-01 
 3.2594E-01 
 3.2601E-01 
 3.2692E-01 
 3.2841E-01 
 3.2995E-01 
 3.3107E-01 
 3.3142E-01 
 3.3074E-01 
 3.2880E-01 
 3.2544E-01 
 3.2061E-01 
 3.1435E-01 
 3.0670E-01 
 2.9777E-01 
 2.8778E-01 
 2.7700E-01 
 2.6566E-01 
 2.5395E-01 
 2.4195E-01 
 2.2974E-01 
 2.1735E-01 
 2.0498E-01 
 1.9309E-01 
 1.8215E-01 
 1.7255E-01 
 1.6452E-01 
 1.5763E-01 
 1.5129E-01 
 1.4492E-01 
 1.3827E-01 
 1.3138E-01 
 1.2434E-01 
 1.1733E-01 
 1.1046E-01 
 1.0380E-01 
 9.7404E-02 
 9.1261E-02 
 8.5365E-02 
 7.9734E-02 
 7.4390E-02 
 6.9325E-02 
 6.4456E-02 
 5.9684E-02 


!chie from confinement nodes
POINTS 51 GRIDTYPE 14 NAMEXP CAR5 NTIMES 29 
 3.0030E-01 
  3.5030E-01 
  4.0030E-01 
  4.5030E-01 
  5.0030E-01 
  5.5030E-01 
  6.0030E-01 
  6.5030E-01 
  7.0030E-01 
  7.5030E-01 
  8.0030E-01 
  8.5030E-01 
  9.0030E-01 
  9.5030E-01 
  1.0003E+00 
  1.0503E+00 
  1.1003E+00 
  1.1503E+00 
  1.2003E+00 
  1.2503E+00 
  1.3003E+00 
  1.3503E+00 
  1.4003E+00 
  1.4503E+00 
  1.5003E+00 
  1.5503E+00 
  1.6003E+00 
  1.6503E+00 
  1.7003E+00 
  0.0000E+00 
  2.0000E-02 
  4.0000E-02 
  6.0000E-02 
  8.0000E-02 
  1.0000E-01 
  1.2000E-01 
  1.4000E-01 
  1.6000E-01 
  1.8000E-01 
  2.0000E-01 
  2.2000E-01 
  2.4000E-01 
  2.6000E-01 
  2.8000E-01 
  3.0000E-01 
  3.2000E-01 
  3.4000E-01 
  3.6000E-01 
  3.8000E-01 
  4.0000E-01 
  4.2000E-01 
  4.4000E-01 
  4.6000E-01 
  4.8000E-01 
  5.0000E-01 
  5.2000E-01 
  5.4000E-01 
  5.6000E-01 
  5.8000E-01 
  6.0000E-01 
  6.2000E-01 
  6.4000E-01 
  6.6000E-01 
  6.8000E-01 
  7.0000E-01 
  7.2000E-01 
  7.4000E-01 
  7.6000E-01 
  7.8000E-01 
  8.0000E-01 
  8.2000E-01 
  8.4000E-01 
  8.6000E-01 
  8.8000E-01 
  9.0000E-01 
  9.2000E-01 
  9.4000E-01 
  9.6000E-01 
  9.8000E-01 
  1.0000E+00 
  0.0000E+00 
 0.0000E+00 
 0.0000E+00 
 0.0000E+00 
 0.0000E+00 
 0.0000E+00 
 0.0000E+00 
 0.0000E+00 
 0.0000E+00 
 0.0000E+00 
 0.0000E+00 
 0.0000E+00 
 0.0000E+00 
 0.0000E+00 
 0.0000E+00 
 0.0000E+00 
 0.0000E+00 
 0.0000E+00 
 0.0000E+00 
 0.0000E+00 
 0.0000E+00 
 0.0000E+00 
 0.0000E+00 
 0.0000E+00 
 0.0000E+00 
 0.0000E+00 
 0.0000E+00 
 0.0000E+00 
 0.0000E+00 
 0.0000E+00 
 0.0000E+00 
 0.0000E+00 
 0.0000E+00 
 0.0000E+00 
 0.0000E+00 
 0.0000E+00 
 0.0000E+00 
 0.0000E+00 
 0.0000E+00 
 0.0000E+00 
 0.0000E+00 
 0.0000E+00 
 0.0000E+00 
 0.0000E+00 
 0.0000E+00 
 0.0000E+00 
 0.0000E+00 
 0.0000E+00 
 0.0000E+00 
 0.0000E+00 
 0.0000E+00 
 0.0000E+00 
 0.0000E+00 
 0.0000E+00 
 0.0000E+00 
 0.0000E+00 
 0.0000E+00 
 0.0000E+00 
 0.0000E+00 
 0.0000E+00 
 0.0000E+00 
 0.0000E+00 
 0.0000E+00 
 0.0000E+00 
 0.0000E+00 
 0.0000E+00 
 0.0000E+00 
 0.0000E+00 
 0.0000E+00 
 0.0000E+00 
 0.0000E+00 
 0.0000E+00 
 0.0000E+00 
 0.0000E+00 
 0.0000E+00 
 0.0000E+00 
 0.0000E+00 
 0.0000E+00 
 0.0000E+00 
 0.0000E+00 
 0.0000E+00 
 0.0000E+00 
 0.0000E+00 
 0.0000E+00 
 0.0000E+00 
 0.0000E+00 
 0.0000E+00 
 0.0000E+00 
 0.0000E+00 
 0.0000E+00 
 0.0000E+00 
 0.0000E+00 
 0.0000E+00 
 0.0000E+00 
 0.0000E+00 
 0.0000E+00 
 0.0000E+00 
 0.0000E+00 
 0.0000E+00 
 0.0000E+00 
 0.0000E+00 
 0.0000E+00 
 0.0000E+00 
 0.0000E+00 
 0.0000E+00 
 0.0000E+00 
 0.0000E+00 
 0.0000E+00 
 0.0000E+00 
 0.0000E+00 
 0.0000E+00 
 0.0000E+00 
 0.0000E+00 
 0.0000E+00 
 0.0000E+00 
 0.0000E+00 
 0.0000E+00 
 0.0000E+00 
 0.0000E+00 
 0.0000E+00 
 0.0000E+00 
 0.0000E+00 
 0.0000E+00 
 0.0000E+00 
 0.0000E+00 
 0.0000E+00 
 0.0000E+00 
 0.0000E+00 
 0.0000E+00 
 0.0000E+00 
 0.0000E+00 
 0.0000E+00 
 0.0000E+00 
 0.0000E+00 
 0.0000E+00 
 0.0000E+00 
 0.0000E+00 
 0.0000E+00 
 0.0000E+00 
 0.0000E+00 
 0.0000E+00 
 0.0000E+00 
 0.0000E+00 
 0.0000E+00 
 0.0000E+00 
 0.0000E+00 
 0.0000E+00 
 0.0000E+00 
 0.0000E+00 
 0.0000E+00 
 0.0000E+00 
 0.0000E+00 
 0.0000E+00 
 0.0000E+00 
 0.0000E+00 
 0.0000E+00 
 0.0000E+00 
 0.0000E+00 
 0.0000E+00 
 0.0000E+00 
 0.0000E+00 
 0.0000E+00 
 0.0000E+00 
 0.0000E+00 
 0.0000E+00 
 0.0000E+00 
 0.0000E+00 
 0.0000E+00 
 0.0000E+00 
 0.0000E+00 
 0.0000E+00 
 0.0000E+00 
 0.0000E+00 
 0.0000E+00 
 0.0000E+00 
 0.0000E+00 
 0.0000E+00 
 0.0000E+00 
 0.0000E+00 
 0.0000E+00 
 0.0000E+00 
 0.0000E+00 
 0.0000E+00 
 0.0000E+00 
 0.0000E+00 
 0.0000E+00 
 0.0000E+00 
 0.0000E+00 
 0.0000E+00 
 0.0000E+00 
 0.0000E+00 
 0.0000E+00 
 0.0000E+00 
 0.0000E+00 
 0.0000E+00 
 0.0000E+00 
 0.0000E+00 
 0.0000E+00 
 0.0000E+00 
 0.0000E+00 
 0.0000E+00 
 0.0000E+00 
 0.0000E+00 
 0.0000E+00 
 0.0000E+00 
 0.0000E+00 
 0.0000E+00 
 0.0000E+00 
 0.0000E+00 
 0.0000E+00 
 0.0000E+00 
 0.0000E+00 
 0.0000E+00 
 0.0000E+00 
 0.0000E+00 
 0.0000E+00 
 0.0000E+00 
 0.0000E+00 
 0.0000E+00 
 0.0000E+00 
 0.0000E+00 
 0.0000E+00 
 0.0000E+00 
 0.0000E+00 
 0.0000E+00 
 0.0000E+00 
 0.0000E+00 
 0.0000E+00 
 0.0000E+00 
 0.0000E+00 
 0.0000E+00 
 0.0000E+00 
 0.0000E+00 
 0.0000E+00 
 0.0000E+00 
 0.0000E+00 
 0.0000E+00 
 0.0000E+00 
 0.0000E+00 
 0.0000E+00 
 0.0000E+00 
 0.0000E+00 
 0.0000E+00 
 0.0000E+00 
 0.0000E+00 
 0.0000E+00 
 0.0000E+00 
 0.0000E+00 
 0.0000E+00 
 0.0000E+00 
 0.0000E+00 
 0.0000E+00 
 0.0000E+00 
 0.0000E+00 
 0.0000E+00 
 0.0000E+00 
 0.0000E+00 
 0.0000E+00 
 0.0000E+00 
 0.0000E+00 
 0.0000E+00 
 0.0000E+00 
 0.0000E+00 
 0.0000E+00 
 0.0000E+00 
 0.0000E+00 
 0.0000E+00 
 0.0000E+00 
 0.0000E+00 
 0.0000E+00 
 0.0000E+00 
 0.0000E+00 
 0.0000E+00 
 0.0000E+00 
 0.0000E+00 
 0.0000E+00 
 0.0000E+00 
 0.0000E+00 
 0.0000E+00 
 0.0000E+00 
 0.0000E+00 
 0.0000E+00 
 0.0000E+00 
 0.0000E+00 
 0.0000E+00 
 0.0000E+00 
 0.0000E+00 
 0.0000E+00 
 0.0000E+00 
 0.0000E+00 
 0.0000E+00 
 0.0000E+00 
 0.0000E+00 
 0.0000E+00 
 0.0000E+00 
 0.0000E+00 
 0.0000E+00 
 0.0000E+00 
 0.0000E+00 
 0.0000E+00 
 0.0000E+00 
 0.0000E+00 
 0.0000E+00 
 0.0000E+00 
 0.0000E+00 
 0.0000E+00 
 0.0000E+00 
 0.0000E+00 
 0.0000E+00 
 0.0000E+00 
 0.0000E+00 
 0.0000E+00 
 0.0000E+00 
 0.0000E+00 
 0.0000E+00 
 0.0000E+00 
 0.0000E+00 
 0.0000E+00 
 0.0000E+00 
 0.0000E+00 
 0.0000E+00 
 0.0000E+00 
 0.0000E+00 
 0.0000E+00 
 0.0000E+00 
 0.0000E+00 
 0.0000E+00 
 0.0000E+00 
 0.0000E+00 
 0.0000E+00 
 0.0000E+00 
 0.0000E+00 
 0.0000E+00 
 0.0000E+00 
 0.0000E+00 
 0.0000E+00 
 0.0000E+00 
 0.0000E+00 
 0.0000E+00 
 0.0000E+00 
 0.0000E+00 
 0.0000E+00 
 0.0000E+00 
 0.0000E+00 
 0.0000E+00 
 0.0000E+00 
 0.0000E+00 
 0.0000E+00 
 0.0000E+00 
 0.0000E+00 
 0.0000E+00 
 0.0000E+00 
 0.0000E+00 
 0.0000E+00 
 0.0000E+00 
 0.0000E+00 
 0.0000E+00 
 0.0000E+00 
 0.0000E+00 
 0.0000E+00 
 0.0000E+00 
 0.0000E+00 
 0.0000E+00 
 0.0000E+00 
 0.0000E+00 
 0.0000E+00 
 0.0000E+00 
 0.0000E+00 
 0.0000E+00 
 0.0000E+00 
 0.0000E+00 
 0.0000E+00 
 0.0000E+00 
 0.0000E+00 
 0.0000E+00 
 0.0000E+00 
 0.0000E+00 
 0.0000E+00 
 0.0000E+00 
 0.0000E+00 
 0.0000E+00 
 0.0000E+00 
 0.0000E+00 
 0.0000E+00 
 0.0000E+00 
 0.0000E+00 
 0.0000E+00 
 0.0000E+00 
 0.0000E+00 
 0.0000E+00 
 0.0000E+00 
 0.0000E+00 
 0.0000E+00 
 0.0000E+00 
 0.0000E+00 
 0.0000E+00 
 0.0000E+00 
 0.0000E+00 
 0.0000E+00 
 0.0000E+00 
 0.0000E+00 
 0.0000E+00 
 0.0000E+00 
 0.0000E+00 
 0.0000E+00 
 0.0000E+00 
 0.0000E+00 
 0.0000E+00 
 0.0000E+00 
 0.0000E+00 
 0.0000E+00 
 0.0000E+00 
 0.0000E+00 
 0.0000E+00 
 0.0000E+00 
 0.0000E+00 
 0.0000E+00 
 0.0000E+00 
 0.0000E+00 
 0.0000E+00 
 0.0000E+00 
 0.0000E+00 
 0.0000E+00 
 0.0000E+00 
 0.0000E+00 
 0.0000E+00 
 0.0000E+00 
 0.0000E+00 
 0.0000E+00 
 0.0000E+00 
 0.0000E+00 
 0.0000E+00 
 0.0000E+00 
 0.0000E+00 
 0.0000E+00 
 0.0000E+00 
 0.0000E+00 
 0.0000E+00 
 0.0000E+00 
 0.0000E+00 
 0.0000E+00 
 0.0000E+00 
 0.0000E+00 
 0.0000E+00 
 0.0000E+00 
 0.0000E+00 
 0.0000E+00 
 0.0000E+00 
 0.0000E+00 
 0.0000E+00 
 0.0000E+00 
 0.0000E+00 
 0.0000E+00 
 0.0000E+00 
 0.0000E+00 
 0.0000E+00 
 0.0000E+00 
 0.0000E+00 
 0.0000E+00 
 0.0000E+00 
 0.0000E+00 
 0.0000E+00 
 0.0000E+00 
 0.0000E+00 
 0.0000E+00 
 0.0000E+00 
 0.0000E+00 
 0.0000E+00 
 0.0000E+00 
 0.0000E+00 
 0.0000E+00 
 0.0000E+00 
 0.0000E+00 
 0.0000E+00 
 0.0000E+00 
 0.0000E+00 
 0.0000E+00 
 0.0000E+00 
 0.0000E+00 
 0.0000E+00 
 0.0000E+00 
 0.0000E+00 
 0.0000E+00 
 0.0000E+00 
 0.0000E+00 
 0.0000E+00 
 0.0000E+00 
 0.0000E+00 
 0.0000E+00 
 0.0000E+00 
 0.0000E+00 
 0.0000E+00 
 0.0000E+00 
 0.0000E+00 
 0.0000E+00 
 0.0000E+00 
 0.0000E+00 
 0.0000E+00 
 0.0000E+00 
 0.0000E+00 
 0.0000E+00 
 0.0000E+00 
 0.0000E+00 
 0.0000E+00 
 0.0000E+00 
 0.0000E+00 
 0.0000E+00 
 0.0000E+00 
 0.0000E+00 
 0.0000E+00 
 0.0000E+00 
 0.0000E+00 
 0.0000E+00 
 0.0000E+00 
 0.0000E+00 
 0.0000E+00 
 0.0000E+00 
 0.0000E+00 
 0.0000E+00 
 0.0000E+00 
 0.0000E+00 
 0.0000E+00 
 0.0000E+00 
 0.0000E+00 
 0.0000E+00 
 0.0000E+00 
 0.0000E+00 
 0.0000E+00 
 0.0000E+00 
 0.0000E+00 
 0.0000E+00 
 0.0000E+00 
 0.0000E+00 
 0.0000E+00 
 0.0000E+00 
 0.0000E+00 
 0.0000E+00 
 0.0000E+00 
 0.0000E+00 
 0.0000E+00 
 0.0000E+00 
 0.0000E+00 
 0.0000E+00 
 0.0000E+00 
 0.0000E+00 
 0.0000E+00 
 0.0000E+00 
 0.0000E+00 
 0.0000E+00 
 0.0000E+00 
 0.0000E+00 
 0.0000E+00 
 0.0000E+00 
 0.0000E+00 
 0.0000E+00 
 0.0000E+00 
 0.0000E+00 
 0.0000E+00 
 0.0000E+00 
 0.0000E+00 
 0.0000E+00 
 0.0000E+00 
 0.0000E+00 
 0.0000E+00 
 0.0000E+00 
 0.0000E+00 
 0.0000E+00 
 0.0000E+00 
 0.0000E+00 
 0.0000E+00 
 0.0000E+00 
 0.0000E+00 
 0.0000E+00 
 0.0000E+00 
 0.0000E+00 
 0.0000E+00 
 0.0000E+00 
 0.0000E+00 
 0.0000E+00 
 0.0000E+00 
 0.0000E+00 
 0.0000E+00 
 0.0000E+00 
 0.0000E+00 
 0.0000E+00 
 0.0000E+00 
 0.0000E+00 
 0.0000E+00 
 0.0000E+00 
 0.0000E+00 
 0.0000E+00 
 0.0000E+00 
 0.0000E+00 
 0.0000E+00 
 0.0000E+00 
 0.0000E+00 
 0.0000E+00 
 0.0000E+00 
 0.0000E+00 
 0.0000E+00 
 0.0000E+00 
 0.0000E+00 
 0.0000E+00 
 0.0000E+00 
 0.0000E+00 
 0.0000E+00 
 0.0000E+00 
 0.0000E+00 
 0.0000E+00 
 0.0000E+00 
 0.0000E+00 
 0.0000E+00 
 0.0000E+00 
 0.0000E+00 
 0.0000E+00 
 0.0000E+00 
 0.0000E+00 
 0.0000E+00 
 0.0000E+00 
 0.0000E+00 
 0.0000E+00 
 0.0000E+00 
 0.0000E+00 
 0.0000E+00 
 0.0000E+00 
 0.0000E+00 
 0.0000E+00 
 0.0000E+00 
 0.0000E+00 
 0.0000E+00 
 0.0000E+00 
 0.0000E+00 
 0.0000E+00 
 0.0000E+00 
 0.0000E+00 
 0.0000E+00 
 0.0000E+00 
 0.0000E+00 
 0.0000E+00 
 0.0000E+00 
 0.0000E+00 
 0.0000E+00 
 0.0000E+00 
 0.0000E+00 
 0.0000E+00 
 0.0000E+00 
 0.0000E+00 
 0.0000E+00 
 0.0000E+00 
 0.0000E+00 
 0.0000E+00 
 0.0000E+00 
 0.0000E+00 
 0.0000E+00 
 0.0000E+00 
 0.0000E+00 
 0.0000E+00 
 0.0000E+00 
 0.0000E+00 
 0.0000E+00 
 0.0000E+00 
 0.0000E+00 
 0.0000E+00 
 0.0000E+00 
 0.0000E+00 
 0.0000E+00 
 0.0000E+00 
 0.0000E+00 
 0.0000E+00 
 0.0000E+00 
 0.0000E+00 
 0.0000E+00 
 0.0000E+00 
 0.0000E+00 
 0.0000E+00 
 0.0000E+00 
 0.0000E+00 
 0.0000E+00 
 0.0000E+00 
 0.0000E+00 
 0.0000E+00 
 0.0000E+00 
 0.0000E+00 
 0.0000E+00 
 0.0000E+00 
 0.0000E+00 
 0.0000E+00 
 0.0000E+00 
 0.0000E+00 
 0.0000E+00 
 0.0000E+00 
 0.0000E+00 
 0.0000E+00 
 0.0000E+00 
 0.0000E+00 
 0.0000E+00 
 0.0000E+00 
 0.0000E+00 
 0.0000E+00 
 0.0000E+00 
 0.0000E+00 
 0.0000E+00 
 0.0000E+00 
 0.0000E+00 
 0.0000E+00 
 0.0000E+00 
 0.0000E+00 
 0.0000E+00 
 0.0000E+00 
 0.0000E+00 
 0.0000E+00 
 0.0000E+00 
 0.0000E+00 
 0.0000E+00 
 0.0000E+00 
 0.0000E+00 
 0.0000E+00 
 0.0000E+00 
 0.0000E+00 
 0.0000E+00 
 0.0000E+00 
 0.0000E+00 
 0.0000E+00 
 0.0000E+00 
 0.0000E+00 
 0.0000E+00 
 0.0000E+00 
 0.0000E+00 
 0.0000E+00 
 0.0000E+00 
 0.0000E+00 
 0.0000E+00 
 0.0000E+00 
 0.0000E+00 
 0.0000E+00 
 0.0000E+00 
 0.0000E+00 
 0.0000E+00 
 0.0000E+00 
 0.0000E+00 
 0.0000E+00 
 0.0000E+00 
 0.0000E+00 
 0.0000E+00 
 0.0000E+00 
 0.0000E+00 
 0.0000E+00 
 0.0000E+00 
 0.0000E+00 
 0.0000E+00 
 0.0000E+00 
 0.0000E+00 
 0.0000E+00 
 0.0000E+00 
 0.0000E+00 
 0.0000E+00 
 0.0000E+00 
 0.0000E+00 
 0.0000E+00 
 0.0000E+00 
 0.0000E+00 
 0.0000E+00 
 0.0000E+00 
 0.0000E+00 
 0.0000E+00 
 0.0000E+00 
 0.0000E+00 
 0.0000E+00 
 0.0000E+00 
 0.0000E+00 
 0.0000E+00 
 0.0000E+00 
 0.0000E+00 
 0.0000E+00 
 0.0000E+00 
 0.0000E+00 
 0.0000E+00 
 0.0000E+00 
 0.0000E+00 
 0.0000E+00 
 0.0000E+00 
 0.0000E+00 
 0.0000E+00 
 0.0000E+00 
 0.0000E+00 
 0.0000E+00 
 0.0000E+00 
 0.0000E+00 
 0.0000E+00 
 0.0000E+00 
 0.0000E+00 
 0.0000E+00 
 0.0000E+00 
 0.0000E+00 
 0.0000E+00 
 0.0000E+00 
 0.0000E+00 
 0.0000E+00 
 0.0000E+00 
 0.0000E+00 
 0.0000E+00 
 0.0000E+00 
 0.0000E+00 
 0.0000E+00 
 0.0000E+00 
 0.0000E+00 
 0.0000E+00 
 0.0000E+00 
 0.0000E+00 
 0.0000E+00 
 0.0000E+00 
 0.0000E+00 
 0.0000E+00 
 0.0000E+00 
 0.0000E+00 
 0.0000E+00 
 0.0000E+00 
 0.0000E+00 
 0.0000E+00 
 0.0000E+00 
 0.0000E+00 
 0.0000E+00 
 0.0000E+00 
 0.0000E+00 
 0.0000E+00 
 0.0000E+00 
 0.0000E+00 
 0.0000E+00 
 0.0000E+00 
 0.0000E+00 
 0.0000E+00 
 0.0000E+00 
 0.0000E+00 
 0.0000E+00 
 0.0000E+00 
 0.0000E+00 
 0.0000E+00 
 0.0000E+00 
 0.0000E+00 
 0.0000E+00 
 0.0000E+00 
 0.0000E+00 
 0.0000E+00 
 0.0000E+00 
 0.0000E+00 
 0.0000E+00 
 0.0000E+00 
 0.0000E+00 
 0.0000E+00 
 0.0000E+00 
 0.0000E+00 
 0.0000E+00 
 0.0000E+00 
 0.0000E+00 
 0.0000E+00 
 0.0000E+00 
 0.0000E+00 
 0.0000E+00 
 0.0000E+00 
 0.0000E+00 
 0.0000E+00 
 0.0000E+00 
 0.0000E+00 
 0.0000E+00 
 0.0000E+00 
 0.0000E+00 
 0.0000E+00 
 0.0000E+00 
 0.0000E+00 
 0.0000E+00 
 0.0000E+00 
 0.0000E+00 
 0.0000E+00 
 0.0000E+00 
 0.0000E+00 
 0.0000E+00 
 0.0000E+00 
 0.0000E+00 
 0.0000E+00 
 0.0000E+00 
 0.0000E+00 
 0.0000E+00 
 0.0000E+00 
 0.0000E+00 
 0.0000E+00 
 0.0000E+00 
 0.0000E+00 
 0.0000E+00 
 0.0000E+00 
 0.0000E+00 
 0.0000E+00 
 0.0000E+00 
 0.0000E+00 
 0.0000E+00 
 0.0000E+00 
 0.0000E+00 
 0.0000E+00 
 0.0000E+00 
 0.0000E+00 
 0.0000E+00 
 0.0000E+00 
 0.0000E+00 
 0.0000E+00 
 0.0000E+00 
 0.0000E+00 
 0.0000E+00 
 0.0000E+00 
 0.0000E+00 
 0.0000E+00 
 0.0000E+00 
 0.0000E+00 
 0.0000E+00 
 0.0000E+00 
 0.0000E+00 
 0.0000E+00 
 0.0000E+00 
 0.0000E+00 
 0.0000E+00 
 0.0000E+00 
 0.0000E+00 
 0.0000E+00 
 0.0000E+00 
 0.0000E+00 
 0.0000E+00 
 0.0000E+00 
 0.0000E+00 
 0.0000E+00 
 0.0000E+00 
 0.0000E+00 
 0.0000E+00 
 0.0000E+00 
 0.0000E+00 
 0.0000E+00 
 0.0000E+00 
 0.0000E+00 
 0.0000E+00 
 0.0000E+00 
 0.0000E+00 
 0.0000E+00 
 0.0000E+00 
 0.0000E+00 
 0.0000E+00 
 0.0000E+00 
 0.0000E+00 
 0.0000E+00 
 0.0000E+00 
 0.0000E+00 
 0.0000E+00 
 0.0000E+00 
 0.0000E+00 
 0.0000E+00 
 0.0000E+00 
 0.0000E+00 
 0.0000E+00 
 0.0000E+00 
 0.0000E+00 
 0.0000E+00 
 0.0000E+00 
 0.0000E+00 
 0.0000E+00 
 0.0000E+00 
 0.0000E+00 
 0.0000E+00 
 0.0000E+00 
 0.0000E+00 
 0.0000E+00 
 0.0000E+00 
 0.0000E+00 
 0.0000E+00 
 0.0000E+00 
 0.0000E+00 
 0.0000E+00 
 0.0000E+00 
 0.0000E+00 
 0.0000E+00 
 0.0000E+00 
 0.0000E+00 
 0.0000E+00 
 0.0000E+00 
 0.0000E+00 
 0.0000E+00 
 0.0000E+00 
 0.0000E+00 
 0.0000E+00 
 0.0000E+00 
 0.0000E+00 
 0.0000E+00 
 0.0000E+00 
 0.0000E+00 
 0.0000E+00 
 0.0000E+00 
 0.0000E+00 
 0.0000E+00 
 0.0000E+00 
 0.0000E+00 
 0.0000E+00 
 0.0000E+00 
 0.0000E+00 
 0.0000E+00 
 0.0000E+00 
 0.0000E+00 
 0.0000E+00 
 0.0000E+00 
 0.0000E+00 
 0.0000E+00 
 0.0000E+00 
 0.0000E+00 
 0.0000E+00 
 0.0000E+00 
 0.0000E+00 
 0.0000E+00 
 0.0000E+00 
 0.0000E+00 
 0.0000E+00 
 0.0000E+00 
 0.0000E+00 
 0.0000E+00 
 0.0000E+00 
 0.0000E+00 
 0.0000E+00 
 0.0000E+00 
 0.0000E+00 
 0.0000E+00 
 0.0000E+00 
 0.0000E+00 
 0.0000E+00 
 0.0000E+00 
 0.0000E+00 
 0.0000E+00 
 0.0000E+00 
 0.0000E+00 
 0.0000E+00 
 0.0000E+00 
 0.0000E+00 
 0.0000E+00 
 0.0000E+00 
 0.0000E+00 
 0.0000E+00 
 0.0000E+00 
 0.0000E+00 
 0.0000E+00 
 0.0000E+00 
 0.0000E+00 
 0.0000E+00 
 0.0000E+00 
 0.0000E+00 
 0.0000E+00 
 0.0000E+00 
 0.0000E+00 
 0.0000E+00 
 0.0000E+00 
 0.0000E+00 
 0.0000E+00 
 0.0000E+00 
 0.0000E+00 
 0.0000E+00 
 0.0000E+00 
 0.0000E+00 
 0.0000E+00 
 0.0000E+00 
 0.0000E+00 
 0.0000E+00 
 0.0000E+00 
 0.0000E+00 
 0.0000E+00 
 0.0000E+00 
 0.0000E+00 
 0.0000E+00 
 0.0000E+00 
 0.0000E+00 
 0.0000E+00 
 0.0000E+00 
 0.0000E+00 
 0.0000E+00 
 0.0000E+00 
 0.0000E+00 
 0.0000E+00 
 0.0000E+00 
 0.0000E+00 
 0.0000E+00 
 0.0000E+00 
 0.0000E+00 
 0.0000E+00 
 0.0000E+00 
 0.0000E+00 
 0.0000E+00 
 0.0000E+00 
 0.0000E+00 
 0.0000E+00 
 0.0000E+00 
 0.0000E+00 
 0.0000E+00 
 0.0000E+00 
 0.0000E+00 
 0.0000E+00 
 0.0000E+00 
 0.0000E+00 
 0.0000E+00 
 0.0000E+00 
 0.0000E+00 
 0.0000E+00 
 0.0000E+00 
 0.0000E+00 
 0.0000E+00 
 0.0000E+00 
 0.0000E+00 
 0.0000E+00 
 0.0000E+00 
 0.0000E+00 
 0.0000E+00 
 0.0000E+00 
 0.0000E+00 
 0.0000E+00 
 0.0000E+00 
 0.0000E+00 
 0.0000E+00 
 0.0000E+00 
 0.0000E+00 
 0.0000E+00 
 0.0000E+00 
 0.0000E+00 
 0.0000E+00 
 0.0000E+00 
 0.0000E+00 
 0.0000E+00 
 0.0000E+00 
 0.0000E+00 
 0.0000E+00 
 0.0000E+00 
 0.0000E+00 
 0.0000E+00 
 0.0000E+00 
 0.0000E+00 
 0.0000E+00 
 0.0000E+00 
 0.0000E+00 
 0.0000E+00 
 0.0000E+00 
 0.0000E+00 
 0.0000E+00 
 0.0000E+00 
 0.0000E+00 
 0.0000E+00 
 0.0000E+00 
 0.0000E+00 
 0.0000E+00 
 0.0000E+00 
 0.0000E+00 
 0.0000E+00 
 0.0000E+00 
 0.0000E+00 
 0.0000E+00 
 0.0000E+00 
 0.0000E+00 
 0.0000E+00 
 0.0000E+00 
 0.0000E+00 
 0.0000E+00 
 0.0000E+00 
 0.0000E+00 
 0.0000E+00 
 0.0000E+00 
 0.0000E+00 
 0.0000E+00 
 0.0000E+00 
 0.0000E+00 
 0.0000E+00 
 0.0000E+00 
 0.0000E+00 
 0.0000E+00 
 0.0000E+00 
 0.0000E+00 
 0.0000E+00 
 0.0000E+00 
 0.0000E+00 
 0.0000E+00 
 0.0000E+00 
 0.0000E+00 
 0.0000E+00 
 0.0000E+00 
 0.0000E+00 
 0.0000E+00 
 0.0000E+00 
 0.0000E+00 
 0.0000E+00 
 0.0000E+00 
 0.0000E+00 
 0.0000E+00 
 0.0000E+00 
 0.0000E+00 
 0.0000E+00 
 0.0000E+00 
 0.0000E+00 
 0.0000E+00 
 0.0000E+00 
 0.0000E+00 
 0.0000E+00 
 0.0000E+00 
 0.0000E+00 
 0.0000E+00 
 0.0000E+00 
 0.0000E+00 
 0.0000E+00 
 0.0000E+00 
 0.0000E+00 
 0.0000E+00 
 0.0000E+00 
 0.0000E+00 
 0.0000E+00 
 0.0000E+00 
 0.0000E+00 
 0.0000E+00 
 0.0000E+00 
 0.0000E+00 
 0.0000E+00 
 0.0000E+00 
 0.0000E+00 
 0.0000E+00 
 0.0000E+00 
 0.0000E+00 
 0.0000E+00 
 0.0000E+00 
 0.0000E+00 
 0.0000E+00 
 0.0000E+00 
 0.0000E+00 
 0.0000E+00 
 0.0000E+00 
 0.0000E+00 
 0.0000E+00 
 0.0000E+00 
 0.0000E+00 
 0.0000E+00 
 0.0000E+00 
 0.0000E+00 
 0.0000E+00 
 0.0000E+00 
 0.0000E+00 
 0.0000E+00 
 0.0000E+00 
 0.0000E+00 
 0.0000E+00 
 0.0000E+00 
 0.0000E+00 
 0.0000E+00 
 0.0000E+00 
 0.0000E+00 
 0.0000E+00 
 0.0000E+00 
 0.0000E+00 
 0.0000E+00 
 0.0000E+00 
 0.0000E+00 
 0.0000E+00 
 0.0000E+00 
 0.0000E+00 
 0.0000E+00 
 0.0000E+00 
 0.0000E+00 
 0.0000E+00 
 0.0000E+00 
 0.0000E+00 
 0.0000E+00 
 0.0000E+00 
 0.0000E+00 
 0.0000E+00 
 0.0000E+00 
 0.0000E+00 
 0.0000E+00 
 0.0000E+00 
 0.0000E+00 
 0.0000E+00 
 0.0000E+00 
 0.0000E+00 
 0.0000E+00 
 0.0000E+00 
 0.0000E+00 
 0.0000E+00 
 0.0000E+00 
 0.0000E+00 
 0.0000E+00 
 0.0000E+00 
 0.0000E+00 
 0.0000E+00 
 0.0000E+00 
 0.0000E+00 
 0.0000E+00 
 0.0000E+00 
 0.0000E+00 
 0.0000E+00 
 0.0000E+00 
 0.0000E+00 
 0.0000E+00 
 0.0000E+00 
 0.0000E+00 
 0.0000E+00 
 0.0000E+00 
 0.0000E+00 
 0.0000E+00 
 0.0000E+00 
 0.0000E+00 
 0.0000E+00 
 0.0000E+00 
 0.0000E+00 
 0.0000E+00 
 0.0000E+00 
 0.0000E+00 
 0.0000E+00 
 0.0000E+00 
 0.0000E+00 
 0.0000E+00 
 0.0000E+00 
 0.0000E+00 
 0.0000E+00 
 0.0000E+00 
 0.0000E+00 
 0.0000E+00 
 0.0000E+00 
 0.0000E+00 
 0.0000E+00 
 0.0000E+00 
 0.0000E+00 
 0.0000E+00 
 0.0000E+00 
 0.0000E+00 
 0.0000E+00 
 0.0000E+00 
 0.0000E+00 
 0.0000E+00 
 0.0000E+00 
 0.0000E+00 
 0.0000E+00 
 0.0000E+00 
 0.0000E+00 
 0.0000E+00 
 0.0000E+00 
 0.0000E+00 
 0.0000E+00 
 0.0000E+00 
 0.0000E+00 
 0.0000E+00 
 0.0000E+00 
 0.0000E+00 
 0.0000E+00 
 0.0000E+00 
 0.0000E+00 
 0.0000E+00 
 0.0000E+00 
 0.0000E+00 
 0.0000E+00 
 0.0000E+00 
 0.0000E+00 
 0.0000E+00 
 0.0000E+00 
 0.0000E+00 
 0.0000E+00 
 0.0000E+00 
 0.0000E+00 
 0.0000E+00 
 0.0000E+00 
 0.0000E+00 
 0.0000E+00 
 0.0000E+00 
 0.0000E+00 
 0.0000E+00 
 0.0000E+00 
 0.0000E+00 
 0.0000E+00 
 0.0000E+00 
 0.0000E+00 
 0.0000E+00 
 0.0000E+00 
 0.0000E+00 
 0.0000E+00 
 0.0000E+00 
 0.0000E+00 
 0.0000E+00 
 0.0000E+00 
 0.0000E+00 
 0.0000E+00 
 0.0000E+00 
 0.0000E+00 
 0.0000E+00 
 0.0000E+00 
 0.0000E+00 
 0.0000E+00 
 0.0000E+00 
 0.0000E+00 
 0.0000E+00 
 0.0000E+00 
 0.0000E+00 
 0.0000E+00 
 0.0000E+00 
 0.0000E+00 
 0.0000E+00 
 0.0000E+00 
 0.0000E+00 
 0.0000E+00 
 0.0000E+00 
 0.0000E+00 
 0.0000E+00 
 0.0000E+00 
 0.0000E+00 
 0.0000E+00 
 0.0000E+00 
 0.0000E+00 
 0.0000E+00 
 0.0000E+00 
 0.0000E+00 
 0.0000E+00 
 0.0000E+00 
 0.0000E+00 
 0.0000E+00 
 0.0000E+00 
 0.0000E+00 
 0.0000E+00 
 0.0000E+00 
 0.0000E+00 
 0.0000E+00 
 0.0000E+00 
 0.0000E+00 
 0.0000E+00 
 0.0000E+00 
 0.0000E+00 
 0.0000E+00 
 0.0000E+00 
 0.0000E+00 
 0.0000E+00 
 0.0000E+00 
 0.0000E+00 
 0.0000E+00 
 0.0000E+00 
 0.0000E+00 
 0.0000E+00 
 0.0000E+00 
 0.0000E+00 
 0.0000E+00 
 0.0000E+00 
 0.0000E+00 
 0.0000E+00 
 0.0000E+00 
 0.0000E+00 
 0.0000E+00 
 0.0000E+00 
 0.0000E+00 
 0.0000E+00 
 0.0000E+00 
 0.0000E+00 
 0.0000E+00 
 0.0000E+00 
 0.0000E+00 
 0.0000E+00 
 0.0000E+00 
 0.0000E+00 
 0.0000E+00 
 0.0000E+00 
 0.0000E+00 
 0.0000E+00 
 0.0000E+00 
 0.0000E+00 
 0.0000E+00 
 0.0000E+00 
 0.0000E+00 
 0.0000E+00 
 0.0000E+00 
 0.0000E+00 
 0.0000E+00 
 0.0000E+00 
 0.0000E+00 
 0.0000E+00 
 0.0000E+00 
 0.0000E+00 
 0.0000E+00 
 0.0000E+00 
 0.0000E+00 
 0.0000E+00 
 0.0000E+00 
 0.0000E+00 
 0.0000E+00 


!ECH profile set to zero (no ECH)
POINTS 51 GRIDTYPE 14 NAMEXP CAR4 NTIMES 1 
 3.0000E-01 
  0.0000E+00 
  2.0000E-02 
  4.0000E-02 
  6.0000E-02 
  8.0000E-02 
  1.0000E-01 
  1.2000E-01 
  1.4000E-01 
  1.6000E-01 
  1.8000E-01 
  2.0000E-01 
  2.2000E-01 
  2.4000E-01 
  2.6000E-01 
  2.8000E-01 
  3.0000E-01 
  3.2000E-01 
  3.4000E-01 
  3.6000E-01 
  3.8000E-01 
  4.0000E-01 
  4.2000E-01 
  4.4000E-01 
  4.6000E-01 
  4.8000E-01 
  5.0000E-01 
  5.2000E-01 
  5.4000E-01 
  5.6000E-01 
  5.8000E-01 
  6.0000E-01 
  6.2000E-01 
  6.4000E-01 
  6.6000E-01 
  6.8000E-01 
  7.0000E-01 
  7.2000E-01 
  7.4000E-01 
  7.6000E-01 
  7.8000E-01 
  8.0000E-01 
  8.2000E-01 
  8.4000E-01 
  8.6000E-01 
  8.8000E-01 
  9.0000E-01 
  9.2000E-01 
  9.4000E-01 
  9.6000E-01 
  9.8000E-01 
  1.0000E+00 
  0.0000E+00 
 0.0000E+00 
 0.0000E+00 
 0.0000E+00 
 0.0000E+00 
 0.0000E+00 
 0.0000E+00 
 0.0000E+00 
 0.0000E+00 
 0.0000E+00 
 0.0000E+00 
 0.0000E+00 
 0.0000E+00 
 0.0000E+00 
 0.0000E+00 
 0.0000E+00 
 0.0000E+00 
 0.0000E+00 
 0.0000E+00 
 0.0000E+00 
 0.0000E+00 
 0.0000E+00 
 0.0000E+00 
 0.0000E+00 
 0.0000E+00 
 0.0000E+00 
 0.0000E+00 
 0.0000E+00 
 0.0000E+00 
 0.0000E+00 
 0.0000E+00 
 0.0000E+00 
 0.0000E+00 
 0.0000E+00 
 0.0000E+00 
 0.0000E+00 
 0.0000E+00 
 0.0000E+00 
 0.0000E+00 
 0.0000E+00 
 0.0000E+00 
 0.0000E+00 
 0.0000E+00 
 0.0000E+00 
 0.0000E+00 
 0.0000E+00 
 0.0000E+00 
 0.0000E+00 
 0.0000E+00 
 0.0000E+00 
 0.0000E+00 


!ECCD profile set to zero (no ECCD)
POINTS 51 GRIDTYPE 14 NAMEXP CAR6 NTIMES 1 
 3.0000E-01 
  0.0000E+00 
  2.0000E-02 
  4.0000E-02 
  6.0000E-02 
  8.0000E-02 
  1.0000E-01 
  1.2000E-01 
  1.4000E-01 
  1.6000E-01 
  1.8000E-01 
  2.0000E-01 
  2.2000E-01 
  2.4000E-01 
  2.6000E-01 
  2.8000E-01 
  3.0000E-01 
  3.2000E-01 
  3.4000E-01 
  3.6000E-01 
  3.8000E-01 
  4.0000E-01 
  4.2000E-01 
  4.4000E-01 
  4.6000E-01 
  4.8000E-01 
  5.0000E-01 
  5.2000E-01 
  5.4000E-01 
  5.6000E-01 
  5.8000E-01 
  6.0000E-01 
  6.2000E-01 
  6.4000E-01 
  6.6000E-01 
  6.8000E-01 
  7.0000E-01 
  7.2000E-01 
  7.4000E-01 
  7.6000E-01 
  7.8000E-01 
  8.0000E-01 
  8.2000E-01 
  8.4000E-01 
  8.6000E-01 
  8.8000E-01 
  9.0000E-01 
  9.2000E-01 
  9.4000E-01 
  9.6000E-01 
  9.8000E-01 
  1.0000E+00 
  -0.0000E+00 
 -0.0000E+00 
 -0.0000E+00 
 -0.0000E+00 
 -0.0000E+00 
 -0.0000E+00 
 -0.0000E+00 
 -0.0000E+00 
 -0.0000E+00 
 -0.0000E+00 
 -0.0000E+00 
 -0.0000E+00 
 -0.0000E+00 
 -0.0000E+00 
 -0.0000E+00 
 -0.0000E+00 
 -0.0000E+00 
 -0.0000E+00 
 -0.0000E+00 
 -0.0000E+00 
 -0.0000E+00 
 -0.0000E+00 
 -0.0000E+00 
 -0.0000E+00 
 -0.0000E+00 
 -0.0000E+00 
 -0.0000E+00 
 -0.0000E+00 
 -0.0000E+00 
 -0.0000E+00 
 -0.0000E+00 
 -0.0000E+00 
 -0.0000E+00 
 -0.0000E+00 
 -0.0000E+00 
 -0.0000E+00 
 -0.0000E+00 
 -0.0000E+00 
 -0.0000E+00 
 -0.0000E+00 
 -0.0000E+00 
 -0.0000E+00 
 -0.0000E+00 
 -0.0000E+00 
 -0.0000E+00 
 -0.0000E+00 
 -0.0000E+00 
 -0.0000E+00 
 -0.0000E+00 
 -0.0000E+00 
 -0.0000E+00 
END