 -TCV- #36421 t0=1.125
 Param|Time  |  Value  |   Error
|-----|------|---------|--------
T_OFFSET          0.3000
TEND            1.4850
NB1             91.0000
AWALL           0.2800
AB              0.2600
RTOR            0.8800
ELONM           1.6000
TRICH           0.3000
ABC             0.2344
SHIFT           0.0100
ELONG           1.4599
TRIAN           0.3615
UPDWN           0.0000
ZMJ             1.0000
AMJ             2.0000
BTOR            1.4458
ZRD10           0.9800
ZRD30           36421.0000
ZRD6            0.1110
ZRD7            2.0000
ZRD8            0.0010
ZRD1            3.5000
ZRD3            0.3563
 

!Density boundary condition loading in time
NAMEXP ZRD2 NTIMES 1 
-8.2500E-01 
1.9650E-01 
 

!Ip from LIUQE [MA]
NAMEXP IPL NTIMES 3 
3.0000E-01 
3.2500E-01 
3.5000E-01 
2.5927E-01 
2.5870E-01 
2.5778E-01 


!Minor radius [m]
POINTS 51 GRIDTYPE 14 NAMEXP CAR9 NTIMES 1 
 0.0000E+00 
  0.0000E+00 
  2.0000E-02 
  4.0000E-02 
  6.0000E-02 
  8.0000E-02 
  1.0000E-01 
  1.2000E-01 
  1.4000E-01 
  1.6000E-01 
  1.8000E-01 
  2.0000E-01 
  2.2000E-01 
  2.4000E-01 
  2.6000E-01 
  2.8000E-01 
  3.0000E-01 
  3.2000E-01 
  3.4000E-01 
  3.6000E-01 
  3.8000E-01 
  4.0000E-01 
  4.2000E-01 
  4.4000E-01 
  4.6000E-01 
  4.8000E-01 
  5.0000E-01 
  5.2000E-01 
  5.4000E-01 
  5.6000E-01 
  5.8000E-01 
  6.0000E-01 
  6.2000E-01 
  6.4000E-01 
  6.6000E-01 
  6.8000E-01 
  7.0000E-01 
  7.2000E-01 
  7.4000E-01 
  7.6000E-01 
  7.8000E-01 
  8.0000E-01 
  8.2000E-01 
  8.4000E-01 
  8.6000E-01 
  8.8000E-01 
  9.0000E-01 
  9.2000E-01 
  9.4000E-01 
  9.6000E-01 
  9.8000E-01 
  1.0000E+00 
  0.0000E+00 
 5.2000E-03 
 1.0400E-02 
 1.5600E-02 
 2.0800E-02 
 2.6000E-02 
 3.1200E-02 
 3.6400E-02 
 4.1600E-02 
 4.6800E-02 
 5.2000E-02 
 5.7200E-02 
 6.2400E-02 
 6.7600E-02 
 7.2800E-02 
 7.8000E-02 
 8.3200E-02 
 8.8400E-02 
 9.3600E-02 
 9.8800E-02 
 1.0400E-01 
 1.0920E-01 
 1.1440E-01 
 1.1960E-01 
 1.2480E-01 
 1.3000E-01 
 1.3520E-01 
 1.4040E-01 
 1.4560E-01 
 1.5080E-01 
 1.5600E-01 
 1.6120E-01 
 1.6640E-01 
 1.7160E-01 
 1.7680E-01 
 1.8200E-01 
 1.8720E-01 
 1.9240E-01 
 1.9760E-01 
 2.0280E-01 
 2.0800E-01 
 2.1320E-01 
 2.1840E-01 
 2.2360E-01 
 2.2880E-01 
 2.3400E-01 
 2.3920E-01 
 2.4440E-01 
 2.4960E-01 
 2.5480E-01 
 2.6000E-01 


!initial mu from parabolic 1/q
POINTS 51 GRIDTYPE 14 NAMEXP MU NTIMES 1 
 0.0000E+00 
  0.0000E+00 
  2.0000E-02 
  4.0000E-02 
  6.0000E-02 
  8.0000E-02 
  1.0000E-01 
  1.2000E-01 
  1.4000E-01 
  1.6000E-01 
  1.8000E-01 
  2.0000E-01 
  2.2000E-01 
  2.4000E-01 
  2.6000E-01 
  2.8000E-01 
  3.0000E-01 
  3.2000E-01 
  3.4000E-01 
  3.6000E-01 
  3.8000E-01 
  4.0000E-01 
  4.2000E-01 
  4.4000E-01 
  4.6000E-01 
  4.8000E-01 
  5.0000E-01 
  5.2000E-01 
  5.4000E-01 
  5.6000E-01 
  5.8000E-01 
  6.0000E-01 
  6.2000E-01 
  6.4000E-01 
  6.6000E-01 
  6.8000E-01 
  7.0000E-01 
  7.2000E-01 
  7.4000E-01 
  7.6000E-01 
  7.8000E-01 
  8.0000E-01 
  8.2000E-01 
  8.4000E-01 
  8.6000E-01 
  8.8000E-01 
  9.0000E-01 
  9.2000E-01 
  9.4000E-01 
  9.6000E-01 
  9.8000E-01 
  1.0000E+00 
  5.0000E-01 
 4.9960E-01 
 4.9841E-01 
 4.9643E-01 
 4.9368E-01 
 4.9020E-01 
 4.8600E-01 
 4.8114E-01 
 4.7565E-01 
 4.6957E-01 
 4.6296E-01 
 4.5587E-01 
 4.4835E-01 
 4.4045E-01 
 4.3223E-01 
 4.2373E-01 
 4.1501E-01 
 4.0611E-01 
 3.9708E-01 
 3.8796E-01 
 3.7879E-01 
 3.6960E-01 
 3.6044E-01 
 3.5132E-01 
 3.4228E-01 
 3.3333E-01 
 3.2451E-01 
 3.1582E-01 
 3.0728E-01 
 2.9890E-01 
 2.9070E-01 
 2.8268E-01 
 2.7485E-01 
 2.6721E-01 
 2.5977E-01 
 2.5253E-01 
 2.4548E-01 
 2.3864E-01 
 2.3200E-01 
 2.2555E-01 
 2.1930E-01 
 2.1324E-01 
 2.0737E-01 
 2.0168E-01 
 1.9617E-01 
 1.9084E-01 
 1.8568E-01 
 1.8069E-01 
 1.7586E-01 
 1.7119E-01 
 1.6667E-01 


!ne from confinement nodes [1e19m^-3]
POINTS 51 GRIDTYPE 14 NAMEXP NE NTIMES 3 
 3.0030E-01 
  3.2530E-01 
  3.5030E-01 
  0.0000E+00 
  2.0000E-02 
  4.0000E-02 
  6.0000E-02 
  8.0000E-02 
  1.0000E-01 
  1.2000E-01 
  1.4000E-01 
  1.6000E-01 
  1.8000E-01 
  2.0000E-01 
  2.2000E-01 
  2.4000E-01 
  2.6000E-01 
  2.8000E-01 
  3.0000E-01 
  3.2000E-01 
  3.4000E-01 
  3.6000E-01 
  3.8000E-01 
  4.0000E-01 
  4.2000E-01 
  4.4000E-01 
  4.6000E-01 
  4.8000E-01 
  5.0000E-01 
  5.2000E-01 
  5.4000E-01 
  5.6000E-01 
  5.8000E-01 
  6.0000E-01 
  6.2000E-01 
  6.4000E-01 
  6.6000E-01 
  6.8000E-01 
  7.0000E-01 
  7.2000E-01 
  7.4000E-01 
  7.6000E-01 
  7.8000E-01 
  8.0000E-01 
  8.2000E-01 
  8.4000E-01 
  8.6000E-01 
  8.8000E-01 
  9.0000E-01 
  9.2000E-01 
  9.4000E-01 
  9.6000E-01 
  9.8000E-01 
  1.0000E+00 
  2.9927E+00 
 2.9883E+00 
 2.9752E+00 
 2.9534E+00 
 2.9231E+00 
 2.8846E+00 
 2.8417E+00 
 2.8009E+00 
 2.7678E+00 
 2.7458E+00 
 2.7372E+00 
 2.7433E+00 
 2.7657E+00 
 2.8018E+00 
 2.8393E+00 
 2.8686E+00 
 2.8833E+00 
 2.8813E+00 
 2.8653E+00 
 2.8384E+00 
 2.8031E+00 
 2.7600E+00 
 2.7082E+00 
 2.6454E+00 
 2.5711E+00 
 2.4873E+00 
 2.3962E+00 
 2.2999E+00 
 2.2011E+00 
 2.1025E+00 
 2.0063E+00 
 1.9155E+00 
 1.8339E+00 
 1.7648E+00 
 1.7090E+00 
 1.6634E+00 
 1.6250E+00 
 1.5914E+00 
 1.5609E+00 
 1.5323E+00 
 1.5054E+00 
 1.4800E+00 
 1.4558E+00 
 1.4327E+00 
 1.4106E+00 
 1.3896E+00 
 1.3697E+00 
 1.3515E+00 
 1.3349E+00 
 1.3194E+00 
 1.3045E+00 
 2.9623E+00 
 2.9582E+00 
 2.9460E+00 
 2.9258E+00 
 2.8976E+00 
 2.8617E+00 
 2.8233E+00 
 2.7904E+00 
 2.7698E+00 
 2.7636E+00 
 2.7712E+00 
 2.7890E+00 
 2.8130E+00 
 2.8385E+00 
 2.8578E+00 
 2.8650E+00 
 2.8562E+00 
 2.8306E+00 
 2.7933E+00 
 2.7497E+00 
 2.7047E+00 
 2.6612E+00 
 2.6188E+00 
 2.5737E+00 
 2.5238E+00 
 2.4690E+00 
 2.4098E+00 
 2.3468E+00 
 2.2800E+00 
 2.2096E+00 
 2.1358E+00 
 2.0596E+00 
 1.9843E+00 
 1.9132E+00 
 1.8481E+00 
 1.7884E+00 
 1.7328E+00 
 1.6800E+00 
 1.6295E+00 
 1.5810E+00 
 1.5346E+00 
 1.4901E+00 
 1.4475E+00 
 1.4070E+00 
 1.3682E+00 
 1.3311E+00 
 1.2963E+00 
 1.2642E+00 
 1.2351E+00 
 1.2079E+00 
 1.1817E+00 
 2.9444E+00 
 2.9406E+00 
 2.9291E+00 
 2.9099E+00 
 2.8832E+00 
 2.8495E+00 
 2.8132E+00 
 2.7816E+00 
 2.7609E+00 
 2.7535E+00 
 2.7589E+00 
 2.7745E+00 
 2.7972E+00 
 2.8234E+00 
 2.8463E+00 
 2.8598E+00 
 2.8591E+00 
 2.8429E+00 
 2.8142E+00 
 2.7762E+00 
 2.7315E+00 
 2.6822E+00 
 2.6286E+00 
 2.5695E+00 
 2.5048E+00 
 2.4357E+00 
 2.3635E+00 
 2.2894E+00 
 2.2143E+00 
 2.1390E+00 
 2.0641E+00 
 1.9903E+00 
 1.9203E+00 
 1.8565E+00 
 1.8003E+00 
 1.7504E+00 
 1.7052E+00 
 1.6633E+00 
 1.6236E+00 
 1.5855E+00 
 1.5491E+00 
 1.5143E+00 
 1.4810E+00 
 1.4492E+00 
 1.4188E+00 
 1.3899E+00 
 1.3626E+00 
 1.3375E+00 
 1.3146E+00 
 1.2933E+00 
 1.2728E+00 


!te from confinement nodes [keV]
POINTS 51 GRIDTYPE 14 NAMEXP TE NTIMES 3 
 3.0030E-01 
  3.2530E-01 
  3.5030E-01 
  0.0000E+00 
  2.0000E-02 
  4.0000E-02 
  6.0000E-02 
  8.0000E-02 
  1.0000E-01 
  1.2000E-01 
  1.4000E-01 
  1.6000E-01 
  1.8000E-01 
  2.0000E-01 
  2.2000E-01 
  2.4000E-01 
  2.6000E-01 
  2.8000E-01 
  3.0000E-01 
  3.2000E-01 
  3.4000E-01 
  3.6000E-01 
  3.8000E-01 
  4.0000E-01 
  4.2000E-01 
  4.4000E-01 
  4.6000E-01 
  4.8000E-01 
  5.0000E-01 
  5.2000E-01 
  5.4000E-01 
  5.6000E-01 
  5.8000E-01 
  6.0000E-01 
  6.2000E-01 
  6.4000E-01 
  6.6000E-01 
  6.8000E-01 
  7.0000E-01 
  7.2000E-01 
  7.4000E-01 
  7.6000E-01 
  7.8000E-01 
  8.0000E-01 
  8.2000E-01 
  8.4000E-01 
  8.6000E-01 
  8.8000E-01 
  9.0000E-01 
  9.2000E-01 
  9.4000E-01 
  9.6000E-01 
  9.8000E-01 
  1.0000E+00 
  9.4237E-01 
 9.4226E-01 
 9.4191E-01 
 9.4134E-01 
 9.4056E-01 
 9.3958E-01 
 9.3873E-01 
 9.3852E-01 
 9.3947E-01 
 9.4228E-01 
 9.4714E-01 
 9.5307E-01 
 9.5891E-01 
 9.6355E-01 
 9.6573E-01 
 9.6418E-01 
 9.5776E-01 
 9.4557E-01 
 9.2697E-01 
 9.0149E-01 
 8.6892E-01 
 8.2984E-01 
 7.8622E-01 
 7.4113E-01 
 6.9657E-01 
 6.5326E-01 
 6.1155E-01 
 5.7176E-01 
 5.3386E-01 
 4.9777E-01 
 4.6340E-01 
 4.3067E-01 
 3.9949E-01 
 3.6979E-01 
 3.4150E-01 
 3.1458E-01 
 2.8900E-01 
 2.6472E-01 
 2.4170E-01 
 2.1985E-01 
 1.9906E-01 
 1.7923E-01 
 1.6031E-01 
 1.4227E-01 
 1.2502E-01 
 1.0855E-01 
 9.3055E-02 
 7.8802E-02 
 6.5827E-02 
 5.3733E-02 
 4.2079E-02 
 9.6642E-01 
 9.6591E-01 
 9.6441E-01 
 9.6193E-01 
 9.5848E-01 
 9.5412E-01 
 9.4940E-01 
 9.4524E-01 
 9.4255E-01 
 9.4243E-01 
 9.4539E-01 
 9.5037E-01 
 9.5597E-01 
 9.6084E-01 
 9.6342E-01 
 9.6226E-01 
 9.5610E-01 
 9.4402E-01 
 9.2553E-01 
 9.0032E-01 
 8.6818E-01 
 8.2910E-01 
 7.8465E-01 
 7.3764E-01 
 6.9029E-01 
 6.4382E-01 
 5.9909E-01 
 5.5672E-01 
 5.1666E-01 
 4.7861E-01 
 4.4228E-01 
 4.0741E-01 
 3.7381E-01 
 3.4131E-01 
 3.0990E-01 
 2.7989E-01 
 2.5168E-01 
 2.2556E-01 
 2.0146E-01 
 1.7914E-01 
 1.5824E-01 
 1.3848E-01 
 1.1970E-01 
 1.0178E-01 
 8.4644E-02 
 6.8283E-02 
 5.2890E-02 
 3.8735E-02 
 2.5848E-02 
 1.3835E-02 
 2.2591E-03 
 9.8508E-01 
 9.8490E-01 
 9.8437E-01 
 9.8348E-01 
 9.8224E-01 
 9.8067E-01 
 9.7894E-01 
 9.7730E-01 
 9.7597E-01 
 9.7510E-01 
 9.7450E-01 
 9.7345E-01 
 9.7119E-01 
 9.6698E-01 
 9.6016E-01 
 9.5005E-01 
 9.3600E-01 
 9.1752E-01 
 8.9444E-01 
 8.6660E-01 
 8.3401E-01 
 7.9682E-01 
 7.5599E-01 
 7.1312E-01 
 6.6979E-01 
 6.2726E-01 
 5.8664E-01 
 5.4869E-01 
 5.1324E-01 
 4.7990E-01 
 4.4829E-01 
 4.1812E-01 
 3.8924E-01 
 3.6152E-01 
 3.3489E-01 
 3.0935E-01 
 2.8489E-01 
 2.6153E-01 
 2.3925E-01 
 2.1800E-01 
 1.9772E-01 
 1.7833E-01 
 1.5983E-01 
 1.4217E-01 
 1.2530E-01 
 1.0918E-01 
 9.4015E-02 
 8.0068E-02 
 6.7371E-02 
 5.5536E-02 
 4.4132E-02 


!ti from confinement nodes [keV]
POINTS 51 GRIDTYPE 14 NAMEXP TI NTIMES 3 
 3.0030E-01 
  3.2530E-01 
  3.5030E-01 
  0.0000E+00 
  2.0000E-02 
  4.0000E-02 
  6.0000E-02 
  8.0000E-02 
  1.0000E-01 
  1.2000E-01 
  1.4000E-01 
  1.6000E-01 
  1.8000E-01 
  2.0000E-01 
  2.2000E-01 
  2.4000E-01 
  2.6000E-01 
  2.8000E-01 
  3.0000E-01 
  3.2000E-01 
  3.4000E-01 
  3.6000E-01 
  3.8000E-01 
  4.0000E-01 
  4.2000E-01 
  4.4000E-01 
  4.6000E-01 
  4.8000E-01 
  5.0000E-01 
  5.2000E-01 
  5.4000E-01 
  5.6000E-01 
  5.8000E-01 
  6.0000E-01 
  6.2000E-01 
  6.4000E-01 
  6.6000E-01 
  6.8000E-01 
  7.0000E-01 
  7.2000E-01 
  7.4000E-01 
  7.6000E-01 
  7.8000E-01 
  8.0000E-01 
  8.2000E-01 
  8.4000E-01 
  8.6000E-01 
  8.8000E-01 
  9.0000E-01 
  9.2000E-01 
  9.4000E-01 
  9.6000E-01 
  9.8000E-01 
  1.0000E+00 
  3.8895E-01 
 3.8890E-01 
 3.8876E-01 
 3.8852E-01 
 3.8820E-01 
 3.8780E-01 
 3.8745E-01 
 3.8736E-01 
 3.8775E-01 
 3.8891E-01 
 3.9092E-01 
 3.9337E-01 
 3.9578E-01 
 3.9769E-01 
 3.9859E-01 
 3.9795E-01 
 3.9530E-01 
 3.9027E-01 
 3.8260E-01 
 3.7208E-01 
 3.5864E-01 
 3.4251E-01 
 3.2450E-01 
 3.0589E-01 
 2.8750E-01 
 2.6962E-01 
 2.5241E-01 
 2.3599E-01 
 2.2034E-01 
 2.0545E-01 
 1.9126E-01 
 1.7775E-01 
 1.6489E-01 
 1.5263E-01 
 1.4095E-01 
 1.2984E-01 
 1.1928E-01 
 1.0926E-01 
 9.9757E-02 
 9.0740E-02 
 8.2159E-02 
 7.3974E-02 
 6.6168E-02 
 5.8719E-02 
 5.1601E-02 
 4.4803E-02 
 3.8407E-02 
 3.2525E-02 
 2.7169E-02 
 2.2177E-02 
 1.7367E-02 
 4.0728E-01 
 4.0707E-01 
 4.0644E-01 
 4.0539E-01 
 4.0394E-01 
 4.0210E-01 
 4.0011E-01 
 3.9835E-01 
 3.9722E-01 
 3.9717E-01 
 3.9842E-01 
 4.0052E-01 
 4.0288E-01 
 4.0493E-01 
 4.0602E-01 
 4.0553E-01 
 4.0293E-01 
 3.9784E-01 
 3.9005E-01 
 3.7942E-01 
 3.6588E-01 
 3.4941E-01 
 3.3068E-01 
 3.1087E-01 
 2.9091E-01 
 2.7133E-01 
 2.5248E-01 
 2.3462E-01 
 2.1774E-01 
 2.0170E-01 
 1.8639E-01 
 1.7170E-01 
 1.5754E-01 
 1.4384E-01 
 1.3060E-01 
 1.1796E-01 
 1.0606E-01 
 9.5059E-02 
 8.4902E-02 
 7.5494E-02 
 6.6687E-02 
 5.8360E-02 
 5.0445E-02 
 4.2892E-02 
 3.5672E-02 
 2.8777E-02 
 2.2290E-02 
 1.6324E-02 
 1.0893E-02 
 5.8305E-03 
 9.5205E-04 
 4.0695E-01 
 4.0687E-01 
 4.0665E-01 
 4.0628E-01 
 4.0577E-01 
 4.0512E-01 
 4.0441E-01 
 4.0373E-01 
 4.0318E-01 
 4.0282E-01 
 4.0257E-01 
 4.0214E-01 
 4.0120E-01 
 3.9947E-01 
 3.9665E-01 
 3.9247E-01 
 3.8667E-01 
 3.7904E-01 
 3.6950E-01 
 3.5800E-01 
 3.4453E-01 
 3.2917E-01 
 3.1230E-01 
 2.9460E-01 
 2.7670E-01 
 2.5913E-01 
 2.4235E-01 
 2.2667E-01 
 2.1203E-01 
 1.9825E-01 
 1.8519E-01 
 1.7273E-01 
 1.6080E-01 
 1.4935E-01 
 1.3835E-01 
 1.2779E-01 
 1.1769E-01 
 1.0804E-01 
 9.8834E-02 
 9.0058E-02 
 8.1679E-02 
 7.3671E-02 
 6.6026E-02 
 5.8732E-02 
 5.1761E-02 
 4.5103E-02 
 3.8838E-02 
 3.3077E-02 
 2.7831E-02 
 2.2942E-02 
 1.8231E-02 


!chie from confinement nodes
POINTS 51 GRIDTYPE 14 NAMEXP CAR5 NTIMES 3 
 3.0030E-01 
  3.2530E-01 
  3.5030E-01 
  0.0000E+00 
  2.0000E-02 
  4.0000E-02 
  6.0000E-02 
  8.0000E-02 
  1.0000E-01 
  1.2000E-01 
  1.4000E-01 
  1.6000E-01 
  1.8000E-01 
  2.0000E-01 
  2.2000E-01 
  2.4000E-01 
  2.6000E-01 
  2.8000E-01 
  3.0000E-01 
  3.2000E-01 
  3.4000E-01 
  3.6000E-01 
  3.8000E-01 
  4.0000E-01 
  4.2000E-01 
  4.4000E-01 
  4.6000E-01 
  4.8000E-01 
  5.0000E-01 
  5.2000E-01 
  5.4000E-01 
  5.6000E-01 
  5.8000E-01 
  6.0000E-01 
  6.2000E-01 
  6.4000E-01 
  6.6000E-01 
  6.8000E-01 
  7.0000E-01 
  7.2000E-01 
  7.4000E-01 
  7.6000E-01 
  7.8000E-01 
  8.0000E-01 
  8.2000E-01 
  8.4000E-01 
  8.6000E-01 
  8.8000E-01 
  9.0000E-01 
  9.2000E-01 
  9.4000E-01 
  9.6000E-01 
  9.8000E-01 
  1.0000E+00 
  2.2560E+00 
 9.0321E+00 
 1.0001E+01 
 9.7758E+00 
 9.6965E+00 
 1.2135E+01 
 2.0989E+01 
 2.8169E+01 
 3.1685E+01 
 3.2216E+01 
 3.0418E+01 
 2.6920E+01 
 2.2315E+01 
 1.7158E+01 
 1.1962E+01 
 7.1972E+00 
 3.5044E+00 
 1.9260E+00 
 1.3967E+00 
 1.1171E+00 
 9.3135E-01 
 8.2607E-01 
 7.9196E-01 
 8.0887E-01 
 8.5363E-01 
 9.1367E-01 
 9.8713E-01 
 1.0730E+00 
 1.1685E+00 
 1.2724E+00 
 1.3837E+00 
 1.5001E+00 
 1.6176E+00 
 1.7318E+00 
 1.8405E+00 
 1.9440E+00 
 2.0429E+00 
 2.1374E+00 
 2.2253E+00 
 2.3040E+00 
 2.3708E+00 
 2.4247E+00 
 2.4680E+00 
 2.5006E+00 
 2.5162E+00 
 2.5114E+00 
 2.5056E+00 
 2.5254E+00 
 2.5839E+00 
 2.6698E+00 
 2.7695E+00 
 5.3950E-01 
 2.1521E+00 
 2.3630E+00 
 2.3018E+00 
 2.3146E+00 
 2.4371E+00 
 2.9729E+00 
 4.9518E+00 
 8.6536E+00 
 1.1676E+01 
 1.3698E+01 
 1.4678E+01 
 1.4586E+01 
 1.3399E+01 
 1.1105E+01 
 7.6952E+00 
 3.8047E+00 
 1.9938E+00 
 1.4491E+00 
 1.1818E+00 
 9.8811E-01 
 8.6371E-01 
 8.0812E-01 
 8.0351E-01 
 8.2901E-01 
 8.7413E-01 
 9.3613E-01 
 1.0101E+00 
 1.0882E+00 
 1.1663E+00 
 1.2430E+00 
 1.3171E+00 
 1.3872E+00 
 1.4572E+00 
 1.5363E+00 
 1.6365E+00 
 1.7608E+00 
 1.9033E+00 
 2.0491E+00 
 2.1837E+00 
 2.2988E+00 
 2.3923E+00 
 2.4716E+00 
 2.5392E+00 
 2.5829E+00 
 2.5926E+00 
 2.5784E+00 
 2.5574E+00 
 2.5405E+00 
 2.5271E+00 
 2.5155E+00 
 1.5181E+00 
 6.0540E+00 
 6.6444E+00 
 6.4656E+00 
 6.5073E+00 
 6.8683E+00 
 7.9833E+00 
 1.0617E+01 
 1.7988E+01 
 3.1175E+01 
 3.1469E+01 
 1.7387E+01 
 8.2246E+00 
 4.8364E+00 
 3.3351E+00 
 2.4349E+00 
 1.8674E+00 
 1.5111E+00 
 1.2776E+00 
 1.1140E+00 
 9.9574E-01 
 9.1733E-01 
 8.7981E-01 
 8.7920E-01 
 9.0929E-01 
 9.6839E-01 
 1.0551E+00 
 1.1602E+00 
 1.2703E+00 
 1.3782E+00 
 1.4825E+00 
 1.5837E+00 
 1.6816E+00 
 1.7755E+00 
 1.8657E+00 
 1.9542E+00 
 2.0420E+00 
 2.1290E+00 
 2.2133E+00 
 2.2925E+00 
 2.3639E+00 
 2.4260E+00 
 2.4800E+00 
 2.5249E+00 
 2.5539E+00 
 2.5635E+00 
 2.5731E+00 
 2.6099E+00 
 2.6869E+00 
 2.7925E+00 
 2.9124E+00 


!ECH profile set to zero (no ECH)
POINTS 51 GRIDTYPE 14 NAMEXP CAR4 NTIMES 1 
 3.0000E-01 
  0.0000E+00 
  2.0000E-02 
  4.0000E-02 
  6.0000E-02 
  8.0000E-02 
  1.0000E-01 
  1.2000E-01 
  1.4000E-01 
  1.6000E-01 
  1.8000E-01 
  2.0000E-01 
  2.2000E-01 
  2.4000E-01 
  2.6000E-01 
  2.8000E-01 
  3.0000E-01 
  3.2000E-01 
  3.4000E-01 
  3.6000E-01 
  3.8000E-01 
  4.0000E-01 
  4.2000E-01 
  4.4000E-01 
  4.6000E-01 
  4.8000E-01 
  5.0000E-01 
  5.2000E-01 
  5.4000E-01 
  5.6000E-01 
  5.8000E-01 
  6.0000E-01 
  6.2000E-01 
  6.4000E-01 
  6.6000E-01 
  6.8000E-01 
  7.0000E-01 
  7.2000E-01 
  7.4000E-01 
  7.6000E-01 
  7.8000E-01 
  8.0000E-01 
  8.2000E-01 
  8.4000E-01 
  8.6000E-01 
  8.8000E-01 
  9.0000E-01 
  9.2000E-01 
  9.4000E-01 
  9.6000E-01 
  9.8000E-01 
  1.0000E+00 
  0.0000E+00 
 0.0000E+00 
 0.0000E+00 
 0.0000E+00 
 0.0000E+00 
 0.0000E+00 
 0.0000E+00 
 0.0000E+00 
 0.0000E+00 
 0.0000E+00 
 0.0000E+00 
 0.0000E+00 
 0.0000E+00 
 0.0000E+00 
 0.0000E+00 
 0.0000E+00 
 0.0000E+00 
 0.0000E+00 
 0.0000E+00 
 0.0000E+00 
 0.0000E+00 
 0.0000E+00 
 0.0000E+00 
 0.0000E+00 
 0.0000E+00 
 0.0000E+00 
 0.0000E+00 
 0.0000E+00 
 0.0000E+00 
 0.0000E+00 
 0.0000E+00 
 0.0000E+00 
 0.0000E+00 
 0.0000E+00 
 0.0000E+00 
 0.0000E+00 
 0.0000E+00 
 0.0000E+00 
 0.0000E+00 
 0.0000E+00 
 0.0000E+00 
 0.0000E+00 
 0.0000E+00 
 0.0000E+00 
 0.0000E+00 
 0.0000E+00 
 0.0000E+00 
 0.0000E+00 
 0.0000E+00 
 0.0000E+00 
 0.0000E+00 


!ECCD profile set to zero (no ECCD)
POINTS 51 GRIDTYPE 14 NAMEXP CAR6 NTIMES 1 
 3.0000E-01 
  0.0000E+00 
  2.0000E-02 
  4.0000E-02 
  6.0000E-02 
  8.0000E-02 
  1.0000E-01 
  1.2000E-01 
  1.4000E-01 
  1.6000E-01 
  1.8000E-01 
  2.0000E-01 
  2.2000E-01 
  2.4000E-01 
  2.6000E-01 
  2.8000E-01 
  3.0000E-01 
  3.2000E-01 
  3.4000E-01 
  3.6000E-01 
  3.8000E-01 
  4.0000E-01 
  4.2000E-01 
  4.4000E-01 
  4.6000E-01 
  4.8000E-01 
  5.0000E-01 
  5.2000E-01 
  5.4000E-01 
  5.6000E-01 
  5.8000E-01 
  6.0000E-01 
  6.2000E-01 
  6.4000E-01 
  6.6000E-01 
  6.8000E-01 
  7.0000E-01 
  7.2000E-01 
  7.4000E-01 
  7.6000E-01 
  7.8000E-01 
  8.0000E-01 
  8.2000E-01 
  8.4000E-01 
  8.6000E-01 
  8.8000E-01 
  9.0000E-01 
  9.2000E-01 
  9.4000E-01 
  9.6000E-01 
  9.8000E-01 
  1.0000E+00 
  -0.0000E+00 
 -0.0000E+00 
 -0.0000E+00 
 -0.0000E+00 
 -0.0000E+00 
 -0.0000E+00 
 -0.0000E+00 
 -0.0000E+00 
 -0.0000E+00 
 -0.0000E+00 
 -0.0000E+00 
 -0.0000E+00 
 -0.0000E+00 
 -0.0000E+00 
 -0.0000E+00 
 -0.0000E+00 
 -0.0000E+00 
 -0.0000E+00 
 -0.0000E+00 
 -0.0000E+00 
 -0.0000E+00 
 -0.0000E+00 
 -0.0000E+00 
 -0.0000E+00 
 -0.0000E+00 
 -0.0000E+00 
 -0.0000E+00 
 -0.0000E+00 
 -0.0000E+00 
 -0.0000E+00 
 -0.0000E+00 
 -0.0000E+00 
 -0.0000E+00 
 -0.0000E+00 
 -0.0000E+00 
 -0.0000E+00 
 -0.0000E+00 
 -0.0000E+00 
 -0.0000E+00 
 -0.0000E+00 
 -0.0000E+00 
 -0.0000E+00 
 -0.0000E+00 
 -0.0000E+00 
 -0.0000E+00 
 -0.0000E+00 
 -0.0000E+00 
 -0.0000E+00 
 -0.0000E+00 
 -0.0000E+00 
 -0.0000E+00 
END