 -TCV- #36421 t0=1.125
 Param|Time  |  Value  |   Error
|-----|------|---------|--------
T_OFFSET          0.3000
TEND            1.4250
NB1             91.0000
AWALL           0.2800
AB              0.2600
RTOR            0.8800
ELONM           1.6000
TRICH           0.3000
ABC             0.2341
SHIFT           0.0100
ELONG           1.4615
TRIAN           0.3622
UPDWN           0.0000
ZMJ             1.0000
AMJ             2.0000
BTOR            1.4456
ZRD10           0.9800
ZRD30           36421.0000
ZRD6            0.1110
ZRD7            2.0000
ZRD8            0.0010
ZRD1            3.5000
ZRD3            0.3563
 

!Density boundary condition loading in time
NAMEXP ZRD2 NTIMES 1 
-8.2500E-01 
1.9650E-01 
 

!Ip from LIUQE [MA]
NAMEXP IPL NTIMES 1 
3.0000E-01 
2.5927E-01 


!Minor radius [m]
POINTS 51 GRIDTYPE 14 NAMEXP CAR9 NTIMES 1 
 0.0000E+00 
  0.0000E+00 
  2.0000E-02 
  4.0000E-02 
  6.0000E-02 
  8.0000E-02 
  1.0000E-01 
  1.2000E-01 
  1.4000E-01 
  1.6000E-01 
  1.8000E-01 
  2.0000E-01 
  2.2000E-01 
  2.4000E-01 
  2.6000E-01 
  2.8000E-01 
  3.0000E-01 
  3.2000E-01 
  3.4000E-01 
  3.6000E-01 
  3.8000E-01 
  4.0000E-01 
  4.2000E-01 
  4.4000E-01 
  4.6000E-01 
  4.8000E-01 
  5.0000E-01 
  5.2000E-01 
  5.4000E-01 
  5.6000E-01 
  5.8000E-01 
  6.0000E-01 
  6.2000E-01 
  6.4000E-01 
  6.6000E-01 
  6.8000E-01 
  7.0000E-01 
  7.2000E-01 
  7.4000E-01 
  7.6000E-01 
  7.8000E-01 
  8.0000E-01 
  8.2000E-01 
  8.4000E-01 
  8.6000E-01 
  8.8000E-01 
  9.0000E-01 
  9.2000E-01 
  9.4000E-01 
  9.6000E-01 
  9.8000E-01 
  1.0000E+00 
  0.0000E+00 
 5.2000E-03 
 1.0400E-02 
 1.5600E-02 
 2.0800E-02 
 2.6000E-02 
 3.1200E-02 
 3.6400E-02 
 4.1600E-02 
 4.6800E-02 
 5.2000E-02 
 5.7200E-02 
 6.2400E-02 
 6.7600E-02 
 7.2800E-02 
 7.8000E-02 
 8.3200E-02 
 8.8400E-02 
 9.3600E-02 
 9.8800E-02 
 1.0400E-01 
 1.0920E-01 
 1.1440E-01 
 1.1960E-01 
 1.2480E-01 
 1.3000E-01 
 1.3520E-01 
 1.4040E-01 
 1.4560E-01 
 1.5080E-01 
 1.5600E-01 
 1.6120E-01 
 1.6640E-01 
 1.7160E-01 
 1.7680E-01 
 1.8200E-01 
 1.8720E-01 
 1.9240E-01 
 1.9760E-01 
 2.0280E-01 
 2.0800E-01 
 2.1320E-01 
 2.1840E-01 
 2.2360E-01 
 2.2880E-01 
 2.3400E-01 
 2.3920E-01 
 2.4440E-01 
 2.4960E-01 
 2.5480E-01 
 2.6000E-01 


!initial mu from parabolic 1/q
POINTS 51 GRIDTYPE 14 NAMEXP MU NTIMES 1 
 0.0000E+00 
  0.0000E+00 
  2.0000E-02 
  4.0000E-02 
  6.0000E-02 
  8.0000E-02 
  1.0000E-01 
  1.2000E-01 
  1.4000E-01 
  1.6000E-01 
  1.8000E-01 
  2.0000E-01 
  2.2000E-01 
  2.4000E-01 
  2.6000E-01 
  2.8000E-01 
  3.0000E-01 
  3.2000E-01 
  3.4000E-01 
  3.6000E-01 
  3.8000E-01 
  4.0000E-01 
  4.2000E-01 
  4.4000E-01 
  4.6000E-01 
  4.8000E-01 
  5.0000E-01 
  5.2000E-01 
  5.4000E-01 
  5.6000E-01 
  5.8000E-01 
  6.0000E-01 
  6.2000E-01 
  6.4000E-01 
  6.6000E-01 
  6.8000E-01 
  7.0000E-01 
  7.2000E-01 
  7.4000E-01 
  7.6000E-01 
  7.8000E-01 
  8.0000E-01 
  8.2000E-01 
  8.4000E-01 
  8.6000E-01 
  8.8000E-01 
  9.0000E-01 
  9.2000E-01 
  9.4000E-01 
  9.6000E-01 
  9.8000E-01 
  1.0000E+00 
  5.0000E-01 
 4.9960E-01 
 4.9841E-01 
 4.9643E-01 
 4.9368E-01 
 4.9020E-01 
 4.8600E-01 
 4.8114E-01 
 4.7565E-01 
 4.6957E-01 
 4.6296E-01 
 4.5587E-01 
 4.4835E-01 
 4.4045E-01 
 4.3223E-01 
 4.2373E-01 
 4.1501E-01 
 4.0611E-01 
 3.9708E-01 
 3.8796E-01 
 3.7879E-01 
 3.6960E-01 
 3.6044E-01 
 3.5132E-01 
 3.4228E-01 
 3.3333E-01 
 3.2451E-01 
 3.1582E-01 
 3.0728E-01 
 2.9890E-01 
 2.9070E-01 
 2.8268E-01 
 2.7485E-01 
 2.6721E-01 
 2.5977E-01 
 2.5253E-01 
 2.4548E-01 
 2.3864E-01 
 2.3200E-01 
 2.2555E-01 
 2.1930E-01 
 2.1324E-01 
 2.0737E-01 
 2.0168E-01 
 1.9617E-01 
 1.9084E-01 
 1.8568E-01 
 1.8069E-01 
 1.7586E-01 
 1.7119E-01 
 1.6667E-01 


!ne from confinement nodes [1e19m^-3]
POINTS 51 GRIDTYPE 14 NAMEXP NE NTIMES 1 
 3.0030E-01 
  0.0000E+00 
  2.0000E-02 
  4.0000E-02 
  6.0000E-02 
  8.0000E-02 
  1.0000E-01 
  1.2000E-01 
  1.4000E-01 
  1.6000E-01 
  1.8000E-01 
  2.0000E-01 
  2.2000E-01 
  2.4000E-01 
  2.6000E-01 
  2.8000E-01 
  3.0000E-01 
  3.2000E-01 
  3.4000E-01 
  3.6000E-01 
  3.8000E-01 
  4.0000E-01 
  4.2000E-01 
  4.4000E-01 
  4.6000E-01 
  4.8000E-01 
  5.0000E-01 
  5.2000E-01 
  5.4000E-01 
  5.6000E-01 
  5.8000E-01 
  6.0000E-01 
  6.2000E-01 
  6.4000E-01 
  6.6000E-01 
  6.8000E-01 
  7.0000E-01 
  7.2000E-01 
  7.4000E-01 
  7.6000E-01 
  7.8000E-01 
  8.0000E-01 
  8.2000E-01 
  8.4000E-01 
  8.6000E-01 
  8.8000E-01 
  9.0000E-01 
  9.2000E-01 
  9.4000E-01 
  9.6000E-01 
  9.8000E-01 
  1.0000E+00 
  2.9927E+00 
 2.9883E+00 
 2.9752E+00 
 2.9534E+00 
 2.9231E+00 
 2.8846E+00 
 2.8417E+00 
 2.8009E+00 
 2.7678E+00 
 2.7458E+00 
 2.7372E+00 
 2.7433E+00 
 2.7657E+00 
 2.8018E+00 
 2.8393E+00 
 2.8686E+00 
 2.8833E+00 
 2.8813E+00 
 2.8653E+00 
 2.8384E+00 
 2.8031E+00 
 2.7600E+00 
 2.7082E+00 
 2.6454E+00 
 2.5711E+00 
 2.4873E+00 
 2.3962E+00 
 2.2999E+00 
 2.2011E+00 
 2.1025E+00 
 2.0063E+00 
 1.9155E+00 
 1.8339E+00 
 1.7648E+00 
 1.7090E+00 
 1.6634E+00 
 1.6250E+00 
 1.5914E+00 
 1.5609E+00 
 1.5323E+00 
 1.5054E+00 
 1.4800E+00 
 1.4558E+00 
 1.4327E+00 
 1.4106E+00 
 1.3896E+00 
 1.3697E+00 
 1.3515E+00 
 1.3349E+00 
 1.3194E+00 
 1.3045E+00 


!te from confinement nodes [keV]
POINTS 51 GRIDTYPE 14 NAMEXP TE NTIMES 1 
 3.0030E-01 
  0.0000E+00 
  2.0000E-02 
  4.0000E-02 
  6.0000E-02 
  8.0000E-02 
  1.0000E-01 
  1.2000E-01 
  1.4000E-01 
  1.6000E-01 
  1.8000E-01 
  2.0000E-01 
  2.2000E-01 
  2.4000E-01 
  2.6000E-01 
  2.8000E-01 
  3.0000E-01 
  3.2000E-01 
  3.4000E-01 
  3.6000E-01 
  3.8000E-01 
  4.0000E-01 
  4.2000E-01 
  4.4000E-01 
  4.6000E-01 
  4.8000E-01 
  5.0000E-01 
  5.2000E-01 
  5.4000E-01 
  5.6000E-01 
  5.8000E-01 
  6.0000E-01 
  6.2000E-01 
  6.4000E-01 
  6.6000E-01 
  6.8000E-01 
  7.0000E-01 
  7.2000E-01 
  7.4000E-01 
  7.6000E-01 
  7.8000E-01 
  8.0000E-01 
  8.2000E-01 
  8.4000E-01 
  8.6000E-01 
  8.8000E-01 
  9.0000E-01 
  9.2000E-01 
  9.4000E-01 
  9.6000E-01 
  9.8000E-01 
  1.0000E+00 
  9.4237E-01 
 9.4226E-01 
 9.4191E-01 
 9.4134E-01 
 9.4056E-01 
 9.3958E-01 
 9.3873E-01 
 9.3852E-01 
 9.3947E-01 
 9.4228E-01 
 9.4714E-01 
 9.5307E-01 
 9.5891E-01 
 9.6355E-01 
 9.6573E-01 
 9.6418E-01 
 9.5776E-01 
 9.4557E-01 
 9.2697E-01 
 9.0149E-01 
 8.6892E-01 
 8.2984E-01 
 7.8622E-01 
 7.4113E-01 
 6.9657E-01 
 6.5326E-01 
 6.1155E-01 
 5.7176E-01 
 5.3386E-01 
 4.9777E-01 
 4.6340E-01 
 4.3067E-01 
 3.9949E-01 
 3.6979E-01 
 3.4150E-01 
 3.1458E-01 
 2.8900E-01 
 2.6472E-01 
 2.4170E-01 
 2.1985E-01 
 1.9906E-01 
 1.7923E-01 
 1.6031E-01 
 1.4227E-01 
 1.2502E-01 
 1.0855E-01 
 9.3055E-02 
 7.8802E-02 
 6.5827E-02 
 5.3733E-02 
 4.2079E-02 


!ti from confinement nodes [keV]
POINTS 51 GRIDTYPE 14 NAMEXP TI NTIMES 1 
 3.0030E-01 
  0.0000E+00 
  2.0000E-02 
  4.0000E-02 
  6.0000E-02 
  8.0000E-02 
  1.0000E-01 
  1.2000E-01 
  1.4000E-01 
  1.6000E-01 
  1.8000E-01 
  2.0000E-01 
  2.2000E-01 
  2.4000E-01 
  2.6000E-01 
  2.8000E-01 
  3.0000E-01 
  3.2000E-01 
  3.4000E-01 
  3.6000E-01 
  3.8000E-01 
  4.0000E-01 
  4.2000E-01 
  4.4000E-01 
  4.6000E-01 
  4.8000E-01 
  5.0000E-01 
  5.2000E-01 
  5.4000E-01 
  5.6000E-01 
  5.8000E-01 
  6.0000E-01 
  6.2000E-01 
  6.4000E-01 
  6.6000E-01 
  6.8000E-01 
  7.0000E-01 
  7.2000E-01 
  7.4000E-01 
  7.6000E-01 
  7.8000E-01 
  8.0000E-01 
  8.2000E-01 
  8.4000E-01 
  8.6000E-01 
  8.8000E-01 
  9.0000E-01 
  9.2000E-01 
  9.4000E-01 
  9.6000E-01 
  9.8000E-01 
  1.0000E+00 
  3.8895E-01 
 3.8890E-01 
 3.8876E-01 
 3.8852E-01 
 3.8820E-01 
 3.8780E-01 
 3.8745E-01 
 3.8736E-01 
 3.8775E-01 
 3.8891E-01 
 3.9092E-01 
 3.9337E-01 
 3.9578E-01 
 3.9769E-01 
 3.9859E-01 
 3.9795E-01 
 3.9530E-01 
 3.9027E-01 
 3.8260E-01 
 3.7208E-01 
 3.5864E-01 
 3.4251E-01 
 3.2450E-01 
 3.0589E-01 
 2.8750E-01 
 2.6962E-01 
 2.5241E-01 
 2.3599E-01 
 2.2034E-01 
 2.0545E-01 
 1.9126E-01 
 1.7775E-01 
 1.6489E-01 
 1.5263E-01 
 1.4095E-01 
 1.2984E-01 
 1.1928E-01 
 1.0926E-01 
 9.9757E-02 
 9.0740E-02 
 8.2159E-02 
 7.3974E-02 
 6.6168E-02 
 5.8719E-02 
 5.1601E-02 
 4.4803E-02 
 3.8407E-02 
 3.2525E-02 
 2.7169E-02 
 2.2177E-02 
 1.7367E-02 


!chie from confinement nodes
POINTS 51 GRIDTYPE 14 NAMEXP CAR5 NTIMES 1 
 3.0030E-01 
  0.0000E+00 
  2.0000E-02 
  4.0000E-02 
  6.0000E-02 
  8.0000E-02 
  1.0000E-01 
  1.2000E-01 
  1.4000E-01 
  1.6000E-01 
  1.8000E-01 
  2.0000E-01 
  2.2000E-01 
  2.4000E-01 
  2.6000E-01 
  2.8000E-01 
  3.0000E-01 
  3.2000E-01 
  3.4000E-01 
  3.6000E-01 
  3.8000E-01 
  4.0000E-01 
  4.2000E-01 
  4.4000E-01 
  4.6000E-01 
  4.8000E-01 
  5.0000E-01 
  5.2000E-01 
  5.4000E-01 
  5.6000E-01 
  5.8000E-01 
  6.0000E-01 
  6.2000E-01 
  6.4000E-01 
  6.6000E-01 
  6.8000E-01 
  7.0000E-01 
  7.2000E-01 
  7.4000E-01 
  7.6000E-01 
  7.8000E-01 
  8.0000E-01 
  8.2000E-01 
  8.4000E-01 
  8.6000E-01 
  8.8000E-01 
  9.0000E-01 
  9.2000E-01 
  9.4000E-01 
  9.6000E-01 
  9.8000E-01 
  1.0000E+00 
  2.2560E+00 
 9.0321E+00 
 1.0001E+01 
 9.7758E+00 
 9.6965E+00 
 1.2135E+01 
 2.0989E+01 
 2.8169E+01 
 3.1685E+01 
 3.2216E+01 
 3.0418E+01 
 2.6920E+01 
 2.2315E+01 
 1.7158E+01 
 1.1962E+01 
 7.1972E+00 
 3.5044E+00 
 1.9260E+00 
 1.3967E+00 
 1.1171E+00 
 9.3135E-01 
 8.2607E-01 
 7.9196E-01 
 8.0887E-01 
 8.5363E-01 
 9.1367E-01 
 9.8713E-01 
 1.0730E+00 
 1.1685E+00 
 1.2724E+00 
 1.3837E+00 
 1.5001E+00 
 1.6176E+00 
 1.7318E+00 
 1.8405E+00 
 1.9440E+00 
 2.0429E+00 
 2.1374E+00 
 2.2253E+00 
 2.3040E+00 
 2.3708E+00 
 2.4247E+00 
 2.4680E+00 
 2.5006E+00 
 2.5162E+00 
 2.5114E+00 
 2.5056E+00 
 2.5254E+00 
 2.5839E+00 
 2.6698E+00 
 2.7695E+00 


!ECH profile set to zero (no ECH)
POINTS 51 GRIDTYPE 14 NAMEXP CAR4 NTIMES 1 
 3.0000E-01 
  0.0000E+00 
  2.0000E-02 
  4.0000E-02 
  6.0000E-02 
  8.0000E-02 
  1.0000E-01 
  1.2000E-01 
  1.4000E-01 
  1.6000E-01 
  1.8000E-01 
  2.0000E-01 
  2.2000E-01 
  2.4000E-01 
  2.6000E-01 
  2.8000E-01 
  3.0000E-01 
  3.2000E-01 
  3.4000E-01 
  3.6000E-01 
  3.8000E-01 
  4.0000E-01 
  4.2000E-01 
  4.4000E-01 
  4.6000E-01 
  4.8000E-01 
  5.0000E-01 
  5.2000E-01 
  5.4000E-01 
  5.6000E-01 
  5.8000E-01 
  6.0000E-01 
  6.2000E-01 
  6.4000E-01 
  6.6000E-01 
  6.8000E-01 
  7.0000E-01 
  7.2000E-01 
  7.4000E-01 
  7.6000E-01 
  7.8000E-01 
  8.0000E-01 
  8.2000E-01 
  8.4000E-01 
  8.6000E-01 
  8.8000E-01 
  9.0000E-01 
  9.2000E-01 
  9.4000E-01 
  9.6000E-01 
  9.8000E-01 
  1.0000E+00 
  0.0000E+00 
 0.0000E+00 
 0.0000E+00 
 0.0000E+00 
 0.0000E+00 
 0.0000E+00 
 0.0000E+00 
 0.0000E+00 
 0.0000E+00 
 0.0000E+00 
 0.0000E+00 
 0.0000E+00 
 0.0000E+00 
 0.0000E+00 
 0.0000E+00 
 0.0000E+00 
 0.0000E+00 
 0.0000E+00 
 0.0000E+00 
 0.0000E+00 
 0.0000E+00 
 0.0000E+00 
 0.0000E+00 
 0.0000E+00 
 0.0000E+00 
 0.0000E+00 
 0.0000E+00 
 0.0000E+00 
 0.0000E+00 
 0.0000E+00 
 0.0000E+00 
 0.0000E+00 
 0.0000E+00 
 0.0000E+00 
 0.0000E+00 
 0.0000E+00 
 0.0000E+00 
 0.0000E+00 
 0.0000E+00 
 0.0000E+00 
 0.0000E+00 
 0.0000E+00 
 0.0000E+00 
 0.0000E+00 
 0.0000E+00 
 0.0000E+00 
 0.0000E+00 
 0.0000E+00 
 0.0000E+00 
 0.0000E+00 
 0.0000E+00 


!ECCD profile set to zero (no ECCD)
POINTS 51 GRIDTYPE 14 NAMEXP CAR6 NTIMES 1 
 3.0000E-01 
  0.0000E+00 
  2.0000E-02 
  4.0000E-02 
  6.0000E-02 
  8.0000E-02 
  1.0000E-01 
  1.2000E-01 
  1.4000E-01 
  1.6000E-01 
  1.8000E-01 
  2.0000E-01 
  2.2000E-01 
  2.4000E-01 
  2.6000E-01 
  2.8000E-01 
  3.0000E-01 
  3.2000E-01 
  3.4000E-01 
  3.6000E-01 
  3.8000E-01 
  4.0000E-01 
  4.2000E-01 
  4.4000E-01 
  4.6000E-01 
  4.8000E-01 
  5.0000E-01 
  5.2000E-01 
  5.4000E-01 
  5.6000E-01 
  5.8000E-01 
  6.0000E-01 
  6.2000E-01 
  6.4000E-01 
  6.6000E-01 
  6.8000E-01 
  7.0000E-01 
  7.2000E-01 
  7.4000E-01 
  7.6000E-01 
  7.8000E-01 
  8.0000E-01 
  8.2000E-01 
  8.4000E-01 
  8.6000E-01 
  8.8000E-01 
  9.0000E-01 
  9.2000E-01 
  9.4000E-01 
  9.6000E-01 
  9.8000E-01 
  1.0000E+00 
  -0.0000E+00 
 -0.0000E+00 
 -0.0000E+00 
 -0.0000E+00 
 -0.0000E+00 
 -0.0000E+00 
 -0.0000E+00 
 -0.0000E+00 
 -0.0000E+00 
 -0.0000E+00 
 -0.0000E+00 
 -0.0000E+00 
 -0.0000E+00 
 -0.0000E+00 
 -0.0000E+00 
 -0.0000E+00 
 -0.0000E+00 
 -0.0000E+00 
 -0.0000E+00 
 -0.0000E+00 
 -0.0000E+00 
 -0.0000E+00 
 -0.0000E+00 
 -0.0000E+00 
 -0.0000E+00 
 -0.0000E+00 
 -0.0000E+00 
 -0.0000E+00 
 -0.0000E+00 
 -0.0000E+00 
 -0.0000E+00 
 -0.0000E+00 
 -0.0000E+00 
 -0.0000E+00 
 -0.0000E+00 
 -0.0000E+00 
 -0.0000E+00 
 -0.0000E+00 
 -0.0000E+00 
 -0.0000E+00 
 -0.0000E+00 
 -0.0000E+00 
 -0.0000E+00 
 -0.0000E+00 
 -0.0000E+00 
 -0.0000E+00 
 -0.0000E+00 
 -0.0000E+00 
 -0.0000E+00 
 -0.0000E+00 
 -0.0000E+00 
END