 -TCV- #36461 t0=1.475
 Param|Time  |  Value  |   Error
|-----|------|---------|--------
T_OFFSET          0.3000
TEND            1.7750
NB1             91.0000
AWALL           0.2800
AB              0.2600
RTOR            0.8800
ELONM           1.6000
TRICH           0.3000
ABC             0.2359
SHIFT           0.0100
ELONG           1.4374
TRIAN           0.3617
UPDWN           0.0000
ZMJ             1.0000
AMJ             2.0000
BTOR            1.4477
ZRD10           0.9800
ZRD30           36461.0000
ZRD6            0.1110
ZRD7            2.0000
ZRD8            0.0010
ZRD1            3.5000
ZRD3            0.3563
 

!Density boundary condition loading in time
NAMEXP ZRD2 NTIMES 1 
-1.1750E+00 
1.9650E-01 
 

!Ip from LIUQE [MA]
NAMEXP IPL NTIMES 1 
2.7500E-01 
2.6105E-01 


!Minor radius [m]
POINTS 51 GRIDTYPE 14 NAMEXP CAR9 NTIMES 1 
 0.0000E+00 
  0.0000E+00 
  2.0000E-02 
  4.0000E-02 
  6.0000E-02 
  8.0000E-02 
  1.0000E-01 
  1.2000E-01 
  1.4000E-01 
  1.6000E-01 
  1.8000E-01 
  2.0000E-01 
  2.2000E-01 
  2.4000E-01 
  2.6000E-01 
  2.8000E-01 
  3.0000E-01 
  3.2000E-01 
  3.4000E-01 
  3.6000E-01 
  3.8000E-01 
  4.0000E-01 
  4.2000E-01 
  4.4000E-01 
  4.6000E-01 
  4.8000E-01 
  5.0000E-01 
  5.2000E-01 
  5.4000E-01 
  5.6000E-01 
  5.8000E-01 
  6.0000E-01 
  6.2000E-01 
  6.4000E-01 
  6.6000E-01 
  6.8000E-01 
  7.0000E-01 
  7.2000E-01 
  7.4000E-01 
  7.6000E-01 
  7.8000E-01 
  8.0000E-01 
  8.2000E-01 
  8.4000E-01 
  8.6000E-01 
  8.8000E-01 
  9.0000E-01 
  9.2000E-01 
  9.4000E-01 
  9.6000E-01 
  9.8000E-01 
  1.0000E+00 
  0.0000E+00 
 5.2000E-03 
 1.0400E-02 
 1.5600E-02 
 2.0800E-02 
 2.6000E-02 
 3.1200E-02 
 3.6400E-02 
 4.1600E-02 
 4.6800E-02 
 5.2000E-02 
 5.7200E-02 
 6.2400E-02 
 6.7600E-02 
 7.2800E-02 
 7.8000E-02 
 8.3200E-02 
 8.8400E-02 
 9.3600E-02 
 9.8800E-02 
 1.0400E-01 
 1.0920E-01 
 1.1440E-01 
 1.1960E-01 
 1.2480E-01 
 1.3000E-01 
 1.3520E-01 
 1.4040E-01 
 1.4560E-01 
 1.5080E-01 
 1.5600E-01 
 1.6120E-01 
 1.6640E-01 
 1.7160E-01 
 1.7680E-01 
 1.8200E-01 
 1.8720E-01 
 1.9240E-01 
 1.9760E-01 
 2.0280E-01 
 2.0800E-01 
 2.1320E-01 
 2.1840E-01 
 2.2360E-01 
 2.2880E-01 
 2.3400E-01 
 2.3920E-01 
 2.4440E-01 
 2.4960E-01 
 2.5480E-01 
 2.6000E-01 


!initial mu from parabolic 1/q
POINTS 51 GRIDTYPE 14 NAMEXP MU NTIMES 1 
 0.0000E+00 
  0.0000E+00 
  2.0000E-02 
  4.0000E-02 
  6.0000E-02 
  8.0000E-02 
  1.0000E-01 
  1.2000E-01 
  1.4000E-01 
  1.6000E-01 
  1.8000E-01 
  2.0000E-01 
  2.2000E-01 
  2.4000E-01 
  2.6000E-01 
  2.8000E-01 
  3.0000E-01 
  3.2000E-01 
  3.4000E-01 
  3.6000E-01 
  3.8000E-01 
  4.0000E-01 
  4.2000E-01 
  4.4000E-01 
  4.6000E-01 
  4.8000E-01 
  5.0000E-01 
  5.2000E-01 
  5.4000E-01 
  5.6000E-01 
  5.8000E-01 
  6.0000E-01 
  6.2000E-01 
  6.4000E-01 
  6.6000E-01 
  6.8000E-01 
  7.0000E-01 
  7.2000E-01 
  7.4000E-01 
  7.6000E-01 
  7.8000E-01 
  8.0000E-01 
  8.2000E-01 
  8.4000E-01 
  8.6000E-01 
  8.8000E-01 
  9.0000E-01 
  9.2000E-01 
  9.4000E-01 
  9.6000E-01 
  9.8000E-01 
  1.0000E+00 
  5.0000E-01 
 4.9960E-01 
 4.9841E-01 
 4.9643E-01 
 4.9368E-01 
 4.9020E-01 
 4.8600E-01 
 4.8114E-01 
 4.7565E-01 
 4.6957E-01 
 4.6296E-01 
 4.5587E-01 
 4.4835E-01 
 4.4045E-01 
 4.3223E-01 
 4.2373E-01 
 4.1501E-01 
 4.0611E-01 
 3.9708E-01 
 3.8796E-01 
 3.7879E-01 
 3.6960E-01 
 3.6044E-01 
 3.5132E-01 
 3.4228E-01 
 3.3333E-01 
 3.2451E-01 
 3.1582E-01 
 3.0728E-01 
 2.9890E-01 
 2.9070E-01 
 2.8268E-01 
 2.7485E-01 
 2.6721E-01 
 2.5977E-01 
 2.5253E-01 
 2.4548E-01 
 2.3864E-01 
 2.3200E-01 
 2.2555E-01 
 2.1930E-01 
 2.1324E-01 
 2.0737E-01 
 2.0168E-01 
 1.9617E-01 
 1.9084E-01 
 1.8568E-01 
 1.8069E-01 
 1.7586E-01 
 1.7119E-01 
 1.6667E-01 


!ne from confinement nodes [1e19m^-3]
POINTS 51 GRIDTYPE 14 NAMEXP NE NTIMES 1 
 2.7530E-01 
  0.0000E+00 
  2.0000E-02 
  4.0000E-02 
  6.0000E-02 
  8.0000E-02 
  1.0000E-01 
  1.2000E-01 
  1.4000E-01 
  1.6000E-01 
  1.8000E-01 
  2.0000E-01 
  2.2000E-01 
  2.4000E-01 
  2.6000E-01 
  2.8000E-01 
  3.0000E-01 
  3.2000E-01 
  3.4000E-01 
  3.6000E-01 
  3.8000E-01 
  4.0000E-01 
  4.2000E-01 
  4.4000E-01 
  4.6000E-01 
  4.8000E-01 
  5.0000E-01 
  5.2000E-01 
  5.4000E-01 
  5.6000E-01 
  5.8000E-01 
  6.0000E-01 
  6.2000E-01 
  6.4000E-01 
  6.6000E-01 
  6.8000E-01 
  7.0000E-01 
  7.2000E-01 
  7.4000E-01 
  7.6000E-01 
  7.8000E-01 
  8.0000E-01 
  8.2000E-01 
  8.4000E-01 
  8.6000E-01 
  8.8000E-01 
  9.0000E-01 
  9.2000E-01 
  9.4000E-01 
  9.6000E-01 
  9.8000E-01 
  1.0000E+00 
  7.0450E+00 
 7.0246E+00 
 6.9634E+00 
 6.8614E+00 
 6.7191E+00 
 6.5370E+00 
 6.3289E+00 
 6.1273E+00 
 5.9628E+00 
 5.8446E+00 
 5.7708E+00 
 5.7580E+00 
 5.8272E+00 
 5.9898E+00 
 6.1972E+00 
 6.3838E+00 
 6.5140E+00 
 6.5735E+00 
 6.5820E+00 
 6.5652E+00 
 6.5408E+00 
 6.5041E+00 
 6.4362E+00 
 6.3220E+00 
 6.1536E+00 
 5.9404E+00 
 5.6950E+00 
 5.4281E+00 
 5.1486E+00 
 4.8639E+00 
 4.5789E+00 
 4.3053E+00 
 4.0642E+00 
 3.8813E+00 
 3.7655E+00 
 3.7074E+00 
 3.6819E+00 
 3.6661E+00 
 3.6472E+00 
 3.6199E+00 
 3.5840E+00 
 3.5397E+00 
 3.4867E+00 
 3.4258E+00 
 3.3593E+00 
 3.2897E+00 
 3.2202E+00 
 3.1537E+00 
 3.0915E+00 
 3.0322E+00 
 2.9744E+00 


!te from confinement nodes [keV]
POINTS 51 GRIDTYPE 14 NAMEXP TE NTIMES 1 
 2.7530E-01 
  0.0000E+00 
  2.0000E-02 
  4.0000E-02 
  6.0000E-02 
  8.0000E-02 
  1.0000E-01 
  1.2000E-01 
  1.4000E-01 
  1.6000E-01 
  1.8000E-01 
  2.0000E-01 
  2.2000E-01 
  2.4000E-01 
  2.6000E-01 
  2.8000E-01 
  3.0000E-01 
  3.2000E-01 
  3.4000E-01 
  3.6000E-01 
  3.8000E-01 
  4.0000E-01 
  4.2000E-01 
  4.4000E-01 
  4.6000E-01 
  4.8000E-01 
  5.0000E-01 
  5.2000E-01 
  5.4000E-01 
  5.6000E-01 
  5.8000E-01 
  6.0000E-01 
  6.2000E-01 
  6.4000E-01 
  6.6000E-01 
  6.8000E-01 
  7.0000E-01 
  7.2000E-01 
  7.4000E-01 
  7.6000E-01 
  7.8000E-01 
  8.0000E-01 
  8.2000E-01 
  8.4000E-01 
  8.6000E-01 
  8.8000E-01 
  9.0000E-01 
  9.2000E-01 
  9.4000E-01 
  9.6000E-01 
  9.8000E-01 
  1.0000E+00 
  6.4058E-01 
 6.4025E-01 
 6.3927E-01 
 6.3764E-01 
 6.3538E-01 
 6.3249E-01 
 6.2923E-01 
 6.2616E-01 
 6.2386E-01 
 6.2280E-01 
 6.2316E-01 
 6.2444E-01 
 6.2593E-01 
 6.2692E-01 
 6.2607E-01 
 6.2210E-01 
 6.1454E-01 
 6.0332E-01 
 5.8891E-01 
 5.7186E-01 
 5.5271E-01 
 5.3199E-01 
 5.1024E-01 
 4.8791E-01 
 4.6537E-01 
 4.4269E-01 
 4.1988E-01 
 3.9699E-01 
 3.7405E-01 
 3.5116E-01 
 3.2838E-01 
 3.0578E-01 
 2.8343E-01 
 2.6136E-01 
 2.3971E-01 
 2.1871E-01 
 1.9870E-01 
 1.7995E-01 
 1.6253E-01 
 1.4635E-01 
 1.3119E-01 
 1.1687E-01 
 1.0327E-01 
 9.0330E-02 
 7.7971E-02 
 6.6193E-02 
 5.5155E-02 
 4.5042E-02 
 3.5831E-02 
 2.7233E-02 
 1.8941E-02 


!ti from confinement nodes [keV]
POINTS 51 GRIDTYPE 14 NAMEXP TI NTIMES 1 
 2.7530E-01 
  0.0000E+00 
  2.0000E-02 
  4.0000E-02 
  6.0000E-02 
  8.0000E-02 
  1.0000E-01 
  1.2000E-01 
  1.4000E-01 
  1.6000E-01 
  1.8000E-01 
  2.0000E-01 
  2.2000E-01 
  2.4000E-01 
  2.6000E-01 
  2.8000E-01 
  3.0000E-01 
  3.2000E-01 
  3.4000E-01 
  3.6000E-01 
  3.8000E-01 
  4.0000E-01 
  4.2000E-01 
  4.4000E-01 
  4.6000E-01 
  4.8000E-01 
  5.0000E-01 
  5.2000E-01 
  5.4000E-01 
  5.6000E-01 
  5.8000E-01 
  6.0000E-01 
  6.2000E-01 
  6.4000E-01 
  6.6000E-01 
  6.8000E-01 
  7.0000E-01 
  7.2000E-01 
  7.4000E-01 
  7.6000E-01 
  7.8000E-01 
  8.0000E-01 
  8.2000E-01 
  8.4000E-01 
  8.6000E-01 
  8.8000E-01 
  9.0000E-01 
  9.2000E-01 
  9.4000E-01 
  9.6000E-01 
  9.8000E-01 
  1.0000E+00 
  7.4077E-01 
 7.4039E-01 
 7.3926E-01 
 7.3738E-01 
 7.3476E-01 
 7.3142E-01 
 7.2765E-01 
 7.2411E-01 
 7.2144E-01 
 7.2022E-01 
 7.2064E-01 
 7.2212E-01 
 7.2384E-01 
 7.2498E-01 
 7.2399E-01 
 7.1941E-01 
 7.1067E-01 
 6.9769E-01 
 6.8102E-01 
 6.6131E-01 
 6.3916E-01 
 6.1521E-01 
 5.9005E-01 
 5.6423E-01 
 5.3816E-01 
 5.1193E-01 
 4.8556E-01 
 4.5908E-01 
 4.3256E-01 
 4.0609E-01 
 3.7975E-01 
 3.5361E-01 
 3.2776E-01 
 3.0224E-01 
 2.7721E-01 
 2.5292E-01 
 2.2979E-01 
 2.0810E-01 
 1.8795E-01 
 1.6925E-01 
 1.5171E-01 
 1.3515E-01 
 1.1943E-01 
 1.0446E-01 
 9.0167E-02 
 7.6547E-02 
 6.3782E-02 
 5.2088E-02 
 4.1436E-02 
 3.1493E-02 
 2.1904E-02 


!chie from confinement nodes
POINTS 51 GRIDTYPE 14 NAMEXP CAR5 NTIMES 1 
 2.7530E-01 
  0.0000E+00 
  2.0000E-02 
  4.0000E-02 
  6.0000E-02 
  8.0000E-02 
  1.0000E-01 
  1.2000E-01 
  1.4000E-01 
  1.6000E-01 
  1.8000E-01 
  2.0000E-01 
  2.2000E-01 
  2.4000E-01 
  2.6000E-01 
  2.8000E-01 
  3.0000E-01 
  3.2000E-01 
  3.4000E-01 
  3.6000E-01 
  3.8000E-01 
  4.0000E-01 
  4.2000E-01 
  4.4000E-01 
  4.6000E-01 
  4.8000E-01 
  5.0000E-01 
  5.2000E-01 
  5.4000E-01 
  5.6000E-01 
  5.8000E-01 
  6.0000E-01 
  6.2000E-01 
  6.4000E-01 
  6.6000E-01 
  6.8000E-01 
  7.0000E-01 
  7.2000E-01 
  7.4000E-01 
  7.6000E-01 
  7.8000E-01 
  8.0000E-01 
  8.2000E-01 
  8.4000E-01 
  8.6000E-01 
  8.8000E-01 
  9.0000E-01 
  9.2000E-01 
  9.4000E-01 
  9.6000E-01 
  9.8000E-01 
  1.0000E+00 
  6.7068E-01 
 2.7033E+00 
 2.9375E+00 
 2.8782E+00 
 2.9179E+00 
 3.0553E+00 
 3.5000E+00 
 5.0347E+00 
 1.0642E+01 
 1.8160E+01 
 2.2785E+01 
 2.4404E+01 
 2.3068E+01 
 1.8847E+01 
 1.1834E+01 
 4.7941E+00 
 2.5009E+00 
 1.9766E+00 
 1.7236E+00 
 1.5536E+00 
 1.4546E+00 
 1.4084E+00 
 1.4031E+00 
 1.4309E+00 
 1.4810E+00 
 1.5440E+00 
 1.6168E+00 
 1.7008E+00 
 1.7981E+00 
 1.9103E+00 
 2.0374E+00 
 2.1731E+00 
 2.3059E+00 
 2.4253E+00 
 2.5356E+00 
 2.6524E+00 
 2.7918E+00 
 2.9595E+00 
 3.1438E+00 
 3.3311E+00 
 3.5078E+00 
 3.6711E+00 
 3.8269E+00 
 3.9800E+00 
 4.1331E+00 
 4.2964E+00 
 4.5025E+00 
 4.7878E+00 
 5.1601E+00 
 5.5922E+00 
 6.0541E+00 


!ECH profile set to zero (no ECH)
POINTS 51 GRIDTYPE 14 NAMEXP CAR4 NTIMES 1 
 3.0000E-01 
  0.0000E+00 
  2.0000E-02 
  4.0000E-02 
  6.0000E-02 
  8.0000E-02 
  1.0000E-01 
  1.2000E-01 
  1.4000E-01 
  1.6000E-01 
  1.8000E-01 
  2.0000E-01 
  2.2000E-01 
  2.4000E-01 
  2.6000E-01 
  2.8000E-01 
  3.0000E-01 
  3.2000E-01 
  3.4000E-01 
  3.6000E-01 
  3.8000E-01 
  4.0000E-01 
  4.2000E-01 
  4.4000E-01 
  4.6000E-01 
  4.8000E-01 
  5.0000E-01 
  5.2000E-01 
  5.4000E-01 
  5.6000E-01 
  5.8000E-01 
  6.0000E-01 
  6.2000E-01 
  6.4000E-01 
  6.6000E-01 
  6.8000E-01 
  7.0000E-01 
  7.2000E-01 
  7.4000E-01 
  7.6000E-01 
  7.8000E-01 
  8.0000E-01 
  8.2000E-01 
  8.4000E-01 
  8.6000E-01 
  8.8000E-01 
  9.0000E-01 
  9.2000E-01 
  9.4000E-01 
  9.6000E-01 
  9.8000E-01 
  1.0000E+00 
  0.0000E+00 
 0.0000E+00 
 0.0000E+00 
 0.0000E+00 
 0.0000E+00 
 0.0000E+00 
 0.0000E+00 
 0.0000E+00 
 0.0000E+00 
 0.0000E+00 
 0.0000E+00 
 0.0000E+00 
 0.0000E+00 
 0.0000E+00 
 0.0000E+00 
 0.0000E+00 
 0.0000E+00 
 0.0000E+00 
 0.0000E+00 
 0.0000E+00 
 0.0000E+00 
 0.0000E+00 
 0.0000E+00 
 0.0000E+00 
 0.0000E+00 
 0.0000E+00 
 0.0000E+00 
 0.0000E+00 
 0.0000E+00 
 0.0000E+00 
 0.0000E+00 
 0.0000E+00 
 0.0000E+00 
 0.0000E+00 
 0.0000E+00 
 0.0000E+00 
 0.0000E+00 
 0.0000E+00 
 0.0000E+00 
 0.0000E+00 
 0.0000E+00 
 0.0000E+00 
 0.0000E+00 
 0.0000E+00 
 0.0000E+00 
 0.0000E+00 
 0.0000E+00 
 0.0000E+00 
 0.0000E+00 
 0.0000E+00 
 0.0000E+00 


!ECCD profile set to zero (no ECCD)
POINTS 51 GRIDTYPE 14 NAMEXP CAR6 NTIMES 1 
 3.0000E-01 
  0.0000E+00 
  2.0000E-02 
  4.0000E-02 
  6.0000E-02 
  8.0000E-02 
  1.0000E-01 
  1.2000E-01 
  1.4000E-01 
  1.6000E-01 
  1.8000E-01 
  2.0000E-01 
  2.2000E-01 
  2.4000E-01 
  2.6000E-01 
  2.8000E-01 
  3.0000E-01 
  3.2000E-01 
  3.4000E-01 
  3.6000E-01 
  3.8000E-01 
  4.0000E-01 
  4.2000E-01 
  4.4000E-01 
  4.6000E-01 
  4.8000E-01 
  5.0000E-01 
  5.2000E-01 
  5.4000E-01 
  5.6000E-01 
  5.8000E-01 
  6.0000E-01 
  6.2000E-01 
  6.4000E-01 
  6.6000E-01 
  6.8000E-01 
  7.0000E-01 
  7.2000E-01 
  7.4000E-01 
  7.6000E-01 
  7.8000E-01 
  8.0000E-01 
  8.2000E-01 
  8.4000E-01 
  8.6000E-01 
  8.8000E-01 
  9.0000E-01 
  9.2000E-01 
  9.4000E-01 
  9.6000E-01 
  9.8000E-01 
  1.0000E+00 
  -0.0000E+00 
 -0.0000E+00 
 -0.0000E+00 
 -0.0000E+00 
 -0.0000E+00 
 -0.0000E+00 
 -0.0000E+00 
 -0.0000E+00 
 -0.0000E+00 
 -0.0000E+00 
 -0.0000E+00 
 -0.0000E+00 
 -0.0000E+00 
 -0.0000E+00 
 -0.0000E+00 
 -0.0000E+00 
 -0.0000E+00 
 -0.0000E+00 
 -0.0000E+00 
 -0.0000E+00 
 -0.0000E+00 
 -0.0000E+00 
 -0.0000E+00 
 -0.0000E+00 
 -0.0000E+00 
 -0.0000E+00 
 -0.0000E+00 
 -0.0000E+00 
 -0.0000E+00 
 -0.0000E+00 
 -0.0000E+00 
 -0.0000E+00 
 -0.0000E+00 
 -0.0000E+00 
 -0.0000E+00 
 -0.0000E+00 
 -0.0000E+00 
 -0.0000E+00 
 -0.0000E+00 
 -0.0000E+00 
 -0.0000E+00 
 -0.0000E+00 
 -0.0000E+00 
 -0.0000E+00 
 -0.0000E+00 
 -0.0000E+00 
 -0.0000E+00 
 -0.0000E+00 
 -0.0000E+00 
 -0.0000E+00 
 -0.0000E+00 
END