 -TCV- #36461 t0=0.5
 Param|Time  |  Value  |   Error
|-----|------|---------|--------
T_OFFSET          0.3000
TEND            0.8000
NB1             91.0000
AWALL           0.2800
AB              0.2600
RTOR            0.8800
ELONM           1.6000
TRICH           0.3000
ABC             0.2296
SHIFT           0.0100
ELONG           1.4924
TRIAN           0.3745
UPDWN           0.0000
ZMJ             1.0000
AMJ             2.0000
BTOR            1.4436
ZRD10           0.9800
ZRD30           36461.0000
ZRD6            0.1110
ZRD7            2.0000
ZRD8            0.0010
ZRD1            3.5000
ZRD3            0.3563
 

!Density boundary condition loading in time
NAMEXP ZRD2 NTIMES 1 
-2.0000E-01 
1.9650E-01 
 

!Ip from LIUQE [MA]
NAMEXP IPL NTIMES 3 
3.0000E-01 
3.2500E-01 
3.5000E-01 
2.5657E-01 
2.5657E-01 
2.5657E-01 


!Minor radius [m]
POINTS 51 GRIDTYPE 14 NAMEXP CAR9 NTIMES 1 
 0.0000E+00 
  0.0000E+00 
  2.0000E-02 
  4.0000E-02 
  6.0000E-02 
  8.0000E-02 
  1.0000E-01 
  1.2000E-01 
  1.4000E-01 
  1.6000E-01 
  1.8000E-01 
  2.0000E-01 
  2.2000E-01 
  2.4000E-01 
  2.6000E-01 
  2.8000E-01 
  3.0000E-01 
  3.2000E-01 
  3.4000E-01 
  3.6000E-01 
  3.8000E-01 
  4.0000E-01 
  4.2000E-01 
  4.4000E-01 
  4.6000E-01 
  4.8000E-01 
  5.0000E-01 
  5.2000E-01 
  5.4000E-01 
  5.6000E-01 
  5.8000E-01 
  6.0000E-01 
  6.2000E-01 
  6.4000E-01 
  6.6000E-01 
  6.8000E-01 
  7.0000E-01 
  7.2000E-01 
  7.4000E-01 
  7.6000E-01 
  7.8000E-01 
  8.0000E-01 
  8.2000E-01 
  8.4000E-01 
  8.6000E-01 
  8.8000E-01 
  9.0000E-01 
  9.2000E-01 
  9.4000E-01 
  9.6000E-01 
  9.8000E-01 
  1.0000E+00 
  0.0000E+00 
 5.2000E-03 
 1.0400E-02 
 1.5600E-02 
 2.0800E-02 
 2.6000E-02 
 3.1200E-02 
 3.6400E-02 
 4.1600E-02 
 4.6800E-02 
 5.2000E-02 
 5.7200E-02 
 6.2400E-02 
 6.7600E-02 
 7.2800E-02 
 7.8000E-02 
 8.3200E-02 
 8.8400E-02 
 9.3600E-02 
 9.8800E-02 
 1.0400E-01 
 1.0920E-01 
 1.1440E-01 
 1.1960E-01 
 1.2480E-01 
 1.3000E-01 
 1.3520E-01 
 1.4040E-01 
 1.4560E-01 
 1.5080E-01 
 1.5600E-01 
 1.6120E-01 
 1.6640E-01 
 1.7160E-01 
 1.7680E-01 
 1.8200E-01 
 1.8720E-01 
 1.9240E-01 
 1.9760E-01 
 2.0280E-01 
 2.0800E-01 
 2.1320E-01 
 2.1840E-01 
 2.2360E-01 
 2.2880E-01 
 2.3400E-01 
 2.3920E-01 
 2.4440E-01 
 2.4960E-01 
 2.5480E-01 
 2.6000E-01 


!initial mu from parabolic 1/q
POINTS 51 GRIDTYPE 14 NAMEXP MU NTIMES 1 
 0.0000E+00 
  0.0000E+00 
  2.0000E-02 
  4.0000E-02 
  6.0000E-02 
  8.0000E-02 
  1.0000E-01 
  1.2000E-01 
  1.4000E-01 
  1.6000E-01 
  1.8000E-01 
  2.0000E-01 
  2.2000E-01 
  2.4000E-01 
  2.6000E-01 
  2.8000E-01 
  3.0000E-01 
  3.2000E-01 
  3.4000E-01 
  3.6000E-01 
  3.8000E-01 
  4.0000E-01 
  4.2000E-01 
  4.4000E-01 
  4.6000E-01 
  4.8000E-01 
  5.0000E-01 
  5.2000E-01 
  5.4000E-01 
  5.6000E-01 
  5.8000E-01 
  6.0000E-01 
  6.2000E-01 
  6.4000E-01 
  6.6000E-01 
  6.8000E-01 
  7.0000E-01 
  7.2000E-01 
  7.4000E-01 
  7.6000E-01 
  7.8000E-01 
  8.0000E-01 
  8.2000E-01 
  8.4000E-01 
  8.6000E-01 
  8.8000E-01 
  9.0000E-01 
  9.2000E-01 
  9.4000E-01 
  9.6000E-01 
  9.8000E-01 
  1.0000E+00 
  5.0000E-01 
 4.9960E-01 
 4.9841E-01 
 4.9643E-01 
 4.9368E-01 
 4.9020E-01 
 4.8600E-01 
 4.8114E-01 
 4.7565E-01 
 4.6957E-01 
 4.6296E-01 
 4.5587E-01 
 4.4835E-01 
 4.4045E-01 
 4.3223E-01 
 4.2373E-01 
 4.1501E-01 
 4.0611E-01 
 3.9708E-01 
 3.8796E-01 
 3.7879E-01 
 3.6960E-01 
 3.6044E-01 
 3.5132E-01 
 3.4228E-01 
 3.3333E-01 
 3.2451E-01 
 3.1582E-01 
 3.0728E-01 
 2.9890E-01 
 2.9070E-01 
 2.8268E-01 
 2.7485E-01 
 2.6721E-01 
 2.5977E-01 
 2.5253E-01 
 2.4548E-01 
 2.3864E-01 
 2.3200E-01 
 2.2555E-01 
 2.1930E-01 
 2.1324E-01 
 2.0737E-01 
 2.0168E-01 
 1.9617E-01 
 1.9084E-01 
 1.8568E-01 
 1.8069E-01 
 1.7586E-01 
 1.7119E-01 
 1.6667E-01 


!ne from confinement nodes [1e19m^-3]
POINTS 51 GRIDTYPE 14 NAMEXP NE NTIMES 3 
 3.0030E-01 
  3.2530E-01 
  3.5030E-01 
  0.0000E+00 
  2.0000E-02 
  4.0000E-02 
  6.0000E-02 
  8.0000E-02 
  1.0000E-01 
  1.2000E-01 
  1.4000E-01 
  1.6000E-01 
  1.8000E-01 
  2.0000E-01 
  2.2000E-01 
  2.4000E-01 
  2.6000E-01 
  2.8000E-01 
  3.0000E-01 
  3.2000E-01 
  3.4000E-01 
  3.6000E-01 
  3.8000E-01 
  4.0000E-01 
  4.2000E-01 
  4.4000E-01 
  4.6000E-01 
  4.8000E-01 
  5.0000E-01 
  5.2000E-01 
  5.4000E-01 
  5.6000E-01 
  5.8000E-01 
  6.0000E-01 
  6.2000E-01 
  6.4000E-01 
  6.6000E-01 
  6.8000E-01 
  7.0000E-01 
  7.2000E-01 
  7.4000E-01 
  7.6000E-01 
  7.8000E-01 
  8.0000E-01 
  8.2000E-01 
  8.4000E-01 
  8.6000E-01 
  8.8000E-01 
  9.0000E-01 
  9.2000E-01 
  9.4000E-01 
  9.6000E-01 
  9.8000E-01 
  1.0000E+00 
  3.0077E+00 
 3.0051E+00 
 2.9971E+00 
 2.9838E+00 
 2.9653E+00 
 2.9415E+00 
 2.9124E+00 
 2.8777E+00 
 2.8398E+00 
 2.8089E+00 
 2.7937E+00 
 2.7961E+00 
 2.8134E+00 
 2.8421E+00 
 2.8747E+00 
 2.9050E+00 
 2.9289E+00 
 2.9436E+00 
 2.9482E+00 
 2.9420E+00 
 2.9250E+00 
 2.8937E+00 
 2.8415E+00 
 2.7676E+00 
 2.6795E+00 
 2.5827E+00 
 2.4813E+00 
 2.3788E+00 
 2.2780E+00 
 2.1806E+00 
 2.0882E+00 
 2.0024E+00 
 1.9255E+00 
 1.8593E+00 
 1.8040E+00 
 1.7570E+00 
 1.7150E+00 
 1.6769E+00 
 1.6420E+00 
 1.6098E+00 
 1.5798E+00 
 1.5515E+00 
 1.5248E+00 
 1.4994E+00 
 1.4751E+00 
 1.4518E+00 
 1.4298E+00 
 1.4094E+00 
 1.3909E+00 
 1.3736E+00 
 1.3571E+00 
 3.0280E+00 
 3.0231E+00 
 3.0083E+00 
 2.9837E+00 
 2.9495E+00 
 2.9059E+00 
 2.8560E+00 
 2.8078E+00 
 2.7687E+00 
 2.7403E+00 
 2.7227E+00 
 2.7194E+00 
 2.7375E+00 
 2.7809E+00 
 2.8408E+00 
 2.9038E+00 
 2.9600E+00 
 3.0013E+00 
 3.0242E+00 
 3.0281E+00 
 3.0123E+00 
 2.9767E+00 
 2.9213E+00 
 2.8461E+00 
 2.7521E+00 
 2.6421E+00 
 2.5200E+00 
 2.3894E+00 
 2.2548E+00 
 2.1217E+00 
 1.9949E+00 
 1.8792E+00 
 1.7810E+00 
 1.7072E+00 
 1.6609E+00 
 1.6377E+00 
 1.6290E+00 
 1.6283E+00 
 1.6304E+00 
 1.6314E+00 
 1.6293E+00 
 1.6237E+00 
 1.6142E+00 
 1.6007E+00 
 1.5839E+00 
 1.5650E+00 
 1.5450E+00 
 1.5253E+00 
 1.5065E+00 
 1.4885E+00 
 1.4709E+00 
  6.4490E+00 
 6.4305E+00 
 6.3749E+00 
 6.2825E+00 
 6.1537E+00 
 5.9903E+00 
 5.8186E+00 
 5.6866E+00 
 5.6176E+00 
 5.6124E+00 
 5.6703E+00 
 5.7824E+00 
 5.9312E+00 
 6.0995E+00 
 6.2693E+00 
 6.4193E+00 
 6.5290E+00 
 6.5815E+00 
 6.5789E+00 
 6.5444E+00 
 6.4991E+00 
 6.4527E+00 
 6.3850E+00 
 6.2729E+00 
 6.0957E+00 
 5.8525E+00 
 5.5590E+00 
 5.2320E+00 
 4.8859E+00 
 4.5329E+00 
 4.1829E+00 
 3.8465E+00 
 3.5414E+00 
 3.2961E+00 
 3.1363E+00 
 3.0679E+00 
 3.0606E+00 
 3.0812E+00 
 3.1023E+00 
 3.1121E+00 
 3.1053E+00 
 3.0823E+00 
 3.0436E+00 
 2.9893E+00 
 2.9216E+00 
 2.8447E+00 
 2.7630E+00 
 2.6814E+00 
 2.6040E+00 
 2.5301E+00 
 2.4580E+00 


!te from confinement nodes [keV]
POINTS 51 GRIDTYPE 14 NAMEXP TE NTIMES 3 
 3.0030E-01 
  3.2530E-01 
  3.5030E-01 
  0.0000E+00 
  2.0000E-02 
  4.0000E-02 
  6.0000E-02 
  8.0000E-02 
  1.0000E-01 
  1.2000E-01 
  1.4000E-01 
  1.6000E-01 
  1.8000E-01 
  2.0000E-01 
  2.2000E-01 
  2.4000E-01 
  2.6000E-01 
  2.8000E-01 
  3.0000E-01 
  3.2000E-01 
  3.4000E-01 
  3.6000E-01 
  3.8000E-01 
  4.0000E-01 
  4.2000E-01 
  4.4000E-01 
  4.6000E-01 
  4.8000E-01 
  5.0000E-01 
  5.2000E-01 
  5.4000E-01 
  5.6000E-01 
  5.8000E-01 
  6.0000E-01 
  6.2000E-01 
  6.4000E-01 
  6.6000E-01 
  6.8000E-01 
  7.0000E-01 
  7.2000E-01 
  7.4000E-01 
  7.6000E-01 
  7.8000E-01 
  8.0000E-01 
  8.2000E-01 
  8.4000E-01 
  8.6000E-01 
  8.8000E-01 
  9.0000E-01 
  9.2000E-01 
  9.4000E-01 
  9.6000E-01 
  9.8000E-01 
  1.0000E+00 
  6.2368E-01 
 6.2326E-01 
 6.2203E-01 
 6.1997E-01 
 6.1711E-01 
 6.1347E-01 
 6.0941E-01 
 6.0555E-01 
 6.0243E-01 
 6.0042E-01 
 5.9990E-01 
 6.0058E-01 
 6.0153E-01 
 6.0179E-01 
 6.0059E-01 
 5.9749E-01 
 5.9214E-01 
 5.8422E-01 
 5.7367E-01 
 5.6065E-01 
 5.4535E-01 
 5.2796E-01 
 5.0873E-01 
 4.8795E-01 
 4.6585E-01 
 4.4263E-01 
 4.1845E-01 
 3.9344E-01 
 3.6779E-01 
 3.4185E-01 
 3.1596E-01 
 2.9043E-01 
 2.6559E-01 
 2.4180E-01 
 2.1939E-01 
 1.9857E-01 
 1.7941E-01 
 1.6197E-01 
 1.4624E-01 
 1.3203E-01 
 1.1908E-01 
 1.0710E-01 
 9.5853E-02 
 8.5172E-02 
 7.4961E-02 
 6.5177E-02 
 5.5878E-02 
 4.7248E-02 
 3.9405E-02 
 3.2145E-02 
 2.5176E-02 
  6.2368E-01 
 6.2326E-01 
 6.2203E-01 
 6.1997E-01 
 6.1711E-01 
 6.1347E-01 
 6.0941E-01 
 6.0555E-01 
 6.0243E-01 
 6.0042E-01 
 5.9990E-01 
 6.0058E-01 
 6.0153E-01 
 6.0179E-01 
 6.0059E-01 
 5.9749E-01 
 5.9214E-01 
 5.8422E-01 
 5.7367E-01 
 5.6065E-01 
 5.4535E-01 
 5.2796E-01 
 5.0873E-01 
 4.8795E-01 
 4.6585E-01 
 4.4263E-01 
 4.1845E-01 
 3.9344E-01 
 3.6779E-01 
 3.4185E-01 
 3.1596E-01 
 2.9043E-01 
 2.6559E-01 
 2.4180E-01 
 2.1939E-01 
 1.9857E-01 
 1.7941E-01 
 1.6197E-01 
 1.4624E-01 
 1.3203E-01 
 1.1908E-01 
 1.0710E-01 
 9.5853E-02 
 8.5172E-02 
 7.4961E-02 
 6.5177E-02 
 5.5878E-02 
 4.7248E-02 
 3.9405E-02 
 3.2145E-02 
 2.5176E-02 
  6.2368E-01 
 6.2326E-01 
 6.2203E-01 
 6.1997E-01 
 6.1711E-01 
 6.1347E-01 
 6.0941E-01 
 6.0555E-01 
 6.0243E-01 
 6.0042E-01 
 5.9990E-01 
 6.0058E-01 
 6.0153E-01 
 6.0179E-01 
 6.0059E-01 
 5.9749E-01 
 5.9214E-01 
 5.8422E-01 
 5.7367E-01 
 5.6065E-01 
 5.4535E-01 
 5.2796E-01 
 5.0873E-01 
 4.8795E-01 
 4.6585E-01 
 4.4263E-01 
 4.1845E-01 
 3.9344E-01 
 3.6779E-01 
 3.4185E-01 
 3.1596E-01 
 2.9043E-01 
 2.6559E-01 
 2.4180E-01 
 2.1939E-01 
 1.9857E-01 
 1.7941E-01 
 1.6197E-01 
 1.4624E-01 
 1.3203E-01 
 1.1908E-01 
 1.0710E-01 
 9.5853E-02 
 8.5172E-02 
 7.4961E-02 
 6.5177E-02 
 5.5878E-02 
 4.7248E-02 
 3.9405E-02 
 3.2145E-02 
 2.5176E-02 


!ti from confinement nodes [keV]
POINTS 51 GRIDTYPE 14 NAMEXP TI NTIMES 3 
 3.0030E-01 
  3.2530E-01 
  3.5030E-01 
  0.0000E+00 
  2.0000E-02 
  4.0000E-02 
  6.0000E-02 
  8.0000E-02 
  1.0000E-01 
  1.2000E-01 
  1.4000E-01 
  1.6000E-01 
  1.8000E-01 
  2.0000E-01 
  2.2000E-01 
  2.4000E-01 
  2.6000E-01 
  2.8000E-01 
  3.0000E-01 
  3.2000E-01 
  3.4000E-01 
  3.6000E-01 
  3.8000E-01 
  4.0000E-01 
  4.2000E-01 
  4.4000E-01 
  4.6000E-01 
  4.8000E-01 
  5.0000E-01 
  5.2000E-01 
  5.4000E-01 
  5.6000E-01 
  5.8000E-01 
  6.0000E-01 
  6.2000E-01 
  6.4000E-01 
  6.6000E-01 
  6.8000E-01 
  7.0000E-01 
  7.2000E-01 
  7.4000E-01 
  7.6000E-01 
  7.8000E-01 
  8.0000E-01 
  8.2000E-01 
  8.4000E-01 
  8.6000E-01 
  8.8000E-01 
  9.0000E-01 
  9.2000E-01 
  9.4000E-01 
  9.6000E-01 
  9.8000E-01 
  1.0000E+00 
  6.8091E-01 
 6.8046E-01 
 6.7911E-01 
 6.7686E-01 
 6.7374E-01 
 6.6976E-01 
 6.6532E-01 
 6.6112E-01 
 6.5771E-01 
 6.5552E-01 
 6.5494E-01 
 6.5569E-01 
 6.5673E-01 
 6.5701E-01 
 6.5570E-01 
 6.5232E-01 
 6.4647E-01 
 6.3782E-01 
 6.2631E-01 
 6.1210E-01 
 5.9539E-01 
 5.7640E-01 
 5.5541E-01 
 5.3272E-01 
 5.0859E-01 
 4.8325E-01 
 4.5685E-01 
 4.2954E-01 
 4.0154E-01 
 3.7322E-01 
 3.4495E-01 
 3.1708E-01 
 2.8996E-01 
 2.6399E-01 
 2.3953E-01 
 2.1680E-01 
 1.9588E-01 
 1.7683E-01 
 1.5965E-01 
 1.4414E-01 
 1.3001E-01 
 1.1693E-01 
 1.0465E-01 
 9.2988E-02 
 8.1839E-02 
 7.1158E-02 
 6.1006E-02 
 5.1584E-02 
 4.3021E-02 
 3.5094E-02 
 2.7486E-02 
  6.8091E-01 
 6.8046E-01 
 6.7911E-01 
 6.7686E-01 
 6.7374E-01 
 6.6976E-01 
 6.6532E-01 
 6.6112E-01 
 6.5771E-01 
 6.5552E-01 
 6.5494E-01 
 6.5569E-01 
 6.5673E-01 
 6.5701E-01 
 6.5570E-01 
 6.5232E-01 
 6.4647E-01 
 6.3782E-01 
 6.2631E-01 
 6.1210E-01 
 5.9539E-01 
 5.7640E-01 
 5.5541E-01 
 5.3272E-01 
 5.0859E-01 
 4.8325E-01 
 4.5685E-01 
 4.2954E-01 
 4.0154E-01 
 3.7322E-01 
 3.4495E-01 
 3.1708E-01 
 2.8996E-01 
 2.6399E-01 
 2.3953E-01 
 2.1680E-01 
 1.9588E-01 
 1.7683E-01 
 1.5965E-01 
 1.4414E-01 
 1.3001E-01 
 1.1693E-01 
 1.0465E-01 
 9.2988E-02 
 8.1839E-02 
 7.1158E-02 
 6.1006E-02 
 5.1584E-02 
 4.3021E-02 
 3.5094E-02 
 2.7486E-02 
  6.8091E-01 
 6.8046E-01 
 6.7911E-01 
 6.7686E-01 
 6.7374E-01 
 6.6976E-01 
 6.6532E-01 
 6.6112E-01 
 6.5771E-01 
 6.5552E-01 
 6.5494E-01 
 6.5569E-01 
 6.5673E-01 
 6.5701E-01 
 6.5570E-01 
 6.5232E-01 
 6.4647E-01 
 6.3782E-01 
 6.2631E-01 
 6.1210E-01 
 5.9539E-01 
 5.7640E-01 
 5.5541E-01 
 5.3272E-01 
 5.0859E-01 
 4.8325E-01 
 4.5685E-01 
 4.2954E-01 
 4.0154E-01 
 3.7322E-01 
 3.4495E-01 
 3.1708E-01 
 2.8996E-01 
 2.6399E-01 
 2.3953E-01 
 2.1680E-01 
 1.9588E-01 
 1.7683E-01 
 1.5965E-01 
 1.4414E-01 
 1.3001E-01 
 1.1693E-01 
 1.0465E-01 
 9.2988E-02 
 8.1839E-02 
 7.1158E-02 
 6.1006E-02 
 5.1584E-02 
 4.3021E-02 
 3.5094E-02 
 2.7486E-02 


!chie from confinement nodes
POINTS 51 GRIDTYPE 14 NAMEXP CAR5 NTIMES 3 
 3.0030E-01 
  3.2530E-01 
  3.5030E-01 
  0.0000E+00 
  2.0000E-02 
  4.0000E-02 
  6.0000E-02 
  8.0000E-02 
  1.0000E-01 
  1.2000E-01 
  1.4000E-01 
  1.6000E-01 
  1.8000E-01 
  2.0000E-01 
  2.2000E-01 
  2.4000E-01 
  2.6000E-01 
  2.8000E-01 
  3.0000E-01 
  3.2000E-01 
  3.4000E-01 
  3.6000E-01 
  3.8000E-01 
  4.0000E-01 
  4.2000E-01 
  4.4000E-01 
  4.6000E-01 
  4.8000E-01 
  5.0000E-01 
  5.2000E-01 
  5.4000E-01 
  5.6000E-01 
  5.8000E-01 
  6.0000E-01 
  6.2000E-01 
  6.4000E-01 
  6.6000E-01 
  6.8000E-01 
  7.0000E-01 
  7.2000E-01 
  7.4000E-01 
  7.6000E-01 
  7.8000E-01 
  8.0000E-01 
  8.2000E-01 
  8.4000E-01 
  8.6000E-01 
  8.8000E-01 
  9.0000E-01 
  9.2000E-01 
  9.4000E-01 
  9.6000E-01 
  9.8000E-01 
  1.0000E+00 
  3.1310E-01 
 1.2273E+00 
 1.3693E+00 
 1.3256E+00 
 1.3208E+00 
 1.3698E+00 
 1.5957E+00 
 2.1706E+00 
 4.2778E+00 
 1.2893E+01 
 2.9855E+01 
 3.3687E+01 
 1.7475E+01 
 7.0507E+00 
 3.7811E+00 
 2.7755E+00 
 2.2110E+00 
 1.7527E+00 
 1.3735E+00 
 1.0855E+00 
 8.9121E-01 
 7.8424E-01 
 7.4142E-01 
 7.3727E-01 
 7.5882E-01 
 8.0251E-01 
 8.6760E-01 
 9.4993E-01 
 1.0433E+00 
 1.1437E+00 
 1.2506E+00 
 1.3638E+00 
 1.4813E+00 
 1.6000E+00 
 1.7159E+00 
 1.8248E+00 
 1.9235E+00 
 2.0092E+00 
 2.0817E+00 
 2.1433E+00 
 2.1959E+00 
 2.2409E+00 
 2.2792E+00 
 2.3108E+00 
 2.3298E+00 
 2.3293E+00 
 2.3215E+00 
 2.3338E+00 
 2.3842E+00 
 2.4635E+00 
 2.5571E+00 
 3.7778E-01 
 1.4815E+00 
 1.6597E+00 
 1.6166E+00 
 1.6231E+00 
 1.6828E+00 
 1.9576E+00 
 2.6802E+00 
 3.9981E+00 
 5.8907E+00 
 7.8605E+00 
 8.6456E+00 
 7.6964E+00 
 5.7562E+00 
 3.8985E+00 
 2.6631E+00 
 1.9327E+00 
 1.4964E+00 
 1.2296E+00 
 1.0563E+00 
 9.3891E-01 
 8.6533E-01 
 8.2766E-01 
 8.1711E-01 
 8.2919E-01 
 8.6336E-01 
 9.2012E-01 
 9.9792E-01 
 1.0935E+00 
 1.2042E+00 
 1.3281E+00 
 1.4593E+00 
 1.5875E+00 
 1.7005E+00 
 1.7900E+00 
 1.8549E+00 
 1.8992E+00 
 1.9284E+00 
 1.9482E+00 
 1.9628E+00 
 1.9742E+00 
 1.9830E+00 
 1.9899E+00 
 1.9954E+00 
 1.9933E+00 
 1.9757E+00 
 1.9514E+00 
 1.9423E+00 
 1.9636E+00 
 2.0079E+00 
 2.0638E+00 
 5.4857E-01 
 2.1464E+00 
 2.3898E+00 
 2.3003E+00 
 2.2707E+00 
 2.3242E+00 
 2.7035E+00 
 3.6486E+00 
 6.9140E+00 
 2.2455E+01 
 5.2448E+01 
 5.1985E+01 
 2.0180E+01 
 6.9205E+00 
 3.9432E+00 
 2.8053E+00 
 2.0468E+00 
 1.5841E+00 
 1.3149E+00 
 1.1445E+00 
 1.0286E+00 
 9.5359E-01 
 9.1229E-01 
 8.9817E-01 
 9.0563E-01 
 9.3021E-01 
 9.6946E-01 
 1.0216E+00 
 1.0853E+00 
 1.1599E+00 
 1.2445E+00 
 1.3366E+00 
 1.4325E+00 
 1.5282E+00 
 1.6205E+00 
 1.7073E+00 
 1.7880E+00 
 1.8628E+00 
 1.9319E+00 
 1.9951E+00 
 2.0516E+00 
 2.1004E+00 
 2.1420E+00 
 2.1766E+00 
 2.1988E+00 
 2.2013E+00 
 2.1951E+00 
 2.2052E+00 
 2.2486E+00 
 2.3175E+00 
 2.3991E+00 


!ECH profile set to zero (no ECH)
POINTS 51 GRIDTYPE 14 NAMEXP CAR4 NTIMES 1 
 3.0000E-01 
  0.0000E+00 
  2.0000E-02 
  4.0000E-02 
  6.0000E-02 
  8.0000E-02 
  1.0000E-01 
  1.2000E-01 
  1.4000E-01 
  1.6000E-01 
  1.8000E-01 
  2.0000E-01 
  2.2000E-01 
  2.4000E-01 
  2.6000E-01 
  2.8000E-01 
  3.0000E-01 
  3.2000E-01 
  3.4000E-01 
  3.6000E-01 
  3.8000E-01 
  4.0000E-01 
  4.2000E-01 
  4.4000E-01 
  4.6000E-01 
  4.8000E-01 
  5.0000E-01 
  5.2000E-01 
  5.4000E-01 
  5.6000E-01 
  5.8000E-01 
  6.0000E-01 
  6.2000E-01 
  6.4000E-01 
  6.6000E-01 
  6.8000E-01 
  7.0000E-01 
  7.2000E-01 
  7.4000E-01 
  7.6000E-01 
  7.8000E-01 
  8.0000E-01 
  8.2000E-01 
  8.4000E-01 
  8.6000E-01 
  8.8000E-01 
  9.0000E-01 
  9.2000E-01 
  9.4000E-01 
  9.6000E-01 
  9.8000E-01 
  1.0000E+00 
  0.0000E+00 
 0.0000E+00 
 0.0000E+00 
 0.0000E+00 
 0.0000E+00 
 0.0000E+00 
 0.0000E+00 
 0.0000E+00 
 0.0000E+00 
 0.0000E+00 
 0.0000E+00 
 0.0000E+00 
 0.0000E+00 
 0.0000E+00 
 0.0000E+00 
 0.0000E+00 
 0.0000E+00 
 0.0000E+00 
 0.0000E+00 
 0.0000E+00 
 0.0000E+00 
 0.0000E+00 
 0.0000E+00 
 0.0000E+00 
 0.0000E+00 
 0.0000E+00 
 0.0000E+00 
 0.0000E+00 
 0.0000E+00 
 0.0000E+00 
 0.0000E+00 
 0.0000E+00 
 0.0000E+00 
 0.0000E+00 
 0.0000E+00 
 0.0000E+00 
 0.0000E+00 
 0.0000E+00 
 0.0000E+00 
 0.0000E+00 
 0.0000E+00 
 0.0000E+00 
 0.0000E+00 
 0.0000E+00 
 0.0000E+00 
 0.0000E+00 
 0.0000E+00 
 0.0000E+00 
 0.0000E+00 
 0.0000E+00 
 0.0000E+00 


!ECCD profile set to zero (no ECCD)
POINTS 51 GRIDTYPE 14 NAMEXP CAR6 NTIMES 1 
 3.0000E-01 
  0.0000E+00 
  2.0000E-02 
  4.0000E-02 
  6.0000E-02 
  8.0000E-02 
  1.0000E-01 
  1.2000E-01 
  1.4000E-01 
  1.6000E-01 
  1.8000E-01 
  2.0000E-01 
  2.2000E-01 
  2.4000E-01 
  2.6000E-01 
  2.8000E-01 
  3.0000E-01 
  3.2000E-01 
  3.4000E-01 
  3.6000E-01 
  3.8000E-01 
  4.0000E-01 
  4.2000E-01 
  4.4000E-01 
  4.6000E-01 
  4.8000E-01 
  5.0000E-01 
  5.2000E-01 
  5.4000E-01 
  5.6000E-01 
  5.8000E-01 
  6.0000E-01 
  6.2000E-01 
  6.4000E-01 
  6.6000E-01 
  6.8000E-01 
  7.0000E-01 
  7.2000E-01 
  7.4000E-01 
  7.6000E-01 
  7.8000E-01 
  8.0000E-01 
  8.2000E-01 
  8.4000E-01 
  8.6000E-01 
  8.8000E-01 
  9.0000E-01 
  9.2000E-01 
  9.4000E-01 
  9.6000E-01 
  9.8000E-01 
  1.0000E+00 
  -0.0000E+00 
 -0.0000E+00 
 -0.0000E+00 
 -0.0000E+00 
 -0.0000E+00 
 -0.0000E+00 
 -0.0000E+00 
 -0.0000E+00 
 -0.0000E+00 
 -0.0000E+00 
 -0.0000E+00 
 -0.0000E+00 
 -0.0000E+00 
 -0.0000E+00 
 -0.0000E+00 
 -0.0000E+00 
 -0.0000E+00 
 -0.0000E+00 
 -0.0000E+00 
 -0.0000E+00 
 -0.0000E+00 
 -0.0000E+00 
 -0.0000E+00 
 -0.0000E+00 
 -0.0000E+00 
 -0.0000E+00 
 -0.0000E+00 
 -0.0000E+00 
 -0.0000E+00 
 -0.0000E+00 
 -0.0000E+00 
 -0.0000E+00 
 -0.0000E+00 
 -0.0000E+00 
 -0.0000E+00 
 -0.0000E+00 
 -0.0000E+00 
 -0.0000E+00 
 -0.0000E+00 
 -0.0000E+00 
 -0.0000E+00 
 -0.0000E+00 
 -0.0000E+00 
 -0.0000E+00 
 -0.0000E+00 
 -0.0000E+00 
 -0.0000E+00 
 -0.0000E+00 
 -0.0000E+00 
 -0.0000E+00 
 -0.0000E+00 
END
