 -TCV- #36461 t0=0.5
 Param|Time  |  Value  |   Error
|-----|------|---------|--------
T_OFFSET          0.3000
TEND            0.8600
NB1             91.0000
AWALL           0.2800
AB              0.2600
RTOR            0.8800
ELONM           1.6000
TRICH           0.3000
ABC             0.2296
SHIFT           0.0100
ELONG           1.4928
TRIAN           0.3742
UPDWN           0.0000
ZMJ             1.0000
AMJ             2.0000
BTOR            1.4437
ZRD10           0.9800
ZRD30           36461.0000
ZRD6            0.1110
ZRD7            2.0000
ZRD8            0.0010
ZRD1            3.5000
ZRD3            0.3563
 

!Density boundary condition loading in time
NAMEXP ZRD2 NTIMES 1 
-2.0000E-01 
1.9650E-01 
 

!Ip from LIUQE [MA]
NAMEXP IPL NTIMES 2 
3.0000E-01 
3.5000E-01 
2.5657E-01 
2.5680E-01 


!Minor radius [m]
POINTS 51 GRIDTYPE 14 NAMEXP CAR9 NTIMES 1 
 0.0000E+00 
  0.0000E+00 
  2.0000E-02 
  4.0000E-02 
  6.0000E-02 
  8.0000E-02 
  1.0000E-01 
  1.2000E-01 
  1.4000E-01 
  1.6000E-01 
  1.8000E-01 
  2.0000E-01 
  2.2000E-01 
  2.4000E-01 
  2.6000E-01 
  2.8000E-01 
  3.0000E-01 
  3.2000E-01 
  3.4000E-01 
  3.6000E-01 
  3.8000E-01 
  4.0000E-01 
  4.2000E-01 
  4.4000E-01 
  4.6000E-01 
  4.8000E-01 
  5.0000E-01 
  5.2000E-01 
  5.4000E-01 
  5.6000E-01 
  5.8000E-01 
  6.0000E-01 
  6.2000E-01 
  6.4000E-01 
  6.6000E-01 
  6.8000E-01 
  7.0000E-01 
  7.2000E-01 
  7.4000E-01 
  7.6000E-01 
  7.8000E-01 
  8.0000E-01 
  8.2000E-01 
  8.4000E-01 
  8.6000E-01 
  8.8000E-01 
  9.0000E-01 
  9.2000E-01 
  9.4000E-01 
  9.6000E-01 
  9.8000E-01 
  1.0000E+00 
  0.0000E+00 
 5.2000E-03 
 1.0400E-02 
 1.5600E-02 
 2.0800E-02 
 2.6000E-02 
 3.1200E-02 
 3.6400E-02 
 4.1600E-02 
 4.6800E-02 
 5.2000E-02 
 5.7200E-02 
 6.2400E-02 
 6.7600E-02 
 7.2800E-02 
 7.8000E-02 
 8.3200E-02 
 8.8400E-02 
 9.3600E-02 
 9.8800E-02 
 1.0400E-01 
 1.0920E-01 
 1.1440E-01 
 1.1960E-01 
 1.2480E-01 
 1.3000E-01 
 1.3520E-01 
 1.4040E-01 
 1.4560E-01 
 1.5080E-01 
 1.5600E-01 
 1.6120E-01 
 1.6640E-01 
 1.7160E-01 
 1.7680E-01 
 1.8200E-01 
 1.8720E-01 
 1.9240E-01 
 1.9760E-01 
 2.0280E-01 
 2.0800E-01 
 2.1320E-01 
 2.1840E-01 
 2.2360E-01 
 2.2880E-01 
 2.3400E-01 
 2.3920E-01 
 2.4440E-01 
 2.4960E-01 
 2.5480E-01 
 2.6000E-01 


!initial mu from parabolic 1/q
POINTS 51 GRIDTYPE 14 NAMEXP MU NTIMES 1 
 0.0000E+00 
  0.0000E+00 
  2.0000E-02 
  4.0000E-02 
  6.0000E-02 
  8.0000E-02 
  1.0000E-01 
  1.2000E-01 
  1.4000E-01 
  1.6000E-01 
  1.8000E-01 
  2.0000E-01 
  2.2000E-01 
  2.4000E-01 
  2.6000E-01 
  2.8000E-01 
  3.0000E-01 
  3.2000E-01 
  3.4000E-01 
  3.6000E-01 
  3.8000E-01 
  4.0000E-01 
  4.2000E-01 
  4.4000E-01 
  4.6000E-01 
  4.8000E-01 
  5.0000E-01 
  5.2000E-01 
  5.4000E-01 
  5.6000E-01 
  5.8000E-01 
  6.0000E-01 
  6.2000E-01 
  6.4000E-01 
  6.6000E-01 
  6.8000E-01 
  7.0000E-01 
  7.2000E-01 
  7.4000E-01 
  7.6000E-01 
  7.8000E-01 
  8.0000E-01 
  8.2000E-01 
  8.4000E-01 
  8.6000E-01 
  8.8000E-01 
  9.0000E-01 
  9.2000E-01 
  9.4000E-01 
  9.6000E-01 
  9.8000E-01 
  1.0000E+00 
  5.0000E-01 
 4.9960E-01 
 4.9841E-01 
 4.9643E-01 
 4.9368E-01 
 4.9020E-01 
 4.8600E-01 
 4.8114E-01 
 4.7565E-01 
 4.6957E-01 
 4.6296E-01 
 4.5587E-01 
 4.4835E-01 
 4.4045E-01 
 4.3223E-01 
 4.2373E-01 
 4.1501E-01 
 4.0611E-01 
 3.9708E-01 
 3.8796E-01 
 3.7879E-01 
 3.6960E-01 
 3.6044E-01 
 3.5132E-01 
 3.4228E-01 
 3.3333E-01 
 3.2451E-01 
 3.1582E-01 
 3.0728E-01 
 2.9890E-01 
 2.9070E-01 
 2.8268E-01 
 2.7485E-01 
 2.6721E-01 
 2.5977E-01 
 2.5253E-01 
 2.4548E-01 
 2.3864E-01 
 2.3200E-01 
 2.2555E-01 
 2.1930E-01 
 2.1324E-01 
 2.0737E-01 
 2.0168E-01 
 1.9617E-01 
 1.9084E-01 
 1.8568E-01 
 1.8069E-01 
 1.7586E-01 
 1.7119E-01 
 1.6667E-01 


!ne from confinement nodes [1e19m^-3]
POINTS 51 GRIDTYPE 14 NAMEXP NE NTIMES 2 
 3.0030E-01 
  3.5030E-01 
  0.0000E+00 
  2.0000E-02 
  4.0000E-02 
  6.0000E-02 
  8.0000E-02 
  1.0000E-01 
  1.2000E-01 
  1.4000E-01 
  1.6000E-01 
  1.8000E-01 
  2.0000E-01 
  2.2000E-01 
  2.4000E-01 
  2.6000E-01 
  2.8000E-01 
  3.0000E-01 
  3.2000E-01 
  3.4000E-01 
  3.6000E-01 
  3.8000E-01 
  4.0000E-01 
  4.2000E-01 
  4.4000E-01 
  4.6000E-01 
  4.8000E-01 
  5.0000E-01 
  5.2000E-01 
  5.4000E-01 
  5.6000E-01 
  5.8000E-01 
  6.0000E-01 
  6.2000E-01 
  6.4000E-01 
  6.6000E-01 
  6.8000E-01 
  7.0000E-01 
  7.2000E-01 
  7.4000E-01 
  7.6000E-01 
  7.8000E-01 
  8.0000E-01 
  8.2000E-01 
  8.4000E-01 
  8.6000E-01 
  8.8000E-01 
  9.0000E-01 
  9.2000E-01 
  9.4000E-01 
  9.6000E-01 
  9.8000E-01 
  1.0000E+00 
  6.4490E+00 
 6.4305E+00 
 6.3749E+00 
 6.2825E+00 
 6.1537E+00 
 5.9903E+00 
 5.8186E+00 
 5.6866E+00 
 5.6176E+00 
 5.6124E+00 
 5.6703E+00 
 5.7824E+00 
 5.9312E+00 
 6.0995E+00 
 6.2693E+00 
 6.4193E+00 
 6.5290E+00 
 6.5815E+00 
 6.5789E+00 
 6.5444E+00 
 6.4991E+00 
 6.4527E+00 
 6.3850E+00 
 6.2729E+00 
 6.0957E+00 
 5.8525E+00 
 5.5590E+00 
 5.2320E+00 
 4.8859E+00 
 4.5329E+00 
 4.1829E+00 
 3.8465E+00 
 3.5414E+00 
 3.2961E+00 
 3.1363E+00 
 3.0679E+00 
 3.0606E+00 
 3.0812E+00 
 3.1023E+00 
 3.1121E+00 
 3.1053E+00 
 3.0823E+00 
 3.0436E+00 
 2.9893E+00 
 2.9216E+00 
 2.8447E+00 
 2.7630E+00 
 2.6814E+00 
 2.6040E+00 
 2.5301E+00 
 2.4580E+00 
 7.0057E+00 
 6.9781E+00 
 6.8953E+00 
 6.7577E+00 
 6.5657E+00 
 6.3225E+00 
 6.0561E+00 
 5.8140E+00 
 5.6240E+00 
 5.4904E+00 
 5.4141E+00 
 5.4073E+00 
 5.4878E+00 
 5.6693E+00 
 5.9172E+00 
 6.1648E+00 
 6.3595E+00 
 6.4610E+00 
 6.4823E+00 
 6.4629E+00 
 6.4372E+00 
 6.4122E+00 
 6.3623E+00 
 6.2615E+00 
 6.0904E+00 
 5.8515E+00 
 5.5608E+00 
 5.2326E+00 
 4.8807E+00 
 4.5200E+00 
 4.1620E+00 
 3.8217E+00 
 3.5244E+00 
 3.3039E+00 
 3.1827E+00 
 3.1584E+00 
 3.1917E+00 
 3.2456E+00 
 3.2928E+00 
 3.3219E+00 
 3.3275E+00 
 3.3071E+00 
 3.2599E+00 
 3.1866E+00 
 3.0912E+00 
 2.9805E+00 
 2.8618E+00 
 2.7428E+00 
 2.6294E+00 
 2.5209E+00 
 2.4148E+00 


!te from confinement nodes [keV]
POINTS 51 GRIDTYPE 14 NAMEXP TE NTIMES 2 
 3.0030E-01 
  3.5030E-01 
  0.0000E+00 
  2.0000E-02 
  4.0000E-02 
  6.0000E-02 
  8.0000E-02 
  1.0000E-01 
  1.2000E-01 
  1.4000E-01 
  1.6000E-01 
  1.8000E-01 
  2.0000E-01 
  2.2000E-01 
  2.4000E-01 
  2.6000E-01 
  2.8000E-01 
  3.0000E-01 
  3.2000E-01 
  3.4000E-01 
  3.6000E-01 
  3.8000E-01 
  4.0000E-01 
  4.2000E-01 
  4.4000E-01 
  4.6000E-01 
  4.8000E-01 
  5.0000E-01 
  5.2000E-01 
  5.4000E-01 
  5.6000E-01 
  5.8000E-01 
  6.0000E-01 
  6.2000E-01 
  6.4000E-01 
  6.6000E-01 
  6.8000E-01 
  7.0000E-01 
  7.2000E-01 
  7.4000E-01 
  7.6000E-01 
  7.8000E-01 
  8.0000E-01 
  8.2000E-01 
  8.4000E-01 
  8.6000E-01 
  8.8000E-01 
  9.0000E-01 
  9.2000E-01 
  9.4000E-01 
  9.6000E-01 
  9.8000E-01 
  1.0000E+00 
  6.2368E-01 
 6.2326E-01 
 6.2203E-01 
 6.1997E-01 
 6.1711E-01 
 6.1347E-01 
 6.0941E-01 
 6.0555E-01 
 6.0243E-01 
 6.0042E-01 
 5.9990E-01 
 6.0058E-01 
 6.0153E-01 
 6.0179E-01 
 6.0059E-01 
 5.9749E-01 
 5.9214E-01 
 5.8422E-01 
 5.7367E-01 
 5.6065E-01 
 5.4535E-01 
 5.2796E-01 
 5.0873E-01 
 4.8795E-01 
 4.6585E-01 
 4.4263E-01 
 4.1845E-01 
 3.9344E-01 
 3.6779E-01 
 3.4185E-01 
 3.1596E-01 
 2.9043E-01 
 2.6559E-01 
 2.4180E-01 
 2.1939E-01 
 1.9857E-01 
 1.7941E-01 
 1.6197E-01 
 1.4624E-01 
 1.3203E-01 
 1.1908E-01 
 1.0710E-01 
 9.5853E-02 
 8.5172E-02 
 7.4961E-02 
 6.5177E-02 
 5.5878E-02 
 4.7248E-02 
 3.9405E-02 
 3.2145E-02 
 2.5176E-02 
 6.9456E-01 
 6.9439E-01 
 6.9389E-01 
 6.9305E-01 
 6.9188E-01 
 6.9039E-01 
 6.8859E-01 
 6.8653E-01 
 6.8423E-01 
 6.8167E-01 
 6.7877E-01 
 6.7492E-01 
 6.6916E-01 
 6.6061E-01 
 6.4858E-01 
 6.3331E-01 
 6.1538E-01 
 5.9536E-01 
 5.7384E-01 
 5.5142E-01 
 5.2862E-01 
 5.0584E-01 
 4.8329E-01 
 4.6116E-01 
 4.3959E-01 
 4.1859E-01 
 3.9807E-01 
 3.7797E-01 
 3.5811E-01 
 3.3817E-01 
 3.1786E-01 
 2.9698E-01 
 2.7555E-01 
 2.5375E-01 
 2.3176E-01 
 2.0990E-01 
 1.8874E-01 
 1.6878E-01 
 1.5037E-01 
 1.3339E-01 
 1.1763E-01 
 1.0282E-01 
 8.8774E-02 
 7.5381E-02 
 6.2564E-02 
 5.0282E-02 
 3.8611E-02 
 2.7782E-02 
 1.7944E-02 
 8.8386E-03 
 1.0000E-04 


!ti from confinement nodes [keV]
POINTS 51 GRIDTYPE 14 NAMEXP TI NTIMES 2 
 3.0030E-01 
  3.5030E-01 
  0.0000E+00 
  2.0000E-02 
  4.0000E-02 
  6.0000E-02 
  8.0000E-02 
  1.0000E-01 
  1.2000E-01 
  1.4000E-01 
  1.6000E-01 
  1.8000E-01 
  2.0000E-01 
  2.2000E-01 
  2.4000E-01 
  2.6000E-01 
  2.8000E-01 
  3.0000E-01 
  3.2000E-01 
  3.4000E-01 
  3.6000E-01 
  3.8000E-01 
  4.0000E-01 
  4.2000E-01 
  4.4000E-01 
  4.6000E-01 
  4.8000E-01 
  5.0000E-01 
  5.2000E-01 
  5.4000E-01 
  5.6000E-01 
  5.8000E-01 
  6.0000E-01 
  6.2000E-01 
  6.4000E-01 
  6.6000E-01 
  6.8000E-01 
  7.0000E-01 
  7.2000E-01 
  7.4000E-01 
  7.6000E-01 
  7.8000E-01 
  8.0000E-01 
  8.2000E-01 
  8.4000E-01 
  8.6000E-01 
  8.8000E-01 
  9.0000E-01 
  9.2000E-01 
  9.4000E-01 
  9.6000E-01 
  9.8000E-01 
  1.0000E+00 
  6.8091E-01 
 6.8046E-01 
 6.7911E-01 
 6.7686E-01 
 6.7374E-01 
 6.6976E-01 
 6.6532E-01 
 6.6112E-01 
 6.5771E-01 
 6.5552E-01 
 6.5494E-01 
 6.5569E-01 
 6.5673E-01 
 6.5701E-01 
 6.5570E-01 
 6.5232E-01 
 6.4647E-01 
 6.3782E-01 
 6.2631E-01 
 6.1210E-01 
 5.9539E-01 
 5.7640E-01 
 5.5541E-01 
 5.3272E-01 
 5.0859E-01 
 4.8325E-01 
 4.5685E-01 
 4.2954E-01 
 4.0154E-01 
 3.7322E-01 
 3.4495E-01 
 3.1708E-01 
 2.8996E-01 
 2.6399E-01 
 2.3953E-01 
 2.1680E-01 
 1.9588E-01 
 1.7683E-01 
 1.5965E-01 
 1.4414E-01 
 1.3001E-01 
 1.1693E-01 
 1.0465E-01 
 9.2988E-02 
 8.1839E-02 
 7.1158E-02 
 6.1006E-02 
 5.1584E-02 
 4.3021E-02 
 3.5094E-02 
 2.7486E-02 
 7.6871E-01 
 7.6853E-01 
 7.6797E-01 
 7.6705E-01 
 7.6575E-01 
 7.6410E-01 
 7.6211E-01 
 7.5983E-01 
 7.5729E-01 
 7.5445E-01 
 7.5125E-01 
 7.4698E-01 
 7.4060E-01 
 7.3114E-01 
 7.1783E-01 
 7.0092E-01 
 6.8108E-01 
 6.5893E-01 
 6.3511E-01 
 6.1029E-01 
 5.8506E-01 
 5.5985E-01 
 5.3489E-01 
 5.1039E-01 
 4.8652E-01 
 4.6328E-01 
 4.4057E-01 
 4.1833E-01 
 3.9634E-01 
 3.7428E-01 
 3.5179E-01 
 3.2869E-01 
 3.0497E-01 
 2.8084E-01 
 2.5650E-01 
 2.3231E-01 
 2.0889E-01 
 1.8680E-01 
 1.6642E-01 
 1.4763E-01 
 1.3019E-01 
 1.1380E-01 
 9.8252E-02 
 8.3429E-02 
 6.9243E-02 
 5.5650E-02 
 4.2733E-02 
 3.0748E-02 
 1.9857E-02 
 9.7762E-03 
 1.0000E-04 


!chie from confinement nodes
POINTS 51 GRIDTYPE 14 NAMEXP CAR5 NTIMES 2 
 3.0030E-01 
  3.5030E-01 
  0.0000E+00 
  2.0000E-02 
  4.0000E-02 
  6.0000E-02 
  8.0000E-02 
  1.0000E-01 
  1.2000E-01 
  1.4000E-01 
  1.6000E-01 
  1.8000E-01 
  2.0000E-01 
  2.2000E-01 
  2.4000E-01 
  2.6000E-01 
  2.8000E-01 
  3.0000E-01 
  3.2000E-01 
  3.4000E-01 
  3.6000E-01 
  3.8000E-01 
  4.0000E-01 
  4.2000E-01 
  4.4000E-01 
  4.6000E-01 
  4.8000E-01 
  5.0000E-01 
  5.2000E-01 
  5.4000E-01 
  5.6000E-01 
  5.8000E-01 
  6.0000E-01 
  6.2000E-01 
  6.4000E-01 
  6.6000E-01 
  6.8000E-01 
  7.0000E-01 
  7.2000E-01 
  7.4000E-01 
  7.6000E-01 
  7.8000E-01 
  8.0000E-01 
  8.2000E-01 
  8.4000E-01 
  8.6000E-01 
  8.8000E-01 
  9.0000E-01 
  9.2000E-01 
  9.4000E-01 
  9.6000E-01 
  9.8000E-01 
  1.0000E+00 
  3.8598E-01 
 1.4916E+00 
 1.7030E+00 
 1.6607E+00 
 1.6769E+00 
 1.7930E+00 
 2.1375E+00 
 2.6149E+00 
 3.7014E+00 
 1.1890E+01 
 3.8149E+01 
 6.9177E+01 
 8.3670E+01 
 6.1726E+01 
 1.4573E+01 
 1.9935E+00 
 2.0974E+00 
 2.1031E+00 
 1.7056E+00 
 1.4412E+00 
 1.2966E+00 
 1.2047E+00 
 1.1452E+00 
 1.1136E+00 
 1.1068E+00 
 1.1208E+00 
 1.1522E+00 
 1.2012E+00 
 1.2723E+00 
 1.3709E+00 
 1.5014E+00 
 1.6680E+00 
 1.8717E+00 
 2.1013E+00 
 2.3370E+00 
 2.5641E+00 
 2.7905E+00 
 3.0294E+00 
 3.2891E+00 
 3.5550E+00 
 3.8088E+00 
 4.0350E+00 
 4.2328E+00 
 4.4162E+00 
 4.5954E+00 
 4.7775E+00 
 4.9874E+00 
 5.2746E+00 
 5.6755E+00 
 6.1634E+00 
 6.6949E+00 
 8.8308E-01 
 3.4127E+00 
 3.8993E+00 
 3.8188E+00 
 3.8925E+00 
 4.0534E+00 
 4.2873E+00 
 4.5535E+00 
 4.7817E+00 
 4.8938E+00 
 4.4697E+00 
 3.4387E+00 
 2.4131E+00 
 1.6980E+00 
 1.2843E+00 
 1.0694E+00 
 9.5751E-01 
 9.0371E-01 
 8.8918E-01 
 9.0152E-01 
 9.3074E-01 
 9.7049E-01 
 1.0217E+00 
 1.0892E+00 
 1.1753E+00 
 1.2788E+00 
 1.3980E+00 
 1.5280E+00 
 1.6582E+00 
 1.7796E+00 
 1.8943E+00 
 2.0078E+00 
 2.1181E+00 
 2.2087E+00 
 2.2732E+00 
 2.3237E+00 
 2.3924E+00 
 2.4952E+00 
 2.6300E+00 
 2.7788E+00 
 2.9261E+00 
 3.0663E+00 
 3.1978E+00 
 3.3229E+00 
 3.4608E+00 
 3.6460E+00 
 3.9323E+00 
 4.3985E+00 
 5.0991E+00 
 5.9761E+00 
 6.9413E+00 


!ECH profile set to zero (no ECH)
POINTS 51 GRIDTYPE 14 NAMEXP CAR4 NTIMES 1 
 3.0000E-01 
  0.0000E+00 
  2.0000E-02 
  4.0000E-02 
  6.0000E-02 
  8.0000E-02 
  1.0000E-01 
  1.2000E-01 
  1.4000E-01 
  1.6000E-01 
  1.8000E-01 
  2.0000E-01 
  2.2000E-01 
  2.4000E-01 
  2.6000E-01 
  2.8000E-01 
  3.0000E-01 
  3.2000E-01 
  3.4000E-01 
  3.6000E-01 
  3.8000E-01 
  4.0000E-01 
  4.2000E-01 
  4.4000E-01 
  4.6000E-01 
  4.8000E-01 
  5.0000E-01 
  5.2000E-01 
  5.4000E-01 
  5.6000E-01 
  5.8000E-01 
  6.0000E-01 
  6.2000E-01 
  6.4000E-01 
  6.6000E-01 
  6.8000E-01 
  7.0000E-01 
  7.2000E-01 
  7.4000E-01 
  7.6000E-01 
  7.8000E-01 
  8.0000E-01 
  8.2000E-01 
  8.4000E-01 
  8.6000E-01 
  8.8000E-01 
  9.0000E-01 
  9.2000E-01 
  9.4000E-01 
  9.6000E-01 
  9.8000E-01 
  1.0000E+00 
  0.0000E+00 
 0.0000E+00 
 0.0000E+00 
 0.0000E+00 
 0.0000E+00 
 0.0000E+00 
 0.0000E+00 
 0.0000E+00 
 0.0000E+00 
 0.0000E+00 
 0.0000E+00 
 0.0000E+00 
 0.0000E+00 
 0.0000E+00 
 0.0000E+00 
 0.0000E+00 
 0.0000E+00 
 0.0000E+00 
 0.0000E+00 
 0.0000E+00 
 0.0000E+00 
 0.0000E+00 
 0.0000E+00 
 0.0000E+00 
 0.0000E+00 
 0.0000E+00 
 0.0000E+00 
 0.0000E+00 
 0.0000E+00 
 0.0000E+00 
 0.0000E+00 
 0.0000E+00 
 0.0000E+00 
 0.0000E+00 
 0.0000E+00 
 0.0000E+00 
 0.0000E+00 
 0.0000E+00 
 0.0000E+00 
 0.0000E+00 
 0.0000E+00 
 0.0000E+00 
 0.0000E+00 
 0.0000E+00 
 0.0000E+00 
 0.0000E+00 
 0.0000E+00 
 0.0000E+00 
 0.0000E+00 
 0.0000E+00 
 0.0000E+00 


!ECCD profile set to zero (no ECCD)
POINTS 51 GRIDTYPE 14 NAMEXP CAR6 NTIMES 1 
 3.0000E-01 
  0.0000E+00 
  2.0000E-02 
  4.0000E-02 
  6.0000E-02 
  8.0000E-02 
  1.0000E-01 
  1.2000E-01 
  1.4000E-01 
  1.6000E-01 
  1.8000E-01 
  2.0000E-01 
  2.2000E-01 
  2.4000E-01 
  2.6000E-01 
  2.8000E-01 
  3.0000E-01 
  3.2000E-01 
  3.4000E-01 
  3.6000E-01 
  3.8000E-01 
  4.0000E-01 
  4.2000E-01 
  4.4000E-01 
  4.6000E-01 
  4.8000E-01 
  5.0000E-01 
  5.2000E-01 
  5.4000E-01 
  5.6000E-01 
  5.8000E-01 
  6.0000E-01 
  6.2000E-01 
  6.4000E-01 
  6.6000E-01 
  6.8000E-01 
  7.0000E-01 
  7.2000E-01 
  7.4000E-01 
  7.6000E-01 
  7.8000E-01 
  8.0000E-01 
  8.2000E-01 
  8.4000E-01 
  8.6000E-01 
  8.8000E-01 
  9.0000E-01 
  9.2000E-01 
  9.4000E-01 
  9.6000E-01 
  9.8000E-01 
  1.0000E+00 
  -0.0000E+00 
 -0.0000E+00 
 -0.0000E+00 
 -0.0000E+00 
 -0.0000E+00 
 -0.0000E+00 
 -0.0000E+00 
 -0.0000E+00 
 -0.0000E+00 
 -0.0000E+00 
 -0.0000E+00 
 -0.0000E+00 
 -0.0000E+00 
 -0.0000E+00 
 -0.0000E+00 
 -0.0000E+00 
 -0.0000E+00 
 -0.0000E+00 
 -0.0000E+00 
 -0.0000E+00 
 -0.0000E+00 
 -0.0000E+00 
 -0.0000E+00 
 -0.0000E+00 
 -0.0000E+00 
 -0.0000E+00 
 -0.0000E+00 
 -0.0000E+00 
 -0.0000E+00 
 -0.0000E+00 
 -0.0000E+00 
 -0.0000E+00 
 -0.0000E+00 
 -0.0000E+00 
 -0.0000E+00 
 -0.0000E+00 
 -0.0000E+00 
 -0.0000E+00 
 -0.0000E+00 
 -0.0000E+00 
 -0.0000E+00 
 -0.0000E+00 
 -0.0000E+00 
 -0.0000E+00 
 -0.0000E+00 
 -0.0000E+00 
 -0.0000E+00 
 -0.0000E+00 
 -0.0000E+00 
 -0.0000E+00 
 -0.0000E+00 
END