 -TCV- #36461 t0=1.475
 Param|Time  |  Value  |   Error
|-----|------|---------|--------
T_OFFSET          0.3000
TEND            1.8350
NB1             91.0000
AWALL           0.2800
AB              0.2600
RTOR            0.8800
ELONM           1.6000
TRICH           0.3000
ABC             0.2364
SHIFT           0.0100
ELONG           1.4350
TRIAN           0.3610
UPDWN           0.0000
ZMJ             1.0000
AMJ             2.0000
BTOR            1.4471
ZRD10           0.9800
ZRD30           36461.0000
ZRD6            0.1110
ZRD7            2.0000
ZRD8            0.0010
ZRD1            3.5000
ZRD3            0.3563
 

!Density boundary condition loading in time
NAMEXP ZRD2 NTIMES 1 
-1.1750E+00 
1.9650E-01 
 

!Ip from LIUQE [MA]
NAMEXP IPL NTIMES 3 
3.2500E-01 
2.6199E-01 
3.2500E-01 
2.6199E-01 
3.2500E-01 
2.6199E-01 


!Minor radius [m]
POINTS 51 GRIDTYPE 14 NAMEXP CAR9 NTIMES 1 
 0.0000E+00 
  0.0000E+00 
  2.0000E-02 
  4.0000E-02 
  6.0000E-02 
  8.0000E-02 
  1.0000E-01 
  1.2000E-01 
  1.4000E-01 
  1.6000E-01 
  1.8000E-01 
  2.0000E-01 
  2.2000E-01 
  2.4000E-01 
  2.6000E-01 
  2.8000E-01 
  3.0000E-01 
  3.2000E-01 
  3.4000E-01 
  3.6000E-01 
  3.8000E-01 
  4.0000E-01 
  4.2000E-01 
  4.4000E-01 
  4.6000E-01 
  4.8000E-01 
  5.0000E-01 
  5.2000E-01 
  5.4000E-01 
  5.6000E-01 
  5.8000E-01 
  6.0000E-01 
  6.2000E-01 
  6.4000E-01 
  6.6000E-01 
  6.8000E-01 
  7.0000E-01 
  7.2000E-01 
  7.4000E-01 
  7.6000E-01 
  7.8000E-01 
  8.0000E-01 
  8.2000E-01 
  8.4000E-01 
  8.6000E-01 
  8.8000E-01 
  9.0000E-01 
  9.2000E-01 
  9.4000E-01 
  9.6000E-01 
  9.8000E-01 
  1.0000E+00 
  0.0000E+00 
 5.2000E-03 
 1.0400E-02 
 1.5600E-02 
 2.0800E-02 
 2.6000E-02 
 3.1200E-02 
 3.6400E-02 
 4.1600E-02 
 4.6800E-02 
 5.2000E-02 
 5.7200E-02 
 6.2400E-02 
 6.7600E-02 
 7.2800E-02 
 7.8000E-02 
 8.3200E-02 
 8.8400E-02 
 9.3600E-02 
 9.8800E-02 
 1.0400E-01 
 1.0920E-01 
 1.1440E-01 
 1.1960E-01 
 1.2480E-01 
 1.3000E-01 
 1.3520E-01 
 1.4040E-01 
 1.4560E-01 
 1.5080E-01 
 1.5600E-01 
 1.6120E-01 
 1.6640E-01 
 1.7160E-01 
 1.7680E-01 
 1.8200E-01 
 1.8720E-01 
 1.9240E-01 
 1.9760E-01 
 2.0280E-01 
 2.0800E-01 
 2.1320E-01 
 2.1840E-01 
 2.2360E-01 
 2.2880E-01 
 2.3400E-01 
 2.3920E-01 
 2.4440E-01 
 2.4960E-01 
 2.5480E-01 
 2.6000E-01 


!initial mu from parabolic 1/q
POINTS 51 GRIDTYPE 14 NAMEXP MU NTIMES 1 
 0.0000E+00 
  0.0000E+00 
  2.0000E-02 
  4.0000E-02 
  6.0000E-02 
  8.0000E-02 
  1.0000E-01 
  1.2000E-01 
  1.4000E-01 
  1.6000E-01 
  1.8000E-01 
  2.0000E-01 
  2.2000E-01 
  2.4000E-01 
  2.6000E-01 
  2.8000E-01 
  3.0000E-01 
  3.2000E-01 
  3.4000E-01 
  3.6000E-01 
  3.8000E-01 
  4.0000E-01 
  4.2000E-01 
  4.4000E-01 
  4.6000E-01 
  4.8000E-01 
  5.0000E-01 
  5.2000E-01 
  5.4000E-01 
  5.6000E-01 
  5.8000E-01 
  6.0000E-01 
  6.2000E-01 
  6.4000E-01 
  6.6000E-01 
  6.8000E-01 
  7.0000E-01 
  7.2000E-01 
  7.4000E-01 
  7.6000E-01 
  7.8000E-01 
  8.0000E-01 
  8.2000E-01 
  8.4000E-01 
  8.6000E-01 
  8.8000E-01 
  9.0000E-01 
  9.2000E-01 
  9.4000E-01 
  9.6000E-01 
  9.8000E-01 
  1.0000E+00 
  5.0000E-01 
 4.9960E-01 
 4.9841E-01 
 4.9643E-01 
 4.9368E-01 
 4.9020E-01 
 4.8600E-01 
 4.8114E-01 
 4.7565E-01 
 4.6957E-01 
 4.6296E-01 
 4.5587E-01 
 4.4835E-01 
 4.4045E-01 
 4.3223E-01 
 4.2373E-01 
 4.1501E-01 
 4.0611E-01 
 3.9708E-01 
 3.8796E-01 
 3.7879E-01 
 3.6960E-01 
 3.6044E-01 
 3.5132E-01 
 3.4228E-01 
 3.3333E-01 
 3.2451E-01 
 3.1582E-01 
 3.0728E-01 
 2.9890E-01 
 2.9070E-01 
 2.8268E-01 
 2.7485E-01 
 2.6721E-01 
 2.5977E-01 
 2.5253E-01 
 2.4548E-01 
 2.3864E-01 
 2.3200E-01 
 2.2555E-01 
 2.1930E-01 
 2.1324E-01 
 2.0737E-01 
 2.0168E-01 
 1.9617E-01 
 1.9084E-01 
 1.8568E-01 
 1.8069E-01 
 1.7586E-01 
 1.7119E-01 
 1.6667E-01 


!ne from confinement nodes [1e19m^-3]
POINTS 51 GRIDTYPE 14 NAMEXP NE NTIMES 3 
 3.2530E-01 
  0.0000E+00 
  2.0000E-02 
  4.0000E-02 
  6.0000E-02 
  8.0000E-02 
  1.0000E-01 
  1.2000E-01 
  1.4000E-01 
  1.6000E-01 
  1.8000E-01 
  2.0000E-01 
  2.2000E-01 
  2.4000E-01 
  2.6000E-01 
  2.8000E-01 
  3.0000E-01 
  3.2000E-01 
  3.4000E-01 
  3.6000E-01 
  3.8000E-01 
  4.0000E-01 
  4.2000E-01 
  4.4000E-01 
  4.6000E-01 
  4.8000E-01 
  5.0000E-01 
  5.2000E-01 
  5.4000E-01 
  5.6000E-01 
  5.8000E-01 
  6.0000E-01 
  6.2000E-01 
  6.4000E-01 
  6.6000E-01 
  6.8000E-01 
  7.0000E-01 
  7.2000E-01 
  7.4000E-01 
  7.6000E-01 
  7.8000E-01 
  8.0000E-01 
  8.2000E-01 
  8.4000E-01 
  8.6000E-01 
  8.8000E-01 
  9.0000E-01 
  9.2000E-01 
  9.4000E-01 
  9.6000E-01 
  9.8000E-01 
  1.0000E+00 
  2.9927E+00 
 2.9883E+00 
 2.9752E+00 
 2.9534E+00 
 2.9231E+00 
 2.8846E+00 
 2.8417E+00 
 2.8009E+00 
 2.7678E+00 
 2.7458E+00 
 2.7372E+00 
 2.7433E+00 
 2.7657E+00 
 2.8018E+00 
 2.8393E+00 
 2.8686E+00 
 2.8833E+00 
 2.8813E+00 
 2.8653E+00 
 2.8384E+00 
 2.8031E+00 
 2.7600E+00 
 2.7082E+00 
 2.6454E+00 
 2.5711E+00 
 2.4873E+00 
 2.3962E+00 
 2.2999E+00 
 2.2011E+00 
 2.1025E+00 
 2.0063E+00 
 1.9155E+00 
 1.8339E+00 
 1.7648E+00 
 1.7090E+00 
 1.6634E+00 
 1.6250E+00 
 1.5914E+00 
 1.5609E+00 
 1.5323E+00 
 1.5054E+00 
 1.4800E+00 
 1.4558E+00 
 1.4327E+00 
 1.4106E+00 
 1.3896E+00 
 1.3697E+00 
 1.3515E+00 
 1.3349E+00 
 1.3194E+00 
 1.3045E+00 
  2.9927E+00 
 2.9883E+00 
 2.9752E+00 
 2.9534E+00 
 2.9231E+00 
 2.8846E+00 
 2.8417E+00 
 2.8009E+00 
 2.7678E+00 
 2.7458E+00 
 2.7372E+00 
 2.7433E+00 
 2.7657E+00 
 2.8018E+00 
 2.8393E+00 
 2.8686E+00 
 2.8833E+00 
 2.8813E+00 
 2.8653E+00 
 2.8384E+00 
 2.8031E+00 
 2.7600E+00 
 2.7082E+00 
 2.6454E+00 
 2.5711E+00 
 2.4873E+00 
 2.3962E+00 
 2.2999E+00 
 2.2011E+00 
 2.1025E+00 
 2.0063E+00 
 1.9155E+00 
 1.8339E+00 
 1.7648E+00 
 1.7090E+00 
 1.6634E+00 
 1.6250E+00 
 1.5914E+00 
 1.5609E+00 
 1.5323E+00 
 1.5054E+00 
 1.4800E+00 
 1.4558E+00 
 1.4327E+00 
 1.4106E+00 
 1.3896E+00 
 1.3697E+00 
 1.3515E+00 
 1.3349E+00 
 1.3194E+00 
 1.3045E+00 
  6.8207E+00 
 6.8047E+00 
 6.7566E+00 
 6.6767E+00 
 6.5654E+00 
 6.4232E+00 
 6.2597E+00 
 6.0968E+00 
 5.9553E+00 
 5.8463E+00 
 5.7758E+00 
 5.7571E+00 
 5.8042E+00 
 5.9245E+00 
 6.0821E+00 
 6.2278E+00 
 6.3303E+00 
 6.3753E+00 
 6.3775E+00 
 6.3573E+00 
 6.3281E+00 
 6.2850E+00 
 6.2105E+00 
 6.0915E+00 
 5.9213E+00 
 5.7112E+00 
 5.4754E+00 
 5.2256E+00 
 4.9721E+00 
 4.7236E+00 
 4.4863E+00 
 4.2698E+00 
 4.0880E+00 
 3.9571E+00 
 3.8804E+00 
 3.8486E+00 
 3.8405E+00 
 3.8375E+00 
 3.8286E+00 
 3.8074E+00 
 3.7713E+00 
 3.7184E+00 
 3.6476E+00 
 3.5604E+00 
 3.4611E+00 
 3.3546E+00 
 3.2465E+00 
 3.1422E+00 
 3.0440E+00 
 2.9501E+00 
 2.8582E+00 


!te from confinement nodes [keV]
POINTS 51 GRIDTYPE 14 NAMEXP TE NTIMES 3 
 3.2530E-01 
  0.0000E+00 
  2.0000E-02 
  4.0000E-02 
  6.0000E-02 
  8.0000E-02 
  1.0000E-01 
  1.2000E-01 
  1.4000E-01 
  1.6000E-01 
  1.8000E-01 
  2.0000E-01 
  2.2000E-01 
  2.4000E-01 
  2.6000E-01 
  2.8000E-01 
  3.0000E-01 
  3.2000E-01 
  3.4000E-01 
  3.6000E-01 
  3.8000E-01 
  4.0000E-01 
  4.2000E-01 
  4.4000E-01 
  4.6000E-01 
  4.8000E-01 
  5.0000E-01 
  5.2000E-01 
  5.4000E-01 
  5.6000E-01 
  5.8000E-01 
  6.0000E-01 
  6.2000E-01 
  6.4000E-01 
  6.6000E-01 
  6.8000E-01 
  7.0000E-01 
  7.2000E-01 
  7.4000E-01 
  7.6000E-01 
  7.8000E-01 
  8.0000E-01 
  8.2000E-01 
  8.4000E-01 
  8.6000E-01 
  8.8000E-01 
  9.0000E-01 
  9.2000E-01 
  9.4000E-01 
  9.6000E-01 
  9.8000E-01 
  1.0000E+00 
  6.3039E-01 
 6.3024E-01 
 6.2979E-01 
 6.2905E-01 
 6.2802E-01 
 6.2670E-01 
 6.2529E-01 
 6.2418E-01 
 6.2379E-01 
 6.2456E-01 
 6.2663E-01 
 6.2902E-01 
 6.3049E-01 
 6.2993E-01 
 6.2644E-01 
 6.1958E-01 
 6.0958E-01 
 5.9679E-01 
 5.8155E-01 
 5.6421E-01 
 5.4512E-01 
 5.2470E-01 
 5.0343E-01 
 4.8173E-01 
 4.5987E-01 
 4.3783E-01 
 4.1550E-01 
 3.9283E-01 
 3.6985E-01 
 3.4662E-01 
 3.2319E-01 
 2.9970E-01 
 2.7632E-01 
 2.5324E-01 
 2.3071E-01 
 2.0907E-01 
 1.8881E-01 
 1.7024E-01 
 1.5347E-01 
 1.3836E-01 
 1.2461E-01 
 1.1198E-01 
 1.0031E-01 
 8.9464E-02 
 7.9317E-02 
 6.9805E-02 
 6.1006E-02 
 5.3018E-02 
 4.5782E-02 
 3.9055E-02 
 3.2582E-02 
  6.3039E-01 
 6.3024E-01 
 6.2979E-01 
 6.2905E-01 
 6.2802E-01 
 6.2670E-01 
 6.2529E-01 
 6.2418E-01 
 6.2379E-01 
 6.2456E-01 
 6.2663E-01 
 6.2902E-01 
 6.3049E-01 
 6.2993E-01 
 6.2644E-01 
 6.1958E-01 
 6.0958E-01 
 5.9679E-01 
 5.8155E-01 
 5.6421E-01 
 5.4512E-01 
 5.2470E-01 
 5.0343E-01 
 4.8173E-01 
 4.5987E-01 
 4.3783E-01 
 4.1550E-01 
 3.9283E-01 
 3.6985E-01 
 3.4662E-01 
 3.2319E-01 
 2.9970E-01 
 2.7632E-01 
 2.5324E-01 
 2.3071E-01 
 2.0907E-01 
 1.8881E-01 
 1.7024E-01 
 1.5347E-01 
 1.3836E-01 
 1.2461E-01 
 1.1198E-01 
 1.0031E-01 
 8.9464E-02 
 7.9317E-02 
 6.9805E-02 
 6.1006E-02 
 5.3018E-02 
 4.5782E-02 
 3.9055E-02 
 3.2582E-02 
  6.3039E-01 
 6.3024E-01 
 6.2979E-01 
 6.2905E-01 
 6.2802E-01 
 6.2670E-01 
 6.2529E-01 
 6.2418E-01 
 6.2379E-01 
 6.2456E-01 
 6.2663E-01 
 6.2902E-01 
 6.3049E-01 
 6.2993E-01 
 6.2644E-01 
 6.1958E-01 
 6.0958E-01 
 5.9679E-01 
 5.8155E-01 
 5.6421E-01 
 5.4512E-01 
 5.2470E-01 
 5.0343E-01 
 4.8173E-01 
 4.5987E-01 
 4.3783E-01 
 4.1550E-01 
 3.9283E-01 
 3.6985E-01 
 3.4662E-01 
 3.2319E-01 
 2.9970E-01 
 2.7632E-01 
 2.5324E-01 
 2.3071E-01 
 2.0907E-01 
 1.8881E-01 
 1.7024E-01 
 1.5347E-01 
 1.3836E-01 
 1.2461E-01 
 1.1198E-01 
 1.0031E-01 
 8.9464E-02 
 7.9317E-02 
 6.9805E-02 
 6.1006E-02 
 5.3018E-02 
 4.5782E-02 
 3.9055E-02 
 3.2582E-02 


!ti from confinement nodes [keV]
POINTS 51 GRIDTYPE 14 NAMEXP TI NTIMES 3 
 3.2530E-01 
  0.0000E+00 
  2.0000E-02 
  4.0000E-02 
  6.0000E-02 
  8.0000E-02 
  1.0000E-01 
  1.2000E-01 
  1.4000E-01 
  1.6000E-01 
  1.8000E-01 
  2.0000E-01 
  2.2000E-01 
  2.4000E-01 
  2.6000E-01 
  2.8000E-01 
  3.0000E-01 
  3.2000E-01 
  3.4000E-01 
  3.6000E-01 
  3.8000E-01 
  4.0000E-01 
  4.2000E-01 
  4.4000E-01 
  4.6000E-01 
  4.8000E-01 
  5.0000E-01 
  5.2000E-01 
  5.4000E-01 
  5.6000E-01 
  5.8000E-01 
  6.0000E-01 
  6.2000E-01 
  6.4000E-01 
  6.6000E-01 
  6.8000E-01 
  7.0000E-01 
  7.2000E-01 
  7.4000E-01 
  7.6000E-01 
  7.8000E-01 
  8.0000E-01 
  8.2000E-01 
  8.4000E-01 
  8.6000E-01 
  8.8000E-01 
  9.0000E-01 
  9.2000E-01 
  9.4000E-01 
  9.6000E-01 
  9.8000E-01 
  1.0000E+00 
  7.2227E-01 
 7.2210E-01 
 7.2159E-01 
 7.2073E-01 
 7.1955E-01 
 7.1805E-01 
 7.1642E-01 
 7.1515E-01 
 7.1470E-01 
 7.1559E-01 
 7.1796E-01 
 7.2070E-01 
 7.2239E-01 
 7.2174E-01 
 7.1774E-01 
 7.0988E-01 
 6.9843E-01 
 6.8377E-01 
 6.6631E-01 
 6.4645E-01 
 6.2457E-01 
 6.0117E-01 
 5.7681E-01 
 5.5194E-01 
 5.2690E-01 
 5.0164E-01 
 4.7605E-01 
 4.5009E-01 
 4.2376E-01 
 3.9714E-01 
 3.7030E-01 
 3.4338E-01 
 3.1660E-01 
 2.9015E-01 
 2.6433E-01 
 2.3955E-01 
 2.1633E-01 
 1.9505E-01 
 1.7584E-01 
 1.5853E-01 
 1.4277E-01 
 1.2830E-01 
 1.1493E-01 
 1.0250E-01 
 9.0877E-02 
 7.9979E-02 
 6.9898E-02 
 6.0745E-02 
 5.2455E-02 
 4.4747E-02 
 3.7331E-02 
  7.2227E-01 
 7.2210E-01 
 7.2159E-01 
 7.2073E-01 
 7.1955E-01 
 7.1805E-01 
 7.1642E-01 
 7.1515E-01 
 7.1470E-01 
 7.1559E-01 
 7.1796E-01 
 7.2070E-01 
 7.2239E-01 
 7.2174E-01 
 7.1774E-01 
 7.0988E-01 
 6.9843E-01 
 6.8377E-01 
 6.6631E-01 
 6.4645E-01 
 6.2457E-01 
 6.0117E-01 
 5.7681E-01 
 5.5194E-01 
 5.2690E-01 
 5.0164E-01 
 4.7605E-01 
 4.5009E-01 
 4.2376E-01 
 3.9714E-01 
 3.7030E-01 
 3.4338E-01 
 3.1660E-01 
 2.9015E-01 
 2.6433E-01 
 2.3955E-01 
 2.1633E-01 
 1.9505E-01 
 1.7584E-01 
 1.5853E-01 
 1.4277E-01 
 1.2830E-01 
 1.1493E-01 
 1.0250E-01 
 9.0877E-02 
 7.9979E-02 
 6.9898E-02 
 6.0745E-02 
 5.2455E-02 
 4.4747E-02 
 3.7331E-02 
  7.2227E-01 
 7.2210E-01 
 7.2159E-01 
 7.2073E-01 
 7.1955E-01 
 7.1805E-01 
 7.1642E-01 
 7.1515E-01 
 7.1470E-01 
 7.1559E-01 
 7.1796E-01 
 7.2070E-01 
 7.2239E-01 
 7.2174E-01 
 7.1774E-01 
 7.0988E-01 
 6.9843E-01 
 6.8377E-01 
 6.6631E-01 
 6.4645E-01 
 6.2457E-01 
 6.0117E-01 
 5.7681E-01 
 5.5194E-01 
 5.2690E-01 
 5.0164E-01 
 4.7605E-01 
 4.5009E-01 
 4.2376E-01 
 3.9714E-01 
 3.7030E-01 
 3.4338E-01 
 3.1660E-01 
 2.9015E-01 
 2.6433E-01 
 2.3955E-01 
 2.1633E-01 
 1.9505E-01 
 1.7584E-01 
 1.5853E-01 
 1.4277E-01 
 1.2830E-01 
 1.1493E-01 
 1.0250E-01 
 9.0877E-02 
 7.9979E-02 
 6.9898E-02 
 6.0745E-02 
 5.2455E-02 
 4.4747E-02 
 3.7331E-02 


!chie from confinement nodes
POINTS 51 GRIDTYPE 14 NAMEXP CAR5 NTIMES 3 
 3.2530E-01 
  0.0000E+00 
  2.0000E-02 
  4.0000E-02 
  6.0000E-02 
  8.0000E-02 
  1.0000E-01 
  1.2000E-01 
  1.4000E-01 
  1.6000E-01 
  1.8000E-01 
  2.0000E-01 
  2.2000E-01 
  2.4000E-01 
  2.6000E-01 
  2.8000E-01 
  3.0000E-01 
  3.2000E-01 
  3.4000E-01 
  3.6000E-01 
  3.8000E-01 
  4.0000E-01 
  4.2000E-01 
  4.4000E-01 
  4.6000E-01 
  4.8000E-01 
  5.0000E-01 
  5.2000E-01 
  5.4000E-01 
  5.6000E-01 
  5.8000E-01 
  6.0000E-01 
  6.2000E-01 
  6.4000E-01 
  6.6000E-01 
  6.8000E-01 
  7.0000E-01 
  7.2000E-01 
  7.4000E-01 
  7.6000E-01 
  7.8000E-01 
  8.0000E-01 
  8.2000E-01 
  8.4000E-01 
  8.6000E-01 
  8.8000E-01 
  9.0000E-01 
  9.2000E-01 
  9.4000E-01 
  9.6000E-01 
  9.8000E-01 
  1.0000E+00 
  1.5086E+00 
 6.0913E+00 
 6.6012E+00 
 6.4717E+00 
 6.5260E+00 
 6.5503E+00 
 8.4509E+00 
 2.3847E+01 
 4.7553E+01 
 5.6217E+01 
 5.2947E+01 
 4.2148E+01 
 2.7951E+01 
 1.4172E+01 
 5.0940E+00 
 2.7237E+00 
 2.2329E+00 
 1.9312E+00 
 1.7168E+00 
 1.5848E+00 
 1.5080E+00 
 1.4741E+00 
 1.4783E+00 
 1.5138E+00 
 1.5668E+00 
 1.6243E+00 
 1.6830E+00 
 1.7452E+00 
 1.8135E+00 
 1.8884E+00 
 1.9704E+00 
 2.0575E+00 
 2.1455E+00 
 2.2321E+00 
 2.3279E+00 
 2.4520E+00 
 2.6222E+00 
 2.8435E+00 
 3.1027E+00 
 3.3842E+00 
 3.6722E+00 
 3.9612E+00 
 4.2537E+00 
 4.5508E+00 
 4.8528E+00 
 5.1695E+00 
 5.5370E+00 
 5.9947E+00 
 6.5500E+00 
 7.1718E+00 
 7.8269E+00 
  1.5086E+00 
 6.0913E+00 
 6.6012E+00 
 6.4717E+00 
 6.5260E+00 
 6.5503E+00 
 8.4509E+00 
 2.3847E+01 
 4.7553E+01 
 5.6217E+01 
 5.2947E+01 
 4.2148E+01 
 2.7951E+01 
 1.4172E+01 
 5.0940E+00 
 2.7237E+00 
 2.2329E+00 
 1.9312E+00 
 1.7168E+00 
 1.5848E+00 
 1.5080E+00 
 1.4741E+00 
 1.4783E+00 
 1.5138E+00 
 1.5668E+00 
 1.6243E+00 
 1.6830E+00 
 1.7452E+00 
 1.8135E+00 
 1.8884E+00 
 1.9704E+00 
 2.0575E+00 
 2.1455E+00 
 2.2321E+00 
 2.3279E+00 
 2.4520E+00 
 2.6222E+00 
 2.8435E+00 
 3.1027E+00 
 3.3842E+00 
 3.6722E+00 
 3.9612E+00 
 4.2537E+00 
 4.5508E+00 
 4.8528E+00 
 5.1695E+00 
 5.5370E+00 
 5.9947E+00 
 6.5500E+00 
 7.1718E+00 
 7.8269E+00 
  1.5086E+00 
 6.0913E+00 
 6.6012E+00 
 6.4717E+00 
 6.5260E+00 
 6.5503E+00 
 8.4509E+00 
 2.3847E+01 
 4.7553E+01 
 5.6217E+01 
 5.2947E+01 
 4.2148E+01 
 2.7951E+01 
 1.4172E+01 
 5.0940E+00 
 2.7237E+00 
 2.2329E+00 
 1.9312E+00 
 1.7168E+00 
 1.5848E+00 
 1.5080E+00 
 1.4741E+00 
 1.4783E+00 
 1.5138E+00 
 1.5668E+00 
 1.6243E+00 
 1.6830E+00 
 1.7452E+00 
 1.8135E+00 
 1.8884E+00 
 1.9704E+00 
 2.0575E+00 
 2.1455E+00 
 2.2321E+00 
 2.3279E+00 
 2.4520E+00 
 2.6222E+00 
 2.8435E+00 
 3.1027E+00 
 3.3842E+00 
 3.6722E+00 
 3.9612E+00 
 4.2537E+00 
 4.5508E+00 
 4.8528E+00 
 5.1695E+00 
 5.5370E+00 
 5.9947E+00 
 6.5500E+00 
 7.1718E+00 
 7.8269E+00 


!ECH profile set to zero (no ECH)
POINTS 51 GRIDTYPE 14 NAMEXP CAR4 NTIMES 3 
 3.0000E-01 
  0.0000E+00 
  2.0000E-02 
  4.0000E-02 
  6.0000E-02 
  8.0000E-02 
  1.0000E-01 
  1.2000E-01 
  1.4000E-01 
  1.6000E-01 
  1.8000E-01 
  2.0000E-01 
  2.2000E-01 
  2.4000E-01 
  2.6000E-01 
  2.8000E-01 
  3.0000E-01 
  3.2000E-01 
  3.4000E-01 
  3.6000E-01 
  3.8000E-01 
  4.0000E-01 
  4.2000E-01 
  4.4000E-01 
  4.6000E-01 
  4.8000E-01 
  5.0000E-01 
  5.2000E-01 
  5.4000E-01 
  5.6000E-01 
  5.8000E-01 
  6.0000E-01 
  6.2000E-01 
  6.4000E-01 
  6.6000E-01 
  6.8000E-01 
  7.0000E-01 
  7.2000E-01 
  7.4000E-01 
  7.6000E-01 
  7.8000E-01 
  8.0000E-01 
  8.2000E-01 
  8.4000E-01 
  8.6000E-01 
  8.8000E-01 
  9.0000E-01 
  9.2000E-01 
  9.4000E-01 
  9.6000E-01 
  9.8000E-01 
  1.0000E+00 
  0.0000E+00 
 0.0000E+00 
 0.0000E+00 
 0.0000E+00 
 0.0000E+00 
 0.0000E+00 
 0.0000E+00 
 0.0000E+00 
 0.0000E+00 
 0.0000E+00 
 0.0000E+00 
 0.0000E+00 
 0.0000E+00 
 0.0000E+00 
 0.0000E+00 
 0.0000E+00 
 0.0000E+00 
 0.0000E+00 
 0.0000E+00 
 0.0000E+00 
 0.0000E+00 
 0.0000E+00 
 0.0000E+00 
 0.0000E+00 
 0.0000E+00 
 0.0000E+00 
 0.0000E+00 
 0.0000E+00 
 0.0000E+00 
 0.0000E+00 
 0.0000E+00 
 0.0000E+00 
 0.0000E+00 
 0.0000E+00 
 0.0000E+00 
 0.0000E+00 
 0.0000E+00 
 0.0000E+00 
 0.0000E+00 
 0.0000E+00 
 0.0000E+00 
 0.0000E+00 
 0.0000E+00 
 0.0000E+00 
 0.0000E+00 
 0.0000E+00 
 0.0000E+00 
 0.0000E+00 
 0.0000E+00 
 0.0000E+00 
 0.0000E+00 
  0.0000E+00 
 0.0000E+00 
 0.0000E+00 
 0.0000E+00 
 0.0000E+00 
 0.0000E+00 
 0.0000E+00 
 0.0000E+00 
 0.0000E+00 
 0.0000E+00 
 0.0000E+00 
 0.0000E+00 
 0.0000E+00 
 0.0000E+00 
 0.0000E+00 
 0.0000E+00 
 0.0000E+00 
 0.0000E+00 
 0.0000E+00 
 0.0000E+00 
 0.0000E+00 
 0.0000E+00 
 0.0000E+00 
 0.0000E+00 
 0.0000E+00 
 0.0000E+00 
 0.0000E+00 
 0.0000E+00 
 0.0000E+00 
 0.0000E+00 
 0.0000E+00 
 0.0000E+00 
 0.0000E+00 
 0.0000E+00 
 0.0000E+00 
 0.0000E+00 
 0.0000E+00 
 0.0000E+00 
 0.0000E+00 
 0.0000E+00 
 0.0000E+00 
 0.0000E+00 
 0.0000E+00 
 0.0000E+00 
 0.0000E+00 
 0.0000E+00 
 0.0000E+00 
 0.0000E+00 
 0.0000E+00 
 0.0000E+00 
 0.0000E+00 
  0.0000E+00 
 0.0000E+00 
 0.0000E+00 
 0.0000E+00 
 0.0000E+00 
 0.0000E+00 
 0.0000E+00 
 0.0000E+00 
 0.0000E+00 
 0.0000E+00 
 0.0000E+00 
 0.0000E+00 
 0.0000E+00 
 0.0000E+00 
 0.0000E+00 
 0.0000E+00 
 0.0000E+00 
 0.0000E+00 
 0.0000E+00 
 0.0000E+00 
 0.0000E+00 
 0.0000E+00 
 0.0000E+00 
 0.0000E+00 
 0.0000E+00 
 0.0000E+00 
 0.0000E+00 
 0.0000E+00 
 0.0000E+00 
 0.0000E+00 
 0.0000E+00 
 0.0000E+00 
 0.0000E+00 
 0.0000E+00 
 0.0000E+00 
 0.0000E+00 
 0.0000E+00 
 0.0000E+00 
 0.0000E+00 
 0.0000E+00 
 0.0000E+00 
 0.0000E+00 
 0.0000E+00 
 0.0000E+00 
 0.0000E+00 
 0.0000E+00 
 0.0000E+00 
 0.0000E+00 
 0.0000E+00 
 0.0000E+00 
 0.0000E+00 


!ECCD profile set to zero (no ECCD)
POINTS 51 GRIDTYPE 14 NAMEXP CAR6 NTIMES 3 
 3.0000E-01 
  0.0000E+00 
  2.0000E-02 
  4.0000E-02 
  6.0000E-02 
  8.0000E-02 
  1.0000E-01 
  1.2000E-01 
  1.4000E-01 
  1.6000E-01 
  1.8000E-01 
  2.0000E-01 
  2.2000E-01 
  2.4000E-01 
  2.6000E-01 
  2.8000E-01 
  3.0000E-01 
  3.2000E-01 
  3.4000E-01 
  3.6000E-01 
  3.8000E-01 
  4.0000E-01 
  4.2000E-01 
  4.4000E-01 
  4.6000E-01 
  4.8000E-01 
  5.0000E-01 
  5.2000E-01 
  5.4000E-01 
  5.6000E-01 
  5.8000E-01 
  6.0000E-01 
  6.2000E-01 
  6.4000E-01 
  6.6000E-01 
  6.8000E-01 
  7.0000E-01 
  7.2000E-01 
  7.4000E-01 
  7.6000E-01 
  7.8000E-01 
  8.0000E-01 
  8.2000E-01 
  8.4000E-01 
  8.6000E-01 
  8.8000E-01 
  9.0000E-01 
  9.2000E-01 
  9.4000E-01 
  9.6000E-01 
  9.8000E-01 
  1.0000E+00 
  -0.0000E+00 
 -0.0000E+00 
 -0.0000E+00 
 -0.0000E+00 
 -0.0000E+00 
 -0.0000E+00 
 -0.0000E+00 
 -0.0000E+00 
 -0.0000E+00 
 -0.0000E+00 
 -0.0000E+00 
 -0.0000E+00 
 -0.0000E+00 
 -0.0000E+00 
 -0.0000E+00 
 -0.0000E+00 
 -0.0000E+00 
 -0.0000E+00 
 -0.0000E+00 
 -0.0000E+00 
 -0.0000E+00 
 -0.0000E+00 
 -0.0000E+00 
 -0.0000E+00 
 -0.0000E+00 
 -0.0000E+00 
 -0.0000E+00 
 -0.0000E+00 
 -0.0000E+00 
 -0.0000E+00 
 -0.0000E+00 
 -0.0000E+00 
 -0.0000E+00 
 -0.0000E+00 
 -0.0000E+00 
 -0.0000E+00 
 -0.0000E+00 
 -0.0000E+00 
 -0.0000E+00 
 -0.0000E+00 
 -0.0000E+00 
 -0.0000E+00 
 -0.0000E+00 
 -0.0000E+00 
 -0.0000E+00 
 -0.0000E+00 
 -0.0000E+00 
 -0.0000E+00 
 -0.0000E+00 
 -0.0000E+00 
 -0.0000E+00 
  -0.0000E+00 
 -0.0000E+00 
 -0.0000E+00 
 -0.0000E+00 
 -0.0000E+00 
 -0.0000E+00 
 -0.0000E+00 
 -0.0000E+00 
 -0.0000E+00 
 -0.0000E+00 
 -0.0000E+00 
 -0.0000E+00 
 -0.0000E+00 
 -0.0000E+00 
 -0.0000E+00 
 -0.0000E+00 
 -0.0000E+00 
 -0.0000E+00 
 -0.0000E+00 
 -0.0000E+00 
 -0.0000E+00 
 -0.0000E+00 
 -0.0000E+00 
 -0.0000E+00 
 -0.0000E+00 
 -0.0000E+00 
 -0.0000E+00 
 -0.0000E+00 
 -0.0000E+00 
 -0.0000E+00 
 -0.0000E+00 
 -0.0000E+00 
 -0.0000E+00 
 -0.0000E+00 
 -0.0000E+00 
 -0.0000E+00 
 -0.0000E+00 
 -0.0000E+00 
 -0.0000E+00 
 -0.0000E+00 
 -0.0000E+00 
 -0.0000E+00 
 -0.0000E+00 
 -0.0000E+00 
 -0.0000E+00 
 -0.0000E+00 
 -0.0000E+00 
 -0.0000E+00 
 -0.0000E+00 
 -0.0000E+00 
 -0.0000E+00 
  -0.0000E+00 
 -0.0000E+00 
 -0.0000E+00 
 -0.0000E+00 
 -0.0000E+00 
 -0.0000E+00 
 -0.0000E+00 
 -0.0000E+00 
 -0.0000E+00 
 -0.0000E+00 
 -0.0000E+00 
 -0.0000E+00 
 -0.0000E+00 
 -0.0000E+00 
 -0.0000E+00 
 -0.0000E+00 
 -0.0000E+00 
 -0.0000E+00 
 -0.0000E+00 
 -0.0000E+00 
 -0.0000E+00 
 -0.0000E+00 
 -0.0000E+00 
 -0.0000E+00 
 -0.0000E+00 
 -0.0000E+00 
 -0.0000E+00 
 -0.0000E+00 
 -0.0000E+00 
 -0.0000E+00 
 -0.0000E+00 
 -0.0000E+00 
 -0.0000E+00 
 -0.0000E+00 
 -0.0000E+00 
 -0.0000E+00 
 -0.0000E+00 
 -0.0000E+00 
 -0.0000E+00 
 -0.0000E+00 
 -0.0000E+00 
 -0.0000E+00 
 -0.0000E+00 
 -0.0000E+00 
 -0.0000E+00 
 -0.0000E+00 
 -0.0000E+00 
 -0.0000E+00 
 -0.0000E+00 
 -0.0000E+00 
 -0.0000E+00 
END
