 -TCV- #36461 t0=1.475
 Param|Time  |  Value  |   Error
|-----|------|---------|--------
T_OFFSET          0.3000
TEND            1.9350
NB1             91.0000
AWALL           0.2800
AB              0.2600
RTOR            0.8800
ELONM           1.6000
TRICH           0.3000
ABC             0.2366
SHIFT           0.0100
ELONG           1.4332
TRIAN           0.3606
UPDWN           0.0000
ZMJ             1.0000
AMJ             2.0000
BTOR            1.4473
ZRD10           0.9800
ZRD30           36461.0000
ZRD6            0.1110
ZRD7            2.0000
ZRD8            0.0010
ZRD1            3.5000
ZRD3            0.3563
 

!Density boundary condition loading in time
NAMEXP ZRD2 NTIMES 1 
-1.1750E+00 
1.9650E-01 
 

!Ip from LIUQE [MA]
NAMEXP IPL NTIMES 3 
3.2500E-01 
3.7500E-01 
4.2500E-01 
2.6199E-01 
2.6171E-01 
2.6219E-01 


!Minor radius [m]
POINTS 51 GRIDTYPE 14 NAMEXP CAR9 NTIMES 1 
 0.0000E+00 
  0.0000E+00 
  2.0000E-02 
  4.0000E-02 
  6.0000E-02 
  8.0000E-02 
  1.0000E-01 
  1.2000E-01 
  1.4000E-01 
  1.6000E-01 
  1.8000E-01 
  2.0000E-01 
  2.2000E-01 
  2.4000E-01 
  2.6000E-01 
  2.8000E-01 
  3.0000E-01 
  3.2000E-01 
  3.4000E-01 
  3.6000E-01 
  3.8000E-01 
  4.0000E-01 
  4.2000E-01 
  4.4000E-01 
  4.6000E-01 
  4.8000E-01 
  5.0000E-01 
  5.2000E-01 
  5.4000E-01 
  5.6000E-01 
  5.8000E-01 
  6.0000E-01 
  6.2000E-01 
  6.4000E-01 
  6.6000E-01 
  6.8000E-01 
  7.0000E-01 
  7.2000E-01 
  7.4000E-01 
  7.6000E-01 
  7.8000E-01 
  8.0000E-01 
  8.2000E-01 
  8.4000E-01 
  8.6000E-01 
  8.8000E-01 
  9.0000E-01 
  9.2000E-01 
  9.4000E-01 
  9.6000E-01 
  9.8000E-01 
  1.0000E+00 
  0.0000E+00 
 5.2000E-03 
 1.0400E-02 
 1.5600E-02 
 2.0800E-02 
 2.6000E-02 
 3.1200E-02 
 3.6400E-02 
 4.1600E-02 
 4.6800E-02 
 5.2000E-02 
 5.7200E-02 
 6.2400E-02 
 6.7600E-02 
 7.2800E-02 
 7.8000E-02 
 8.3200E-02 
 8.8400E-02 
 9.3600E-02 
 9.8800E-02 
 1.0400E-01 
 1.0920E-01 
 1.1440E-01 
 1.1960E-01 
 1.2480E-01 
 1.3000E-01 
 1.3520E-01 
 1.4040E-01 
 1.4560E-01 
 1.5080E-01 
 1.5600E-01 
 1.6120E-01 
 1.6640E-01 
 1.7160E-01 
 1.7680E-01 
 1.8200E-01 
 1.8720E-01 
 1.9240E-01 
 1.9760E-01 
 2.0280E-01 
 2.0800E-01 
 2.1320E-01 
 2.1840E-01 
 2.2360E-01 
 2.2880E-01 
 2.3400E-01 
 2.3920E-01 
 2.4440E-01 
 2.4960E-01 
 2.5480E-01 
 2.6000E-01 


!initial mu from parabolic 1/q
POINTS 51 GRIDTYPE 14 NAMEXP MU NTIMES 1 
 0.0000E+00 
  0.0000E+00 
  2.0000E-02 
  4.0000E-02 
  6.0000E-02 
  8.0000E-02 
  1.0000E-01 
  1.2000E-01 
  1.4000E-01 
  1.6000E-01 
  1.8000E-01 
  2.0000E-01 
  2.2000E-01 
  2.4000E-01 
  2.6000E-01 
  2.8000E-01 
  3.0000E-01 
  3.2000E-01 
  3.4000E-01 
  3.6000E-01 
  3.8000E-01 
  4.0000E-01 
  4.2000E-01 
  4.4000E-01 
  4.6000E-01 
  4.8000E-01 
  5.0000E-01 
  5.2000E-01 
  5.4000E-01 
  5.6000E-01 
  5.8000E-01 
  6.0000E-01 
  6.2000E-01 
  6.4000E-01 
  6.6000E-01 
  6.8000E-01 
  7.0000E-01 
  7.2000E-01 
  7.4000E-01 
  7.6000E-01 
  7.8000E-01 
  8.0000E-01 
  8.2000E-01 
  8.4000E-01 
  8.6000E-01 
  8.8000E-01 
  9.0000E-01 
  9.2000E-01 
  9.4000E-01 
  9.6000E-01 
  9.8000E-01 
  1.0000E+00 
  5.0000E-01 
 4.9960E-01 
 4.9841E-01 
 4.9643E-01 
 4.9368E-01 
 4.9020E-01 
 4.8600E-01 
 4.8114E-01 
 4.7565E-01 
 4.6957E-01 
 4.6296E-01 
 4.5587E-01 
 4.4835E-01 
 4.4045E-01 
 4.3223E-01 
 4.2373E-01 
 4.1501E-01 
 4.0611E-01 
 3.9708E-01 
 3.8796E-01 
 3.7879E-01 
 3.6960E-01 
 3.6044E-01 
 3.5132E-01 
 3.4228E-01 
 3.3333E-01 
 3.2451E-01 
 3.1582E-01 
 3.0728E-01 
 2.9890E-01 
 2.9070E-01 
 2.8268E-01 
 2.7485E-01 
 2.6721E-01 
 2.5977E-01 
 2.5253E-01 
 2.4548E-01 
 2.3864E-01 
 2.3200E-01 
 2.2555E-01 
 2.1930E-01 
 2.1324E-01 
 2.0737E-01 
 2.0168E-01 
 1.9617E-01 
 1.9084E-01 
 1.8568E-01 
 1.8069E-01 
 1.7586E-01 
 1.7119E-01 
 1.6667E-01 


!ne from confinement nodes [1e19m^-3]
POINTS 51 GRIDTYPE 14 NAMEXP NE NTIMES 3 
 3.2530E-01 
  3.7530E-01 
  4.2530E-01 
  0.0000E+00 
  2.0000E-02 
  4.0000E-02 
  6.0000E-02 
  8.0000E-02 
  1.0000E-01 
  1.2000E-01 
  1.4000E-01 
  1.6000E-01 
  1.8000E-01 
  2.0000E-01 
  2.2000E-01 
  2.4000E-01 
  2.6000E-01 
  2.8000E-01 
  3.0000E-01 
  3.2000E-01 
  3.4000E-01 
  3.6000E-01 
  3.8000E-01 
  4.0000E-01 
  4.2000E-01 
  4.4000E-01 
  4.6000E-01 
  4.8000E-01 
  5.0000E-01 
  5.2000E-01 
  5.4000E-01 
  5.6000E-01 
  5.8000E-01 
  6.0000E-01 
  6.2000E-01 
  6.4000E-01 
  6.6000E-01 
  6.8000E-01 
  7.0000E-01 
  7.2000E-01 
  7.4000E-01 
  7.6000E-01 
  7.8000E-01 
  8.0000E-01 
  8.2000E-01 
  8.4000E-01 
  8.6000E-01 
  8.8000E-01 
  9.0000E-01 
  9.2000E-01 
  9.4000E-01 
  9.6000E-01 
  9.8000E-01 
  1.0000E+00 
  2.9927E+00 
 2.9883E+00 
 2.9752E+00 
 2.9534E+00 
 2.9231E+00 
 2.8846E+00 
 2.8417E+00 
 2.8009E+00 
 2.7678E+00 
 2.7458E+00 
 2.7372E+00 
 2.7433E+00 
 2.7657E+00 
 2.8018E+00 
 2.8393E+00 
 2.8686E+00 
 2.8833E+00 
 2.8813E+00 
 2.8653E+00 
 2.8384E+00 
 2.8031E+00 
 2.7600E+00 
 2.7082E+00 
 2.6454E+00 
 2.5711E+00 
 2.4873E+00 
 2.3962E+00 
 2.2999E+00 
 2.2011E+00 
 2.1025E+00 
 2.0063E+00 
 1.9155E+00 
 1.8339E+00 
 1.7648E+00 
 1.7090E+00 
 1.6634E+00 
 1.6250E+00 
 1.5914E+00 
 1.5609E+00 
 1.5323E+00 
 1.5054E+00 
 1.4800E+00 
 1.4558E+00 
 1.4327E+00 
 1.4106E+00 
 1.3896E+00 
 1.3697E+00 
 1.3515E+00 
 1.3349E+00 
 1.3194E+00 
 1.3045E+00 
 2.9623E+00 
 2.9582E+00 
 2.9460E+00 
 2.9258E+00 
 2.8976E+00 
 2.8617E+00 
 2.8233E+00 
 2.7904E+00 
 2.7698E+00 
 2.7636E+00 
 2.7712E+00 
 2.7890E+00 
 2.8130E+00 
 2.8385E+00 
 2.8578E+00 
 2.8650E+00 
 2.8562E+00 
 2.8306E+00 
 2.7933E+00 
 2.7497E+00 
 2.7047E+00 
 2.6612E+00 
 2.6188E+00 
 2.5737E+00 
 2.5238E+00 
 2.4690E+00 
 2.4098E+00 
 2.3468E+00 
 2.2800E+00 
 2.2096E+00 
 2.1358E+00 
 2.0596E+00 
 1.9843E+00 
 1.9132E+00 
 1.8481E+00 
 1.7884E+00 
 1.7328E+00 
 1.6800E+00 
 1.6295E+00 
 1.5810E+00 
 1.5346E+00 
 1.4901E+00 
 1.4475E+00 
 1.4070E+00 
 1.3682E+00 
 1.3311E+00 
 1.2963E+00 
 1.2642E+00 
 1.2351E+00 
 1.2079E+00 
 1.1817E+00 
 2.9444E+00 
 2.9406E+00 
 2.9291E+00 
 2.9099E+00 
 2.8832E+00 
 2.8495E+00 
 2.8132E+00 
 6.2126E+00 
 6.0765E+00 
 5.9861E+00 
 5.9370E+00 
 5.9375E+00 
 5.9992E+00 
 6.1279E+00 
 6.2883E+00 
 6.4266E+00 
 6.5075E+00 
 6.5152E+00 
 6.4717E+00 
 6.4099E+00 
 6.3534E+00 
 6.3014E+00 
 6.2332E+00 
 6.1322E+00 
 5.9868E+00 
 5.8011E+00 
 5.5825E+00 
 5.3383E+00 
 5.0779E+00 
 4.8123E+00 
 4.5497E+00 
 4.3021E+00 
 4.0870E+00 
 3.9261E+00 
 3.8270E+00 
 3.7824E+00 
 3.7665E+00 
 3.7574E+00 
 3.7419E+00 
 3.7152E+00 
 3.6784E+00 
 3.6322E+00 
 3.5768E+00 
 3.5136E+00 
 3.4448E+00 
 3.3731E+00 
 3.3015E+00 
 3.2333E+00 
 3.1694E+00 
 3.1086E+00 
 3.0493E+00 


!te from confinement nodes [keV]
POINTS 51 GRIDTYPE 14 NAMEXP TE NTIMES 3 
 3.2530E-01 
  3.7530E-01 
  4.2530E-01 
  0.0000E+00 
  2.0000E-02 
  4.0000E-02 
  6.0000E-02 
  8.0000E-02 
  1.0000E-01 
  1.2000E-01 
  1.4000E-01 
  1.6000E-01 
  1.8000E-01 
  2.0000E-01 
  2.2000E-01 
  2.4000E-01 
  2.6000E-01 
  2.8000E-01 
  3.0000E-01 
  3.2000E-01 
  3.4000E-01 
  3.6000E-01 
  3.8000E-01 
  4.0000E-01 
  4.2000E-01 
  4.4000E-01 
  4.6000E-01 
  4.8000E-01 
  5.0000E-01 
  5.2000E-01 
  5.4000E-01 
  5.6000E-01 
  5.8000E-01 
  6.0000E-01 
  6.2000E-01 
  6.4000E-01 
  6.6000E-01 
  6.8000E-01 
  7.0000E-01 
  7.2000E-01 
  7.4000E-01 
  7.6000E-01 
  7.8000E-01 
  8.0000E-01 
  8.2000E-01 
  8.4000E-01 
  8.6000E-01 
  8.8000E-01 
  9.0000E-01 
  9.2000E-01 
  9.4000E-01 
  9.6000E-01 
  9.8000E-01 
  1.0000E+00 
  6.3039E-01 
 6.3024E-01 
 6.2979E-01 
 6.2905E-01 
 6.2802E-01 
 6.2670E-01 
 6.2529E-01 
 6.2418E-01 
 6.2379E-01 
 6.2456E-01 
 6.2663E-01 
 6.2902E-01 
 6.3049E-01 
 6.2993E-01 
 6.2644E-01 
 6.1958E-01 
 6.0958E-01 
 5.9679E-01 
 5.8155E-01 
 5.6421E-01 
 5.4512E-01 
 5.2470E-01 
 5.0343E-01 
 4.8173E-01 
 4.5987E-01 
 4.3783E-01 
 4.1550E-01 
 3.9283E-01 
 3.6985E-01 
 3.4662E-01 
 3.2319E-01 
 2.9970E-01 
 2.7632E-01 
 2.5324E-01 
 2.3071E-01 
 2.0907E-01 
 1.8881E-01 
 1.7024E-01 
 1.5347E-01 
 1.3836E-01 
 1.2461E-01 
 1.1198E-01 
 1.0031E-01 
 8.9464E-02 
 7.9317E-02 
 6.9805E-02 
 6.1006E-02 
 5.3018E-02 
 4.5782E-02 
 3.9055E-02 
 3.2582E-02 
 6.0925E-01 
 6.0902E-01 
 6.0833E-01 
 6.0719E-01 
 6.0560E-01 
 6.0357E-01 
 6.0123E-01 
 5.9892E-01 
 5.9700E-01 
 5.9600E-01 
 5.9639E-01 
 5.9780E-01 
 5.9962E-01 
 6.0122E-01 
 6.0160E-01 
 5.9980E-01 
 5.9554E-01 
 5.8872E-01 
 5.7926E-01 
 5.6714E-01 
 5.5241E-01 
 5.3540E-01 
 5.1662E-01 
 4.9654E-01 
 4.7549E-01 
 4.5350E-01 
 4.3052E-01 
 4.0656E-01 
 3.8180E-01 
 3.5652E-01 
 3.3098E-01 
 3.0545E-01 
 2.8030E-01 
 2.5585E-01 
 2.3242E-01 
 2.1036E-01 
 1.9003E-01 
 1.7167E-01 
 1.5536E-01 
 1.4090E-01 
 1.2791E-01 
 1.1612E-01 
 1.0531E-01 
 9.5320E-02 
 8.6014E-02 
 7.7322E-02 
 6.9306E-02 
 6.2047E-02 
 5.5477E-02 
 4.9373E-02 
 4.3502E-02 
 6.6532E-01 
 6.6524E-01 
 6.6500E-01 
 6.6460E-01 
 6.6404E-01 
 6.6332E-01 
 6.6246E-01 
 6.6144E-01 
 6.6032E-01 
 6.5939E-01 
 6.5897E-01 
 6.5863E-01 
 6.5766E-01 
 6.5540E-01 
 6.5072E-01 
 6.4269E-01 
 6.3139E-01 
 6.1706E-01 
 6.0008E-01 
 5.8087E-01 
 5.5982E-01 
 5.3731E-01 
 5.1372E-01 
 4.8938E-01 
 4.6460E-01 
 4.3957E-01 
 4.1448E-01 
 3.8946E-01 
 3.6466E-01 
 3.4016E-01 
 3.1606E-01 
 2.9244E-01 
 2.6940E-01 
 2.4701E-01 
 2.2539E-01 
 2.0480E-01 
 1.8560E-01 
 1.6809E-01 
 1.5236E-01 
 1.3828E-01 
 1.2552E-01 
 1.1387E-01 
 1.0314E-01 
 9.3198E-02 
 8.3915E-02 
 7.5228E-02 
 6.7206E-02 
 5.9934E-02 
 5.3349E-02 
 4.7228E-02 
 4.1340E-02 


!ti from confinement nodes [keV]
POINTS 51 GRIDTYPE 14 NAMEXP TI NTIMES 3 
 3.2530E-01 
  3.7530E-01 
  4.2530E-01 
  0.0000E+00 
  2.0000E-02 
  4.0000E-02 
  6.0000E-02 
  8.0000E-02 
  1.0000E-01 
  1.2000E-01 
  1.4000E-01 
  1.6000E-01 
  1.8000E-01 
  2.0000E-01 
  2.2000E-01 
  2.4000E-01 
  2.6000E-01 
  2.8000E-01 
  3.0000E-01 
  3.2000E-01 
  3.4000E-01 
  3.6000E-01 
  3.8000E-01 
  4.0000E-01 
  4.2000E-01 
  4.4000E-01 
  4.6000E-01 
  4.8000E-01 
  5.0000E-01 
  5.2000E-01 
  5.4000E-01 
  5.6000E-01 
  5.8000E-01 
  6.0000E-01 
  6.2000E-01 
  6.4000E-01 
  6.6000E-01 
  6.8000E-01 
  7.0000E-01 
  7.2000E-01 
  7.4000E-01 
  7.6000E-01 
  7.8000E-01 
  8.0000E-01 
  8.2000E-01 
  8.4000E-01 
  8.6000E-01 
  8.8000E-01 
  9.0000E-01 
  9.2000E-01 
  9.4000E-01 
  9.6000E-01 
  9.8000E-01 
  1.0000E+00 
  7.2227E-01 
 7.2210E-01 
 7.2159E-01 
 7.2073E-01 
 7.1955E-01 
 7.1805E-01 
 7.1642E-01 
 7.1515E-01 
 7.1470E-01 
 7.1559E-01 
 7.1796E-01 
 7.2070E-01 
 7.2239E-01 
 7.2174E-01 
 7.1774E-01 
 7.0988E-01 
 6.9843E-01 
 6.8377E-01 
 6.6631E-01 
 6.4645E-01 
 6.2457E-01 
 6.0117E-01 
 5.7681E-01 
 5.5194E-01 
 5.2690E-01 
 5.0164E-01 
 4.7605E-01 
 4.5009E-01 
 4.2376E-01 
 3.9714E-01 
 3.7030E-01 
 3.4338E-01 
 3.1660E-01 
 2.9015E-01 
 2.6433E-01 
 2.3955E-01 
 2.1633E-01 
 1.9505E-01 
 1.7584E-01 
 1.5853E-01 
 1.4277E-01 
 1.2830E-01 
 1.1493E-01 
 1.0250E-01 
 9.0877E-02 
 7.9979E-02 
 6.9898E-02 
 6.0745E-02 
 5.2455E-02 
 4.4747E-02 
 3.7331E-02 
 7.0010E-01 
 6.9983E-01 
 6.9904E-01 
 6.9773E-01 
 6.9590E-01 
 6.9357E-01 
 6.9088E-01 
 6.8823E-01 
 6.8602E-01 
 6.8486E-01 
 6.8531E-01 
 6.8694E-01 
 6.8903E-01 
 6.9087E-01 
 6.9130E-01 
 6.8924E-01 
 6.8435E-01 
 6.7650E-01 
 6.6563E-01 
 6.5171E-01 
 6.3478E-01 
 6.1523E-01 
 5.9365E-01 
 5.7058E-01 
 5.4639E-01 
 5.2112E-01 
 4.9472E-01 
 4.6719E-01 
 4.3873E-01 
 4.0968E-01 
 3.8033E-01 
 3.5100E-01 
 3.2209E-01 
 2.9399E-01 
 2.6708E-01 
 2.4173E-01 
 2.1836E-01 
 1.9727E-01 
 1.7853E-01 
 1.6191E-01 
 1.4698E-01 
 1.3343E-01 
 1.2101E-01 
 1.0953E-01 
 9.8840E-02 
 8.8851E-02 
 7.9640E-02 
 7.1298E-02 
 6.3749E-02 
 5.6735E-02 
 4.9989E-02 
 7.6703E-01 
 7.6694E-01 
 7.6666E-01 
 7.6620E-01 
 7.6555E-01 
 7.6473E-01 
 7.6373E-01 
 7.6256E-01 
 7.6126E-01 
 7.6019E-01 
 7.5971E-01 
 7.5931E-01 
 7.5820E-01 
 7.5559E-01 
 7.5019E-01 
 7.4094E-01 
 7.2791E-01 
 7.1138E-01 
 6.9181E-01 
 6.6967E-01 
 6.4540E-01 
 6.1945E-01 
 5.9225E-01 
 5.6420E-01 
 5.3562E-01 
 5.0677E-01 
 4.7784E-01 
 4.4900E-01 
 4.2040E-01 
 3.9216E-01 
 3.6438E-01 
 3.3715E-01 
 3.1059E-01 
 2.8477E-01 
 2.5985E-01 
 2.3610E-01 
 2.1398E-01 
 1.9379E-01 
 1.7565E-01 
 1.5941E-01 
 1.4471E-01 
 1.3128E-01 
 1.1891E-01 
 1.0745E-01 
 9.6743E-02 
 8.6728E-02 
 7.7480E-02 
 6.9096E-02 
 6.1504E-02 
 5.4448E-02 
 4.7660E-02 


!chie from confinement nodes
POINTS 51 GRIDTYPE 14 NAMEXP CAR5 NTIMES 3 
 3.2530E-01 
  3.7530E-01 
  4.2530E-01 
  0.0000E+00 
  2.0000E-02 
  4.0000E-02 
  6.0000E-02 
  8.0000E-02 
  1.0000E-01 
  1.2000E-01 
  1.4000E-01 
  1.6000E-01 
  1.8000E-01 
  2.0000E-01 
  2.2000E-01 
  2.4000E-01 
  2.6000E-01 
  2.8000E-01 
  3.0000E-01 
  3.2000E-01 
  3.4000E-01 
  3.6000E-01 
  3.8000E-01 
  4.0000E-01 
  4.2000E-01 
  4.4000E-01 
  4.6000E-01 
  4.8000E-01 
  5.0000E-01 
  5.2000E-01 
  5.4000E-01 
  5.6000E-01 
  5.8000E-01 
  6.0000E-01 
  6.2000E-01 
  6.4000E-01 
  6.6000E-01 
  6.8000E-01 
  7.0000E-01 
  7.2000E-01 
  7.4000E-01 
  7.6000E-01 
  7.8000E-01 
  8.0000E-01 
  8.2000E-01 
  8.4000E-01 
  8.6000E-01 
  8.8000E-01 
  9.0000E-01 
  9.2000E-01 
  9.4000E-01 
  9.6000E-01 
  9.8000E-01 
  1.0000E+00 
  2.2560E+00 
 9.0321E+00 
 1.0001E+01 
 9.7758E+00 
 9.6965E+00 
 1.2135E+01 
 2.0989E+01 
 2.8169E+01 
 3.1685E+01 
 3.2216E+01 
 3.0418E+01 
 2.6920E+01 
 2.2315E+01 
 1.7158E+01 
 1.1962E+01 
 7.1972E+00 
 3.5044E+00 
 1.9260E+00 
 1.3967E+00 
 1.1171E+00 
 9.3135E-01 
 8.2607E-01 
 7.9196E-01 
 8.0887E-01 
 8.5363E-01 
 9.1367E-01 
 9.8713E-01 
 1.0730E+00 
 1.1685E+00 
 1.2724E+00 
 1.3837E+00 
 1.5001E+00 
 1.6176E+00 
 1.7318E+00 
 1.8405E+00 
 1.9440E+00 
 2.0429E+00 
 2.1374E+00 
 2.2253E+00 
 2.3040E+00 
 2.3708E+00 
 2.4247E+00 
 2.4680E+00 
 2.5006E+00 
 2.5162E+00 
 2.5114E+00 
 2.5056E+00 
 2.5254E+00 
 2.5839E+00 
 2.6698E+00 
 2.7695E+00 
 5.3950E-01 
 2.1521E+00 
 2.3630E+00 
 2.3018E+00 
 2.3146E+00 
 2.4371E+00 
 2.9729E+00 
 4.9518E+00 
 8.6536E+00 
 1.1676E+01 
 1.3698E+01 
 1.4678E+01 
 1.4586E+01 
 1.3399E+01 
 1.1105E+01 
 7.6952E+00 
 3.8047E+00 
 1.9938E+00 
 1.4491E+00 
 1.1818E+00 
 9.8811E-01 
 8.6371E-01 
 8.0812E-01 
 8.0351E-01 
 8.2901E-01 
 8.7413E-01 
 9.3613E-01 
 1.0101E+00 
 1.0882E+00 
 1.1663E+00 
 1.2430E+00 
 1.3171E+00 
 1.3872E+00 
 1.4572E+00 
 1.5363E+00 
 1.6365E+00 
 1.7608E+00 
 1.9033E+00 
 2.0491E+00 
 2.1837E+00 
 2.2988E+00 
 2.3923E+00 
 2.4716E+00 
 2.5392E+00 
 2.5829E+00 
 2.5926E+00 
 2.5784E+00 
 2.5574E+00 
 2.5405E+00 
 2.5271E+00 
 2.5155E+00 
 1.5181E+00 
 6.0540E+00 
 6.6444E+00 
 6.4656E+00 
 6.5073E+00 
 6.8683E+00 
 7.9833E+00 
 1.0617E+01 
 1.7988E+01 
 3.1175E+01 
 3.1469E+01 
 1.7387E+01 
 8.2246E+00 
 4.8364E+00 
 3.3351E+00 
 2.4349E+00 
 1.8674E+00 
 1.5111E+00 
 1.2776E+00 
 1.1140E+00 
 9.9574E-01 
 9.1733E-01 
 8.7981E-01 
 8.7920E-01 
 9.0929E-01 
 9.6839E-01 
 1.0551E+00 
 1.1602E+00 
 1.2703E+00 
 1.3782E+00 
 1.4825E+00 
 1.5837E+00 
 1.6816E+00 
 1.7755E+00 
 1.8657E+00 
 1.9542E+00 
 2.0420E+00 
 2.1290E+00 
 2.2133E+00 
 2.2925E+00 
 2.3639E+00 
 2.4260E+00 
 2.4800E+00 
 2.5249E+00 
 2.5539E+00 
 2.5635E+00 
 2.5731E+00 
 2.6099E+00 
 2.6869E+00 
 2.7925E+00 
 2.9124E+00 


!ECH profile set to zero (no ECH)
POINTS 51 GRIDTYPE 14 NAMEXP CAR4 NTIMES 1 
 3.0000E-01 
  0.0000E+00 
  2.0000E-02 
  4.0000E-02 
  6.0000E-02 
  8.0000E-02 
  1.0000E-01 
  1.2000E-01 
  1.4000E-01 
  1.6000E-01 
  1.8000E-01 
  2.0000E-01 
  2.2000E-01 
  2.4000E-01 
  2.6000E-01 
  2.8000E-01 
  3.0000E-01 
  3.2000E-01 
  3.4000E-01 
  3.6000E-01 
  3.8000E-01 
  4.0000E-01 
  4.2000E-01 
  4.4000E-01 
  4.6000E-01 
  4.8000E-01 
  5.0000E-01 
  5.2000E-01 
  5.4000E-01 
  5.6000E-01 
  5.8000E-01 
  6.0000E-01 
  6.2000E-01 
  6.4000E-01 
  6.6000E-01 
  6.8000E-01 
  7.0000E-01 
  7.2000E-01 
  7.4000E-01 
  7.6000E-01 
  7.8000E-01 
  8.0000E-01 
  8.2000E-01 
  8.4000E-01 
  8.6000E-01 
  8.8000E-01 
  9.0000E-01 
  9.2000E-01 
  9.4000E-01 
  9.6000E-01 
  9.8000E-01 
  1.0000E+00 
  0.0000E+00 
 0.0000E+00 
 0.0000E+00 
 0.0000E+00 
 0.0000E+00 
 0.0000E+00 
 0.0000E+00 
 0.0000E+00 
 0.0000E+00 
 0.0000E+00 
 0.0000E+00 
 0.0000E+00 
 0.0000E+00 
 0.0000E+00 
 0.0000E+00 
 0.0000E+00 
 0.0000E+00 
 0.0000E+00 
 0.0000E+00 
 0.0000E+00 
 0.0000E+00 
 0.0000E+00 
 0.0000E+00 
 0.0000E+00 
 0.0000E+00 
 0.0000E+00 
 0.0000E+00 
 0.0000E+00 
 0.0000E+00 
 0.0000E+00 
 0.0000E+00 
 0.0000E+00 
 0.0000E+00 
 0.0000E+00 
 0.0000E+00 
 0.0000E+00 
 0.0000E+00 
 0.0000E+00 
 0.0000E+00 
 0.0000E+00 
 0.0000E+00 
 0.0000E+00 
 0.0000E+00 
 0.0000E+00 
 0.0000E+00 
 0.0000E+00 
 0.0000E+00 
 0.0000E+00 
 0.0000E+00 
 0.0000E+00 
 0.0000E+00 


!ECCD profile set to zero (no ECCD)
POINTS 51 GRIDTYPE 14 NAMEXP CAR6 NTIMES 1 
 3.0000E-01 
  0.0000E+00 
  2.0000E-02 
  4.0000E-02 
  6.0000E-02 
  8.0000E-02 
  1.0000E-01 
  1.2000E-01 
  1.4000E-01 
  1.6000E-01 
  1.8000E-01 
  2.0000E-01 
  2.2000E-01 
  2.4000E-01 
  2.6000E-01 
  2.8000E-01 
  3.0000E-01 
  3.2000E-01 
  3.4000E-01 
  3.6000E-01 
  3.8000E-01 
  4.0000E-01 
  4.2000E-01 
  4.4000E-01 
  4.6000E-01 
  4.8000E-01 
  5.0000E-01 
  5.2000E-01 
  5.4000E-01 
  5.6000E-01 
  5.8000E-01 
  6.0000E-01 
  6.2000E-01 
  6.4000E-01 
  6.6000E-01 
  6.8000E-01 
  7.0000E-01 
  7.2000E-01 
  7.4000E-01 
  7.6000E-01 
  7.8000E-01 
  8.0000E-01 
  8.2000E-01 
  8.4000E-01 
  8.6000E-01 
  8.8000E-01 
  9.0000E-01 
  9.2000E-01 
  9.4000E-01 
  9.6000E-01 
  9.8000E-01 
  1.0000E+00 
  -0.0000E+00 
 -0.0000E+00 
 -0.0000E+00 
 -0.0000E+00 
 -0.0000E+00 
 -0.0000E+00 
 -0.0000E+00 
 -0.0000E+00 
 -0.0000E+00 
 -0.0000E+00 
 -0.0000E+00 
 -0.0000E+00 
 -0.0000E+00 
 -0.0000E+00 
 -0.0000E+00 
 -0.0000E+00 
 -0.0000E+00 
 -0.0000E+00 
 -0.0000E+00 
 -0.0000E+00 
 -0.0000E+00 
 -0.0000E+00 
 -0.0000E+00 
 -0.0000E+00 
 -0.0000E+00 
 -0.0000E+00 
 -0.0000E+00 
 -0.0000E+00 
 -0.0000E+00 
 -0.0000E+00 
 -0.0000E+00 
 -0.0000E+00 
 -0.0000E+00 
 -0.0000E+00 
 -0.0000E+00 
 -0.0000E+00 
 -0.0000E+00 
 -0.0000E+00 
 -0.0000E+00 
 -0.0000E+00 
 -0.0000E+00 
 -0.0000E+00 
 -0.0000E+00 
 -0.0000E+00 
 -0.0000E+00 
 -0.0000E+00 
 -0.0000E+00 
 -0.0000E+00 
 -0.0000E+00 
 -0.0000E+00 
 -0.0000E+00 
END
