 -TCV- #37750 t0=0.5
 Param|Time  |  Value  |   Error
|-----|------|---------|--------
T_OFFSET          0.3000
TEND            0.8000
NB1             91.0000
AWALL           0.2800
AB              0.2600
RTOR            0.8800
ELONM           1.6000
TRICH           0.3000
ABC             0.2367
SHIFT           0.0100
ELONG           1.4358
TRIAN           0.3803
UPDWN           0.0000
ZMJ             1.0000
AMJ             2.0000
BTOR            1.4210
ZRD10           0.9800
ZRD30           37750.0000
ZRD6            0.1110
ZRD7            2.0000
ZRD8            0.0010
ZRD1            3.5000
ZRD3            0.3563
 

!Density boundary condition loading in time
NAMEXP ZRD2 NTIMES 1 
-2.0000E-01 
1.9650E-01 
 

!Ip from LIUQE [MA]
NAMEXP IPL NTIMES 1 
3.0000E-01 
2.5832E-01 


!Minor radius [m]
POINTS 51 GRIDTYPE 14 NAMEXP CAR9 NTIMES 1 
 0.0000E+00 
  0.0000E+00 
  2.0000E-02 
  4.0000E-02 
  6.0000E-02 
  8.0000E-02 
  1.0000E-01 
  1.2000E-01 
  1.4000E-01 
  1.6000E-01 
  1.8000E-01 
  2.0000E-01 
  2.2000E-01 
  2.4000E-01 
  2.6000E-01 
  2.8000E-01 
  3.0000E-01 
  3.2000E-01 
  3.4000E-01 
  3.6000E-01 
  3.8000E-01 
  4.0000E-01 
  4.2000E-01 
  4.4000E-01 
  4.6000E-01 
  4.8000E-01 
  5.0000E-01 
  5.2000E-01 
  5.4000E-01 
  5.6000E-01 
  5.8000E-01 
  6.0000E-01 
  6.2000E-01 
  6.4000E-01 
  6.6000E-01 
  6.8000E-01 
  7.0000E-01 
  7.2000E-01 
  7.4000E-01 
  7.6000E-01 
  7.8000E-01 
  8.0000E-01 
  8.2000E-01 
  8.4000E-01 
  8.6000E-01 
  8.8000E-01 
  9.0000E-01 
  9.2000E-01 
  9.4000E-01 
  9.6000E-01 
  9.8000E-01 
  1.0000E+00 
  0.0000E+00 
 5.2000E-03 
 1.0400E-02 
 1.5600E-02 
 2.0800E-02 
 2.6000E-02 
 3.1200E-02 
 3.6400E-02 
 4.1600E-02 
 4.6800E-02 
 5.2000E-02 
 5.7200E-02 
 6.2400E-02 
 6.7600E-02 
 7.2800E-02 
 7.8000E-02 
 8.3200E-02 
 8.8400E-02 
 9.3600E-02 
 9.8800E-02 
 1.0400E-01 
 1.0920E-01 
 1.1440E-01 
 1.1960E-01 
 1.2480E-01 
 1.3000E-01 
 1.3520E-01 
 1.4040E-01 
 1.4560E-01 
 1.5080E-01 
 1.5600E-01 
 1.6120E-01 
 1.6640E-01 
 1.7160E-01 
 1.7680E-01 
 1.8200E-01 
 1.8720E-01 
 1.9240E-01 
 1.9760E-01 
 2.0280E-01 
 2.0800E-01 
 2.1320E-01 
 2.1840E-01 
 2.2360E-01 
 2.2880E-01 
 2.3400E-01 
 2.3920E-01 
 2.4440E-01 
 2.4960E-01 
 2.5480E-01 
 2.6000E-01 


!initial mu from parabolic 1/q
POINTS 51 GRIDTYPE 14 NAMEXP MU NTIMES 1 
 0.0000E+00 
  0.0000E+00 
  2.0000E-02 
  4.0000E-02 
  6.0000E-02 
  8.0000E-02 
  1.0000E-01 
  1.2000E-01 
  1.4000E-01 
  1.6000E-01 
  1.8000E-01 
  2.0000E-01 
  2.2000E-01 
  2.4000E-01 
  2.6000E-01 
  2.8000E-01 
  3.0000E-01 
  3.2000E-01 
  3.4000E-01 
  3.6000E-01 
  3.8000E-01 
  4.0000E-01 
  4.2000E-01 
  4.4000E-01 
  4.6000E-01 
  4.8000E-01 
  5.0000E-01 
  5.2000E-01 
  5.4000E-01 
  5.6000E-01 
  5.8000E-01 
  6.0000E-01 
  6.2000E-01 
  6.4000E-01 
  6.6000E-01 
  6.8000E-01 
  7.0000E-01 
  7.2000E-01 
  7.4000E-01 
  7.6000E-01 
  7.8000E-01 
  8.0000E-01 
  8.2000E-01 
  8.4000E-01 
  8.6000E-01 
  8.8000E-01 
  9.0000E-01 
  9.2000E-01 
  9.4000E-01 
  9.6000E-01 
  9.8000E-01 
  1.0000E+00 
  5.0000E-01 
 4.9960E-01 
 4.9841E-01 
 4.9643E-01 
 4.9368E-01 
 4.9020E-01 
 4.8600E-01 
 4.8114E-01 
 4.7565E-01 
 4.6957E-01 
 4.6296E-01 
 4.5587E-01 
 4.4835E-01 
 4.4045E-01 
 4.3223E-01 
 4.2373E-01 
 4.1501E-01 
 4.0611E-01 
 3.9708E-01 
 3.8796E-01 
 3.7879E-01 
 3.6960E-01 
 3.6044E-01 
 3.5132E-01 
 3.4228E-01 
 3.3333E-01 
 3.2451E-01 
 3.1582E-01 
 3.0728E-01 
 2.9890E-01 
 2.9070E-01 
 2.8268E-01 
 2.7485E-01 
 2.6721E-01 
 2.5977E-01 
 2.5253E-01 
 2.4548E-01 
 2.3864E-01 
 2.3200E-01 
 2.2555E-01 
 2.1930E-01 
 2.1324E-01 
 2.0737E-01 
 2.0168E-01 
 1.9617E-01 
 1.9084E-01 
 1.8568E-01 
 1.8069E-01 
 1.7586E-01 
 1.7119E-01 
 1.6667E-01 


!ne from confinement nodes [1e19m^-3]
POINTS 51 GRIDTYPE 14 NAMEXP NE NTIMES 1 
 3.0030E-01 
  0.0000E+00 
  2.0000E-02 
  4.0000E-02 
  6.0000E-02 
  8.0000E-02 
  1.0000E-01 
  1.2000E-01 
  1.4000E-01 
  1.6000E-01 
  1.8000E-01 
  2.0000E-01 
  2.2000E-01 
  2.4000E-01 
  2.6000E-01 
  2.8000E-01 
  3.0000E-01 
  3.2000E-01 
  3.4000E-01 
  3.6000E-01 
  3.8000E-01 
  4.0000E-01 
  4.2000E-01 
  4.4000E-01 
  4.6000E-01 
  4.8000E-01 
  5.0000E-01 
  5.2000E-01 
  5.4000E-01 
  5.6000E-01 
  5.8000E-01 
  6.0000E-01 
  6.2000E-01 
  6.4000E-01 
  6.6000E-01 
  6.8000E-01 
  7.0000E-01 
  7.2000E-01 
  7.4000E-01 
  7.6000E-01 
  7.8000E-01 
  8.0000E-01 
  8.2000E-01 
  8.4000E-01 
  8.6000E-01 
  8.8000E-01 
  9.0000E-01 
  9.2000E-01 
  9.4000E-01 
  9.6000E-01 
  9.8000E-01 
  1.0000E+00 
  3.2021E+00 
 3.2019E+00 
 3.2014E+00 
 3.2006E+00 
 3.1999E+00 
 3.2011E+00 
 3.2060E+00 
 3.2166E+00 
 3.2338E+00 
 3.2538E+00 
 3.2706E+00 
 3.2791E+00 
 3.2777E+00 
 3.2716E+00 
 3.2668E+00 
 3.2680E+00 
 3.2742E+00 
 3.2791E+00 
 3.2769E+00 
 3.2640E+00 
 3.2405E+00 
 3.2076E+00 
 3.1661E+00 
 3.1165E+00 
 3.0589E+00 
 2.9932E+00 
 2.9207E+00 
 2.8438E+00 
 2.7652E+00 
 2.6869E+00 
 2.6098E+00 
 2.5330E+00 
 2.4557E+00 
 2.3775E+00 
 2.2984E+00 
 2.2186E+00 
 2.1385E+00 
 2.0586E+00 
 1.9799E+00 
 1.9034E+00 
 1.8296E+00 
 1.7588E+00 
 1.6909E+00 
 1.6260E+00 
 1.5638E+00 
 1.5042E+00 
 1.4477E+00 
 1.3954E+00 
 1.3478E+00 
 1.3036E+00 
 1.2611E+00 


!te from confinement nodes [keV]
POINTS 51 GRIDTYPE 14 NAMEXP TE NTIMES 1 
 3.0030E-01 
  0.0000E+00 
  2.0000E-02 
  4.0000E-02 
  6.0000E-02 
  8.0000E-02 
  1.0000E-01 
  1.2000E-01 
  1.4000E-01 
  1.6000E-01 
  1.8000E-01 
  2.0000E-01 
  2.2000E-01 
  2.4000E-01 
  2.6000E-01 
  2.8000E-01 
  3.0000E-01 
  3.2000E-01 
  3.4000E-01 
  3.6000E-01 
  3.8000E-01 
  4.0000E-01 
  4.2000E-01 
  4.4000E-01 
  4.6000E-01 
  4.8000E-01 
  5.0000E-01 
  5.2000E-01 
  5.4000E-01 
  5.6000E-01 
  5.8000E-01 
  6.0000E-01 
  6.2000E-01 
  6.4000E-01 
  6.6000E-01 
  6.8000E-01 
  7.0000E-01 
  7.2000E-01 
  7.4000E-01 
  7.6000E-01 
  7.8000E-01 
  8.0000E-01 
  8.2000E-01 
  8.4000E-01 
  8.6000E-01 
  8.8000E-01 
  9.0000E-01 
  9.2000E-01 
  9.4000E-01 
  9.6000E-01 
  9.8000E-01 
  1.0000E+00 
  9.5209E-01 
 9.5185E-01 
 9.5114E-01 
 9.4997E-01 
 9.4838E-01 
 9.4657E-01 
 9.4477E-01 
 9.4320E-01 
 9.4204E-01 
 9.4111E-01 
 9.3996E-01 
 9.3813E-01 
 9.3488E-01 
 9.2935E-01 
 9.2086E-01 
 9.0877E-01 
 8.9270E-01 
 8.7260E-01 
 8.4850E-01 
 8.2065E-01 
 7.8971E-01 
 7.5641E-01 
 7.2141E-01 
 6.8541E-01 
 6.4910E-01 
 6.1312E-01 
 5.7790E-01 
 5.4355E-01 
 5.1001E-01 
 4.7726E-01 
 4.4535E-01 
 4.1440E-01 
 3.8455E-01 
 3.5589E-01 
 3.2856E-01 
 3.0267E-01 
 2.7832E-01 
 2.5549E-01 
 2.3418E-01 
 2.1430E-01 
 1.9576E-01 
 1.7840E-01 
 1.6209E-01 
 1.4671E-01 
 1.3214E-01 
 1.1825E-01 
 1.0512E-01 
 9.2963E-02 
 8.1907E-02 
 7.1640E-02 
 6.1769E-02 


!ti from confinement nodes [keV]
POINTS 51 GRIDTYPE 14 NAMEXP TI NTIMES 1 
 3.0030E-01 
  0.0000E+00 
  2.0000E-02 
  4.0000E-02 
  6.0000E-02 
  8.0000E-02 
  1.0000E-01 
  1.2000E-01 
  1.4000E-01 
  1.6000E-01 
  1.8000E-01 
  2.0000E-01 
  2.2000E-01 
  2.4000E-01 
  2.6000E-01 
  2.8000E-01 
  3.0000E-01 
  3.2000E-01 
  3.4000E-01 
  3.6000E-01 
  3.8000E-01 
  4.0000E-01 
  4.2000E-01 
  4.4000E-01 
  4.6000E-01 
  4.8000E-01 
  5.0000E-01 
  5.2000E-01 
  5.4000E-01 
  5.6000E-01 
  5.8000E-01 
  6.0000E-01 
  6.2000E-01 
  6.4000E-01 
  6.6000E-01 
  6.8000E-01 
  7.0000E-01 
  7.2000E-01 
  7.4000E-01 
  7.6000E-01 
  7.8000E-01 
  8.0000E-01 
  8.2000E-01 
  8.4000E-01 
  8.6000E-01 
  8.8000E-01 
  9.0000E-01 
  9.2000E-01 
  9.4000E-01 
  9.6000E-01 
  9.8000E-01 
  1.0000E+00 
  4.0020E-01 
 4.0010E-01 
 3.9981E-01 
 3.9931E-01 
 3.9864E-01 
 3.9788E-01 
 3.9713E-01 
 3.9647E-01 
 3.9598E-01 
 3.9559E-01 
 3.9511E-01 
 3.9434E-01 
 3.9297E-01 
 3.9065E-01 
 3.8708E-01 
 3.8199E-01 
 3.7524E-01 
 3.6679E-01 
 3.5666E-01 
 3.4495E-01 
 3.3195E-01 
 3.1795E-01 
 3.0324E-01 
 2.8811E-01 
 2.7284E-01 
 2.5772E-01 
 2.4292E-01 
 2.2848E-01 
 2.1438E-01 
 2.0061E-01 
 1.8720E-01 
 1.7419E-01 
 1.6164E-01 
 1.4960E-01 
 1.3811E-01 
 1.2723E-01 
 1.1699E-01 
 1.0740E-01 
 9.8435E-02 
 9.0081E-02 
 8.2286E-02 
 7.4990E-02 
 6.8135E-02 
 6.1670E-02 
 5.5544E-02 
 4.9706E-02 
 4.4185E-02 
 3.9076E-02 
 3.4429E-02 
 3.0114E-02 
 2.5964E-02 


!chie from confinement nodes
POINTS 51 GRIDTYPE 14 NAMEXP CAR5 NTIMES 1 
 3.0030E-01 
  0.0000E+00 
  2.0000E-02 
  4.0000E-02 
  6.0000E-02 
  8.0000E-02 
  1.0000E-01 
  1.2000E-01 
  1.4000E-01 
  1.6000E-01 
  1.8000E-01 
  2.0000E-01 
  2.2000E-01 
  2.4000E-01 
  2.6000E-01 
  2.8000E-01 
  3.0000E-01 
  3.2000E-01 
  3.4000E-01 
  3.6000E-01 
  3.8000E-01 
  4.0000E-01 
  4.2000E-01 
  4.4000E-01 
  4.6000E-01 
  4.8000E-01 
  5.0000E-01 
  5.2000E-01 
  5.4000E-01 
  5.6000E-01 
  5.8000E-01 
  6.0000E-01 
  6.2000E-01 
  6.4000E-01 
  6.6000E-01 
  6.8000E-01 
  7.0000E-01 
  7.2000E-01 
  7.4000E-01 
  7.6000E-01 
  7.8000E-01 
  8.0000E-01 
  8.2000E-01 
  8.4000E-01 
  8.6000E-01 
  8.8000E-01 
  9.0000E-01 
  9.2000E-01 
  9.4000E-01 
  9.6000E-01 
  9.8000E-01 
  1.0000E+00 
  8.7711E-01 
 3.4205E+00 
 3.8143E+00 
 3.7022E+00 
 3.9478E+00 
 4.5853E+00 
 5.8519E+00 
 8.7827E+00 
 1.3177E+01 
 1.4517E+01 
 1.1308E+01 
 7.1472E+00 
 4.2515E+00 
 2.7402E+00 
 1.9589E+00 
 1.4949E+00 
 1.2035E+00 
 1.0143E+00 
 8.8616E-01 
 8.0270E-01 
 7.5267E-01 
 7.2489E-01 
 7.1317E-01 
 7.1571E-01 
 7.3186E-01 
 7.5953E-01 
 7.9399E-01 
 8.3048E-01 
 8.6686E-01 
 9.0406E-01 
 9.4414E-01 
 9.8890E-01 
 1.0399E+00 
 1.0988E+00 
 1.1677E+00 
 1.2479E+00 
 1.3398E+00 
 1.4424E+00 
 1.5535E+00 
 1.6696E+00 
 1.7857E+00 
 1.8959E+00 
 1.9967E+00 
 2.0860E+00 
 2.1596E+00 
 2.2130E+00 
 2.2588E+00 
 2.3254E+00 
 2.4328E+00 
 2.5717E+00 
 2.7262E+00 


!ECH profile set to zero (no ECH)
POINTS 51 GRIDTYPE 14 NAMEXP CAR4 NTIMES 1 
 3.0000E-01 
  0.0000E+00 
  2.0000E-02 
  4.0000E-02 
  6.0000E-02 
  8.0000E-02 
  1.0000E-01 
  1.2000E-01 
  1.4000E-01 
  1.6000E-01 
  1.8000E-01 
  2.0000E-01 
  2.2000E-01 
  2.4000E-01 
  2.6000E-01 
  2.8000E-01 
  3.0000E-01 
  3.2000E-01 
  3.4000E-01 
  3.6000E-01 
  3.8000E-01 
  4.0000E-01 
  4.2000E-01 
  4.4000E-01 
  4.6000E-01 
  4.8000E-01 
  5.0000E-01 
  5.2000E-01 
  5.4000E-01 
  5.6000E-01 
  5.8000E-01 
  6.0000E-01 
  6.2000E-01 
  6.4000E-01 
  6.6000E-01 
  6.8000E-01 
  7.0000E-01 
  7.2000E-01 
  7.4000E-01 
  7.6000E-01 
  7.8000E-01 
  8.0000E-01 
  8.2000E-01 
  8.4000E-01 
  8.6000E-01 
  8.8000E-01 
  9.0000E-01 
  9.2000E-01 
  9.4000E-01 
  9.6000E-01 
  9.8000E-01 
  1.0000E+00 
  0.0000E+00 
 0.0000E+00 
 0.0000E+00 
 0.0000E+00 
 0.0000E+00 
 0.0000E+00 
 0.0000E+00 
 0.0000E+00 
 0.0000E+00 
 0.0000E+00 
 0.0000E+00 
 0.0000E+00 
 0.0000E+00 
 0.0000E+00 
 0.0000E+00 
 0.0000E+00 
 0.0000E+00 
 0.0000E+00 
 0.0000E+00 
 0.0000E+00 
 0.0000E+00 
 0.0000E+00 
 0.0000E+00 
 0.0000E+00 
 0.0000E+00 
 0.0000E+00 
 0.0000E+00 
 0.0000E+00 
 0.0000E+00 
 0.0000E+00 
 0.0000E+00 
 0.0000E+00 
 0.0000E+00 
 0.0000E+00 
 0.0000E+00 
 0.0000E+00 
 0.0000E+00 
 0.0000E+00 
 0.0000E+00 
 0.0000E+00 
 0.0000E+00 
 0.0000E+00 
 0.0000E+00 
 0.0000E+00 
 0.0000E+00 
 0.0000E+00 
 0.0000E+00 
 0.0000E+00 
 0.0000E+00 
 0.0000E+00 
 0.0000E+00 


!ECCD profile set to zero (no ECCD)
POINTS 51 GRIDTYPE 14 NAMEXP CAR6 NTIMES 1 
 3.0000E-01 
  0.0000E+00 
  2.0000E-02 
  4.0000E-02 
  6.0000E-02 
  8.0000E-02 
  1.0000E-01 
  1.2000E-01 
  1.4000E-01 
  1.6000E-01 
  1.8000E-01 
  2.0000E-01 
  2.2000E-01 
  2.4000E-01 
  2.6000E-01 
  2.8000E-01 
  3.0000E-01 
  3.2000E-01 
  3.4000E-01 
  3.6000E-01 
  3.8000E-01 
  4.0000E-01 
  4.2000E-01 
  4.4000E-01 
  4.6000E-01 
  4.8000E-01 
  5.0000E-01 
  5.2000E-01 
  5.4000E-01 
  5.6000E-01 
  5.8000E-01 
  6.0000E-01 
  6.2000E-01 
  6.4000E-01 
  6.6000E-01 
  6.8000E-01 
  7.0000E-01 
  7.2000E-01 
  7.4000E-01 
  7.6000E-01 
  7.8000E-01 
  8.0000E-01 
  8.2000E-01 
  8.4000E-01 
  8.6000E-01 
  8.8000E-01 
  9.0000E-01 
  9.2000E-01 
  9.4000E-01 
  9.6000E-01 
  9.8000E-01 
  1.0000E+00 
  0.0000E+00 
 0.0000E+00 
 0.0000E+00 
 0.0000E+00 
 0.0000E+00 
 0.0000E+00 
 0.0000E+00 
 0.0000E+00 
 0.0000E+00 
 0.0000E+00 
 0.0000E+00 
 0.0000E+00 
 0.0000E+00 
 0.0000E+00 
 0.0000E+00 
 0.0000E+00 
 0.0000E+00 
 0.0000E+00 
 0.0000E+00 
 0.0000E+00 
 0.0000E+00 
 0.0000E+00 
 0.0000E+00 
 0.0000E+00 
 0.0000E+00 
 0.0000E+00 
 0.0000E+00 
 0.0000E+00 
 0.0000E+00 
 0.0000E+00 
 0.0000E+00 
 0.0000E+00 
 0.0000E+00 
 0.0000E+00 
 0.0000E+00 
 0.0000E+00 
 0.0000E+00 
 0.0000E+00 
 0.0000E+00 
 0.0000E+00 
 0.0000E+00 
 0.0000E+00 
 0.0000E+00 
 0.0000E+00 
 0.0000E+00 
 0.0000E+00 
 0.0000E+00 
 0.0000E+00 
 0.0000E+00 
 0.0000E+00 
 0.0000E+00 
END