 -TCV- #37764 t0=0.5
 Param|Time  |  Value  |   Error
|-----|------|---------|--------
T_OFFSET          0.3000
TEND            0.8600
NB1             91.0000
AWALL           0.2800
AB              0.2600
RTOR            0.8800
ELONM           1.6000
TRICH           0.3000
ABC             0.2352
SHIFT           0.0100
ELONG           1.4289
TRIAN           0.3815
UPDWN           0.0000
ZMJ             1.0000
AMJ             2.0000
BTOR            1.4219
ZRD10           0.9800
ZRD30           37764.0000
ZRD6            0.1110
ZRD7            2.0000
ZRD8            0.0010
ZRD1            3.5000
ZRD3            0.3563
 

!Density boundary condition loading in time
NAMEXP ZRD2 NTIMES 1 
-2.0000E-01 
1.9650E-01 
 

!Ip from LIUQE [MA]
NAMEXP IPL NTIMES 4 
3.0000E-01 
3.1700E-01 
3.3400E-01 
3.5000E-01 
2.5503E-01 
2.5482E-01 
2.5453E-01 
2.5387E-01 


!Minor radius [m]
POINTS 51 GRIDTYPE 14 NAMEXP CAR9 NTIMES 1 
 0.0000E+00 
  0.0000E+00 
  2.0000E-02 
  4.0000E-02 
  6.0000E-02 
  8.0000E-02 
  1.0000E-01 
  1.2000E-01 
  1.4000E-01 
  1.6000E-01 
  1.8000E-01 
  2.0000E-01 
  2.2000E-01 
  2.4000E-01 
  2.6000E-01 
  2.8000E-01 
  3.0000E-01 
  3.2000E-01 
  3.4000E-01 
  3.6000E-01 
  3.8000E-01 
  4.0000E-01 
  4.2000E-01 
  4.4000E-01 
  4.6000E-01 
  4.8000E-01 
  5.0000E-01 
  5.2000E-01 
  5.4000E-01 
  5.6000E-01 
  5.8000E-01 
  6.0000E-01 
  6.2000E-01 
  6.4000E-01 
  6.6000E-01 
  6.8000E-01 
  7.0000E-01 
  7.2000E-01 
  7.4000E-01 
  7.6000E-01 
  7.8000E-01 
  8.0000E-01 
  8.2000E-01 
  8.4000E-01 
  8.6000E-01 
  8.8000E-01 
  9.0000E-01 
  9.2000E-01 
  9.4000E-01 
  9.6000E-01 
  9.8000E-01 
  1.0000E+00 
  0.0000E+00 
 5.2000E-03 
 1.0400E-02 
 1.5600E-02 
 2.0800E-02 
 2.6000E-02 
 3.1200E-02 
 3.6400E-02 
 4.1600E-02 
 4.6800E-02 
 5.2000E-02 
 5.7200E-02 
 6.2400E-02 
 6.7600E-02 
 7.2800E-02 
 7.8000E-02 
 8.3200E-02 
 8.8400E-02 
 9.3600E-02 
 9.8800E-02 
 1.0400E-01 
 1.0920E-01 
 1.1440E-01 
 1.1960E-01 
 1.2480E-01 
 1.3000E-01 
 1.3520E-01 
 1.4040E-01 
 1.4560E-01 
 1.5080E-01 
 1.5600E-01 
 1.6120E-01 
 1.6640E-01 
 1.7160E-01 
 1.7680E-01 
 1.8200E-01 
 1.8720E-01 
 1.9240E-01 
 1.9760E-01 
 2.0280E-01 
 2.0800E-01 
 2.1320E-01 
 2.1840E-01 
 2.2360E-01 
 2.2880E-01 
 2.3400E-01 
 2.3920E-01 
 2.4440E-01 
 2.4960E-01 
 2.5480E-01 
 2.6000E-01 


!initial mu from parabolic 1/q
POINTS 51 GRIDTYPE 14 NAMEXP MU NTIMES 1 
 0.0000E+00 
  0.0000E+00 
  2.0000E-02 
  4.0000E-02 
  6.0000E-02 
  8.0000E-02 
  1.0000E-01 
  1.2000E-01 
  1.4000E-01 
  1.6000E-01 
  1.8000E-01 
  2.0000E-01 
  2.2000E-01 
  2.4000E-01 
  2.6000E-01 
  2.8000E-01 
  3.0000E-01 
  3.2000E-01 
  3.4000E-01 
  3.6000E-01 
  3.8000E-01 
  4.0000E-01 
  4.2000E-01 
  4.4000E-01 
  4.6000E-01 
  4.8000E-01 
  5.0000E-01 
  5.2000E-01 
  5.4000E-01 
  5.6000E-01 
  5.8000E-01 
  6.0000E-01 
  6.2000E-01 
  6.4000E-01 
  6.6000E-01 
  6.8000E-01 
  7.0000E-01 
  7.2000E-01 
  7.4000E-01 
  7.6000E-01 
  7.8000E-01 
  8.0000E-01 
  8.2000E-01 
  8.4000E-01 
  8.6000E-01 
  8.8000E-01 
  9.0000E-01 
  9.2000E-01 
  9.4000E-01 
  9.6000E-01 
  9.8000E-01 
  1.0000E+00 
  5.0000E-01 
 4.9960E-01 
 4.9841E-01 
 4.9643E-01 
 4.9368E-01 
 4.9020E-01 
 4.8600E-01 
 4.8114E-01 
 4.7565E-01 
 4.6957E-01 
 4.6296E-01 
 4.5587E-01 
 4.4835E-01 
 4.4045E-01 
 4.3223E-01 
 4.2373E-01 
 4.1501E-01 
 4.0611E-01 
 3.9708E-01 
 3.8796E-01 
 3.7879E-01 
 3.6960E-01 
 3.6044E-01 
 3.5132E-01 
 3.4228E-01 
 3.3333E-01 
 3.2451E-01 
 3.1582E-01 
 3.0728E-01 
 2.9890E-01 
 2.9070E-01 
 2.8268E-01 
 2.7485E-01 
 2.6721E-01 
 2.5977E-01 
 2.5253E-01 
 2.4548E-01 
 2.3864E-01 
 2.3200E-01 
 2.2555E-01 
 2.1930E-01 
 2.1324E-01 
 2.0737E-01 
 2.0168E-01 
 1.9617E-01 
 1.9084E-01 
 1.8568E-01 
 1.8069E-01 
 1.7586E-01 
 1.7119E-01 
 1.6667E-01 


!ne from confinement nodes [1e19m^-3]
POINTS 51 GRIDTYPE 14 NAMEXP NE NTIMES 4 
 3.0030E-01 
  3.1730E-01 
  3.3430E-01 
  3.5030E-01 
  0.0000E+00 
  2.0000E-02 
  4.0000E-02 
  6.0000E-02 
  8.0000E-02 
  1.0000E-01 
  1.2000E-01 
  1.4000E-01 
  1.6000E-01 
  1.8000E-01 
  2.0000E-01 
  2.2000E-01 
  2.4000E-01 
  2.6000E-01 
  2.8000E-01 
  3.0000E-01 
  3.2000E-01 
  3.4000E-01 
  3.6000E-01 
  3.8000E-01 
  4.0000E-01 
  4.2000E-01 
  4.4000E-01 
  4.6000E-01 
  4.8000E-01 
  5.0000E-01 
  5.2000E-01 
  5.4000E-01 
  5.6000E-01 
  5.8000E-01 
  6.0000E-01 
  6.2000E-01 
  6.4000E-01 
  6.6000E-01 
  6.8000E-01 
  7.0000E-01 
  7.2000E-01 
  7.4000E-01 
  7.6000E-01 
  7.8000E-01 
  8.0000E-01 
  8.2000E-01 
  8.4000E-01 
  8.6000E-01 
  8.8000E-01 
  9.0000E-01 
  9.2000E-01 
  9.4000E-01 
  9.6000E-01 
  9.8000E-01 
  1.0000E+00 
  5.3472E+00 
 5.3523E+00 
 5.3673E+00 
 5.3924E+00 
 5.4265E+00 
 5.4682E+00 
 5.5155E+00 
 5.5671E+00 
 5.6155E+00 
 5.6491E+00 
 5.6654E+00 
 5.6629E+00 
 5.6436E+00 
 5.6214E+00 
 5.6120E+00 
 5.6269E+00 
 5.6621E+00 
 5.7018E+00 
 5.7310E+00 
 5.7381E+00 
 5.7228E+00 
 5.6915E+00 
 5.6494E+00 
 5.5986E+00 
 5.5368E+00 
 5.4616E+00 
 5.3712E+00 
 5.2663E+00 
 5.1504E+00 
 5.0269E+00 
 4.8976E+00 
 4.7625E+00 
 4.6207E+00 
 4.4717E+00 
 4.3165E+00 
 4.1567E+00 
 3.9941E+00 
 3.8303E+00 
 3.6669E+00 
 3.5055E+00 
 3.3474E+00 
 3.1936E+00 
 3.0450E+00 
 2.9023E+00 
 2.7657E+00 
 2.6347E+00 
 2.5105E+00 
 2.3953E+00 
 2.2905E+00 
 2.1933E+00 
 2.1000E+00 
 5.4019E+00 
 5.4061E+00 
 5.4187E+00 
 5.4396E+00 
 5.4683E+00 
 5.5036E+00 
 5.5443E+00 
 5.5895E+00 
 5.6331E+00 
 5.6640E+00 
 5.6784E+00 
 5.6734E+00 
 5.6502E+00 
 5.6237E+00 
 5.6126E+00 
 5.6293E+00 
 5.6667E+00 
 5.7059E+00 
 5.7301E+00 
 5.7264E+00 
 5.6958E+00 
 5.6489E+00 
 5.5945E+00 
 5.5366E+00 
 5.4723E+00 
 5.3980E+00 
 5.3106E+00 
 5.2097E+00 
 5.0990E+00 
 4.9822E+00 
 4.8613E+00 
 4.7352E+00 
 4.6014E+00 
 4.4586E+00 
 4.3074E+00 
 4.1495E+00 
 3.9871E+00 
 3.8222E+00 
 3.6568E+00 
 3.4929E+00 
 3.3321E+00 
 3.1757E+00 
 3.0246E+00 
 2.8795E+00 
 2.7406E+00 
 2.6075E+00 
 2.4811E+00 
 2.3640E+00 
 2.2574E+00 
 2.1586E+00 
 2.0637E+00 
 5.4673E+00 
 5.4717E+00 
 5.4846E+00 
 5.5060E+00 
 5.5344E+00 
 5.5666E+00 
 5.5991E+00 
 5.6293E+00 
 5.6457E+00 
 5.6311E+00 
 5.5809E+00 
 5.4913E+00 
 5.3717E+00 
 5.2662E+00 
 5.2269E+00 
 5.2770E+00 
 5.3825E+00 
 5.5015E+00 
 5.5989E+00 
 5.6487E+00 
 5.6516E+00 
 5.6253E+00 
 5.5834E+00 
 5.5336E+00 
 5.4741E+00 
 5.4030E+00 
 5.3186E+00 
 5.2226E+00 
 5.1196E+00 
 5.0141E+00 
 4.9072E+00 
 4.7951E+00 
 4.6728E+00 
 4.5369E+00 
 4.3880E+00 
 4.2285E+00 
 4.0618E+00 
 3.8907E+00 
 3.7180E+00 
 3.5469E+00 
 3.3795E+00 
 3.2175E+00 
 3.0617E+00 
 2.9123E+00 
 2.7693E+00 
 2.6322E+00 
 2.5023E+00 
 2.3820E+00 
 2.2725E+00 
 2.1709E+00 
 2.0732E+00 
 5.5662E+00 
 5.5671E+00 
 5.5701E+00 
 5.5749E+00 
 5.5807E+00 
 5.5859E+00 
 5.5885E+00 
 5.5870E+00 
 5.5780E+00 
 5.5586E+00 
 5.5303E+00 
 5.4945E+00 
 5.4559E+00 
 5.4282E+00 
 5.4266E+00 
 5.4586E+00 
 5.5128E+00 
 5.5714E+00 
 5.6189E+00 
 5.6434E+00 
 5.6439E+00 
 5.6258E+00 
 5.5933E+00 
 5.5490E+00 
 5.4924E+00 
 5.4233E+00 
 5.3414E+00 
 5.2474E+00 
 5.1430E+00 
 5.0298E+00 
 4.9086E+00 
 4.7790E+00 
 4.6402E+00 
 4.4921E+00 
 4.3356E+00 
 4.1727E+00 
 4.0054E+00 
 3.8356E+00 
 3.6650E+00 
 3.4958E+00 
 3.3294E+00 
 3.1672E+00 
 3.0103E+00 
 2.8596E+00 
 2.7152E+00 
 2.5769E+00 
 2.4457E+00 
 2.3243E+00 
 2.2138E+00 
 2.1112E+00 
 2.0126E+00 


!te from confinement nodes [keV]
POINTS 51 GRIDTYPE 14 NAMEXP TE NTIMES 4 
 3.0030E-01 
  3.1730E-01 
  3.3430E-01 
  3.5030E-01 
  0.0000E+00 
  2.0000E-02 
  4.0000E-02 
  6.0000E-02 
  8.0000E-02 
  1.0000E-01 
  1.2000E-01 
  1.4000E-01 
  1.6000E-01 
  1.8000E-01 
  2.0000E-01 
  2.2000E-01 
  2.4000E-01 
  2.6000E-01 
  2.8000E-01 
  3.0000E-01 
  3.2000E-01 
  3.4000E-01 
  3.6000E-01 
  3.8000E-01 
  4.0000E-01 
  4.2000E-01 
  4.4000E-01 
  4.6000E-01 
  4.8000E-01 
  5.0000E-01 
  5.2000E-01 
  5.4000E-01 
  5.6000E-01 
  5.8000E-01 
  6.0000E-01 
  6.2000E-01 
  6.4000E-01 
  6.6000E-01 
  6.8000E-01 
  7.0000E-01 
  7.2000E-01 
  7.4000E-01 
  7.6000E-01 
  7.8000E-01 
  8.0000E-01 
  8.2000E-01 
  8.4000E-01 
  8.6000E-01 
  8.8000E-01 
  9.0000E-01 
  9.2000E-01 
  9.4000E-01 
  9.6000E-01 
  9.8000E-01 
  1.0000E+00 
  6.3911E-01 
 6.3832E-01 
 6.3599E-01 
 6.3212E-01 
 6.2705E-01 
 6.2149E-01 
 6.1614E-01 
 6.1169E-01 
 6.0880E-01 
 6.0767E-01 
 6.0809E-01 
 6.0984E-01 
 6.1238E-01 
 6.1444E-01 
 6.1470E-01 
 6.1205E-01 
 6.0592E-01 
 5.9625E-01 
 5.8301E-01 
 5.6629E-01 
 5.4669E-01 
 5.2505E-01 
 5.0212E-01 
 4.7858E-01 
 4.5500E-01 
 4.3189E-01 
 4.0965E-01 
 3.8831E-01 
 3.6754E-01 
 3.4702E-01 
 3.2657E-01 
 3.0618E-01 
 2.8588E-01 
 2.6571E-01 
 2.4577E-01 
 2.2624E-01 
 2.0729E-01 
 1.8903E-01 
 1.7156E-01 
 1.5494E-01 
 1.3918E-01 
 1.2426E-01 
 1.1012E-01 
 9.6650E-02 
 8.3791E-02 
 7.1473E-02 
 5.9776E-02 
 4.8931E-02 
 3.9069E-02 
 2.9923E-02 
 2.1136E-02 
 6.6074E-01 
 6.5993E-01 
 6.5751E-01 
 6.5352E-01 
 6.4826E-01 
 6.4243E-01 
 6.3675E-01 
 6.3189E-01 
 6.2854E-01 
 6.2698E-01 
 6.2709E-01 
 6.2871E-01 
 6.3126E-01 
 6.3326E-01 
 6.3327E-01 
 6.3000E-01 
 6.2273E-01 
 6.1146E-01 
 5.9623E-01 
 5.7725E-01 
 5.5517E-01 
 5.3099E-01 
 5.0559E-01 
 4.7974E-01 
 4.5409E-01 
 4.2921E-01 
 4.0556E-01 
 3.8319E-01 
 3.6171E-01 
 3.4079E-01 
 3.2021E-01 
 2.9991E-01 
 2.7992E-01 
 2.6023E-01 
 2.4093E-01 
 2.2211E-01 
 2.0389E-01 
 1.8636E-01 
 1.6959E-01 
 1.5363E-01 
 1.3849E-01 
 1.2415E-01 
 1.1055E-01 
 9.7599E-02 
 8.5235E-02 
 7.3392E-02 
 6.2146E-02 
 5.1719E-02 
 4.2237E-02 
 3.3444E-02 
 2.4995E-02 
 6.5511E-01 
 6.5480E-01 
 6.5385E-01 
 6.5228E-01 
 6.5026E-01 
 6.4814E-01 
 6.4630E-01 
 6.4509E-01 
 6.4480E-01 
 6.4525E-01 
 6.4586E-01 
 6.4605E-01 
 6.4525E-01 
 6.4279E-01 
 6.3806E-01 
 6.3052E-01 
 6.1995E-01 
 6.0635E-01 
 5.8974E-01 
 5.7026E-01 
 5.4842E-01 
 5.2499E-01 
 5.0061E-01 
 4.7586E-01 
 4.5120E-01 
 4.2703E-01 
 4.0369E-01 
 3.8120E-01 
 3.5935E-01 
 3.3793E-01 
 3.1684E-01 
 2.9609E-01 
 2.7571E-01 
 2.5572E-01 
 2.3621E-01 
 2.1727E-01 
 1.9899E-01 
 1.8144E-01 
 1.6467E-01 
 1.4869E-01 
 1.3350E-01 
 1.1908E-01 
 1.0536E-01 
 9.2296E-02 
 7.9817E-02 
 6.7866E-02 
 5.6528E-02 
 4.6026E-02 
 3.6473E-02 
 2.7605E-02 
 1.9081E-02 
 6.6104E-01 
 6.6085E-01 
 6.6026E-01 
 6.5929E-01 
 6.5802E-01 
 6.5665E-01 
 6.5535E-01 
 6.5433E-01 
 6.5372E-01 
 6.5333E-01 
 6.5269E-01 
 6.5134E-01 
 6.4883E-01 
 6.4470E-01 
 6.3851E-01 
 6.2988E-01 
 6.1864E-01 
 6.0470E-01 
 5.8801E-01 
 5.6863E-01 
 5.4702E-01 
 5.2383E-01 
 4.9965E-01 
 4.7501E-01 
 4.5033E-01 
 4.2599E-01 
 4.0232E-01 
 3.7939E-01 
 3.5708E-01 
 3.3529E-01 
 3.1394E-01 
 2.9306E-01 
 2.7267E-01 
 2.5280E-01 
 2.3348E-01 
 2.1477E-01 
 1.9669E-01 
 1.7927E-01 
 1.6256E-01 
 1.4656E-01 
 1.3129E-01 
 1.1673E-01 
 1.0285E-01 
 8.9602E-02 
 7.6945E-02 
 6.4822E-02 
 5.3322E-02 
 4.2670E-02 
 3.2980E-02 
 2.3986E-02 
 1.5340E-02 


!ti from confinement nodes [keV]
POINTS 51 GRIDTYPE 14 NAMEXP TI NTIMES 4 
 3.0030E-01 
  3.1730E-01 
  3.3430E-01 
  3.5030E-01 
  0.0000E+00 
  2.0000E-02 
  4.0000E-02 
  6.0000E-02 
  8.0000E-02 
  1.0000E-01 
  1.2000E-01 
  1.4000E-01 
  1.6000E-01 
  1.8000E-01 
  2.0000E-01 
  2.2000E-01 
  2.4000E-01 
  2.6000E-01 
  2.8000E-01 
  3.0000E-01 
  3.2000E-01 
  3.4000E-01 
  3.6000E-01 
  3.8000E-01 
  4.0000E-01 
  4.2000E-01 
  4.4000E-01 
  4.6000E-01 
  4.8000E-01 
  5.0000E-01 
  5.2000E-01 
  5.4000E-01 
  5.6000E-01 
  5.8000E-01 
  6.0000E-01 
  6.2000E-01 
  6.4000E-01 
  6.6000E-01 
  6.8000E-01 
  7.0000E-01 
  7.2000E-01 
  7.4000E-01 
  7.6000E-01 
  7.8000E-01 
  8.0000E-01 
  8.2000E-01 
  8.4000E-01 
  8.6000E-01 
  8.8000E-01 
  9.0000E-01 
  9.2000E-01 
  9.4000E-01 
  9.6000E-01 
  9.8000E-01 
  1.0000E+00 
  5.1564E-01 
 5.1501E-01 
 5.1313E-01 
 5.1001E-01 
 5.0592E-01 
 5.0143E-01 
 4.9711E-01 
 4.9352E-01 
 4.9119E-01 
 4.9028E-01 
 4.9062E-01 
 4.9203E-01 
 4.9408E-01 
 4.9574E-01 
 4.9595E-01 
 4.9381E-01 
 4.8887E-01 
 4.8107E-01 
 4.7038E-01 
 4.5690E-01 
 4.4108E-01 
 4.2362E-01 
 4.0512E-01 
 3.8613E-01 
 3.6711E-01 
 3.4845E-01 
 3.3051E-01 
 3.1330E-01 
 2.9654E-01 
 2.7998E-01 
 2.6349E-01 
 2.4703E-01 
 2.3066E-01 
 2.1438E-01 
 1.9829E-01 
 1.8254E-01 
 1.6724E-01 
 1.5251E-01 
 1.3842E-01 
 1.2501E-01 
 1.1230E-01 
 1.0026E-01 
 8.8844E-02 
 7.7980E-02 
 6.7604E-02 
 5.7666E-02 
 4.8229E-02 
 3.9479E-02 
 3.1522E-02 
 2.4143E-02 
 1.7053E-02 
 5.2487E-01 
 5.2423E-01 
 5.2231E-01 
 5.1914E-01 
 5.1496E-01 
 5.1033E-01 
 5.0582E-01 
 5.0196E-01 
 4.9929E-01 
 4.9805E-01 
 4.9814E-01 
 4.9943E-01 
 5.0145E-01 
 5.0305E-01 
 5.0305E-01 
 5.0045E-01 
 4.9468E-01 
 4.8572E-01 
 4.7363E-01 
 4.5855E-01 
 4.4101E-01 
 4.2181E-01 
 4.0163E-01 
 3.8109E-01 
 3.6071E-01 
 3.4095E-01 
 3.2217E-01 
 3.0439E-01 
 2.8733E-01 
 2.7071E-01 
 2.5437E-01 
 2.3824E-01 
 2.2236E-01 
 2.0672E-01 
 1.9138E-01 
 1.7644E-01 
 1.6197E-01 
 1.4804E-01 
 1.3472E-01 
 1.2204E-01 
 1.1001E-01 
 9.8619E-02 
 8.7814E-02 
 7.7530E-02 
 6.7709E-02 
 5.8301E-02 
 4.9367E-02 
 4.1084E-02 
 3.3552E-02 
 2.6567E-02 
 1.9855E-02 
 5.2838E-01 
 5.2812E-01 
 5.2736E-01 
 5.2609E-01 
 5.2446E-01 
 5.2276E-01 
 5.2128E-01 
 5.2029E-01 
 5.2006E-01 
 5.2043E-01 
 5.2092E-01 
 5.2107E-01 
 5.2042E-01 
 5.1844E-01 
 5.1462E-01 
 5.0855E-01 
 5.0002E-01 
 4.8905E-01 
 4.7565E-01 
 4.5994E-01 
 4.4233E-01 
 4.2343E-01 
 4.0377E-01 
 3.8380E-01 
 3.6391E-01 
 3.4442E-01 
 3.2560E-01 
 3.0746E-01 
 2.8983E-01 
 2.7256E-01 
 2.5555E-01 
 2.3881E-01 
 2.2237E-01 
 2.0625E-01 
 1.9052E-01 
 1.7524E-01 
 1.6049E-01 
 1.4634E-01 
 1.3281E-01 
 1.1993E-01 
 1.0768E-01 
 9.6041E-02 
 8.4979E-02 
 7.4441E-02 
 6.4377E-02 
 5.4737E-02 
 4.5593E-02 
 3.7122E-02 
 2.9417E-02 
 2.2265E-02 
 1.5390E-02 
 5.2713E-01 
 5.2697E-01 
 5.2650E-01 
 5.2573E-01 
 5.2472E-01 
 5.2362E-01 
 5.2259E-01 
 5.2177E-01 
 5.2128E-01 
 5.2097E-01 
 5.2046E-01 
 5.1938E-01 
 5.1739E-01 
 5.1409E-01 
 5.0915E-01 
 5.0228E-01 
 4.9331E-01 
 4.8220E-01 
 4.6889E-01 
 4.5343E-01 
 4.3620E-01 
 4.1771E-01 
 3.9843E-01 
 3.7878E-01 
 3.5910E-01 
 3.3969E-01 
 3.2082E-01 
 3.0253E-01 
 2.8474E-01 
 2.6736E-01 
 2.5034E-01 
 2.3369E-01 
 2.1743E-01 
 2.0159E-01 
 1.8618E-01 
 1.7126E-01 
 1.5684E-01 
 1.4295E-01 
 1.2962E-01 
 1.1687E-01 
 1.0469E-01 
 9.3083E-02 
 8.2012E-02 
 7.1450E-02 
 6.1357E-02 
 5.1690E-02 
 4.2520E-02 
 3.4026E-02 
 2.6299E-02 
 1.9127E-02 
 1.2232E-02 


!chie from confinement nodes
POINTS 51 GRIDTYPE 14 NAMEXP CAR5 NTIMES 4 
 3.0030E-01 
  3.1730E-01 
  3.3430E-01 
  3.5030E-01 
  0.0000E+00 
  2.0000E-02 
  4.0000E-02 
  6.0000E-02 
  8.0000E-02 
  1.0000E-01 
  1.2000E-01 
  1.4000E-01 
  1.6000E-01 
  1.8000E-01 
  2.0000E-01 
  2.2000E-01 
  2.4000E-01 
  2.6000E-01 
  2.8000E-01 
  3.0000E-01 
  3.2000E-01 
  3.4000E-01 
  3.6000E-01 
  3.8000E-01 
  4.0000E-01 
  4.2000E-01 
  4.4000E-01 
  4.6000E-01 
  4.8000E-01 
  5.0000E-01 
  5.2000E-01 
  5.4000E-01 
  5.6000E-01 
  5.8000E-01 
  6.0000E-01 
  6.2000E-01 
  6.4000E-01 
  6.6000E-01 
  6.8000E-01 
  7.0000E-01 
  7.2000E-01 
  7.4000E-01 
  7.6000E-01 
  7.8000E-01 
  8.0000E-01 
  8.2000E-01 
  8.4000E-01 
  8.6000E-01 
  8.8000E-01 
  9.0000E-01 
  9.2000E-01 
  9.4000E-01 
  9.6000E-01 
  9.8000E-01 
  1.0000E+00 
  2.0184E-01 
 7.8122E-01 
 8.7068E-01 
 8.5165E-01 
 9.4032E-01 
 1.1571E+00 
 1.3298E+00 
 1.3271E+00 
 6.6013E+00 
 2.9896E+01 
 5.8290E+01 
 8.0993E+01 
 9.0486E+01 
 7.9769E+01 
 4.2896E+01 
 5.2512E+00 
 1.0000E-01 
 1.0932E+00 
 1.1985E+00 
 9.5694E-01 
 8.2832E-01 
 7.8161E-01 
 7.6561E-01 
 7.6696E-01 
 7.8496E-01 
 8.1962E-01 
 8.6357E-01 
 9.0421E-01 
 9.3269E-01 
 9.5010E-01 
 9.6214E-01 
 9.7340E-01 
 9.8677E-01 
 1.0048E+00 
 1.0306E+00 
 1.0663E+00 
 1.1125E+00 
 1.1689E+00 
 1.2349E+00 
 1.3088E+00 
 1.3869E+00 
 1.4640E+00 
 1.5368E+00 
 1.6037E+00 
 1.6614E+00 
 1.7063E+00 
 1.7465E+00 
 1.8025E+00 
 1.8895E+00 
 2.0005E+00 
 2.1235E+00 
 1.9089E-01 
 7.3939E-01 
 8.2529E-01 
 8.0784E-01 
 8.8326E-01 
 1.0556E+00 
 1.2820E+00 
 1.6761E+00 
 4.4556E+00 
 1.3936E+01 
 2.5238E+01 
 3.4233E+01 
 3.7955E+01 
 3.3644E+01 
 1.8955E+01 
 3.6725E+00 
 9.2962E-01 
 1.0660E+00 
 9.8353E-01 
 8.2135E-01 
 7.3340E-01 
 6.9914E-01 
 6.9061E-01 
 6.9868E-01 
 7.2257E-01 
 7.6291E-01 
 8.1360E-01 
 8.6272E-01 
 9.0090E-01 
 9.2791E-01 
 9.4852E-01 
 9.6727E-01 
 9.8724E-01 
 1.0107E+00 
 1.0402E+00 
 1.0778E+00 
 1.1243E+00 
 1.1798E+00 
 1.2444E+00 
 1.3166E+00 
 1.3932E+00 
 1.4688E+00 
 1.5402E+00 
 1.6056E+00 
 1.6620E+00 
 1.7056E+00 
 1.7452E+00 
 1.8021E+00 
 1.8924E+00 
 2.0083E+00 
 2.1372E+00 
 4.8914E-01 
 1.9008E+00 
 2.1141E+00 
 2.0921E+00 
 2.3322E+00 
 2.8748E+00 
 4.9996E+00 
 1.1421E+01 
 1.7075E+01 
 1.9622E+01 
 1.9224E+01 
 1.6046E+01 
 1.0232E+01 
 4.5877E+00 
 2.5209E+00 
 1.8174E+00 
 1.4170E+00 
 1.1471E+00 
 9.6722E-01 
 8.5406E-01 
 7.9151E-01 
 7.6257E-01 
 7.5436E-01 
 7.6061E-01 
 7.7967E-01 
 8.1105E-01 
 8.4935E-01 
 8.8595E-01 
 9.1506E-01 
 9.3704E-01 
 9.5546E-01 
 9.7372E-01 
 9.9445E-01 
 1.0199E+00 
 1.0525E+00 
 1.0937E+00 
 1.1440E+00 
 1.2030E+00 
 1.2699E+00 
 1.3432E+00 
 1.4197E+00 
 1.4955E+00 
 1.5681E+00 
 1.6361E+00 
 1.6960E+00 
 1.7440E+00 
 1.7889E+00 
 1.8514E+00 
 1.9461E+00 
 2.0653E+00 
 2.1969E+00 
 7.6930E-01 
 2.9925E+00 
 3.3344E+00 
 3.2924E+00 
 3.6535E+00 
 4.3911E+00 
 5.9742E+00 
 1.1297E+01 
 2.1510E+01 
 2.3308E+01 
 1.3741E+01 
 6.8965E+00 
 4.1197E+00 
 2.8502E+00 
 2.0972E+00 
 1.6210E+00 
 1.3142E+00 
 1.1042E+00 
 9.5374E-01 
 8.5174E-01 
 7.9127E-01 
 7.6017E-01 
 7.4795E-01 
 7.4938E-01 
 7.6259E-01 
 7.8668E-01 
 8.1738E-01 
 8.4853E-01 
 8.7634E-01 
 9.0130E-01 
 9.2574E-01 
 9.5165E-01 
 9.8033E-01 
 1.0126E+00 
 1.0494E+00 
 1.0913E+00 
 1.1388E+00 
 1.1922E+00 
 1.2517E+00 
 1.3165E+00 
 1.3847E+00 
 1.4532E+00 
 1.5201E+00 
 1.5841E+00 
 1.6410E+00 
 1.6861E+00 
 1.7269E+00 
 1.7828E+00 
 1.8676E+00 
 1.9746E+00 
 2.0927E+00 


!ECH profile set to zero (no ECH)
POINTS 51 GRIDTYPE 14 NAMEXP CAR4 NTIMES 1 
 3.0000E-01 
  0.0000E+00 
  2.0000E-02 
  4.0000E-02 
  6.0000E-02 
  8.0000E-02 
  1.0000E-01 
  1.2000E-01 
  1.4000E-01 
  1.6000E-01 
  1.8000E-01 
  2.0000E-01 
  2.2000E-01 
  2.4000E-01 
  2.6000E-01 
  2.8000E-01 
  3.0000E-01 
  3.2000E-01 
  3.4000E-01 
  3.6000E-01 
  3.8000E-01 
  4.0000E-01 
  4.2000E-01 
  4.4000E-01 
  4.6000E-01 
  4.8000E-01 
  5.0000E-01 
  5.2000E-01 
  5.4000E-01 
  5.6000E-01 
  5.8000E-01 
  6.0000E-01 
  6.2000E-01 
  6.4000E-01 
  6.6000E-01 
  6.8000E-01 
  7.0000E-01 
  7.2000E-01 
  7.4000E-01 
  7.6000E-01 
  7.8000E-01 
  8.0000E-01 
  8.2000E-01 
  8.4000E-01 
  8.6000E-01 
  8.8000E-01 
  9.0000E-01 
  9.2000E-01 
  9.4000E-01 
  9.6000E-01 
  9.8000E-01 
  1.0000E+00 
  0.0000E+00 
 0.0000E+00 
 0.0000E+00 
 0.0000E+00 
 0.0000E+00 
 0.0000E+00 
 0.0000E+00 
 0.0000E+00 
 0.0000E+00 
 0.0000E+00 
 0.0000E+00 
 0.0000E+00 
 0.0000E+00 
 0.0000E+00 
 0.0000E+00 
 0.0000E+00 
 0.0000E+00 
 0.0000E+00 
 0.0000E+00 
 0.0000E+00 
 0.0000E+00 
 0.0000E+00 
 0.0000E+00 
 0.0000E+00 
 0.0000E+00 
 0.0000E+00 
 0.0000E+00 
 0.0000E+00 
 0.0000E+00 
 0.0000E+00 
 0.0000E+00 
 0.0000E+00 
 0.0000E+00 
 0.0000E+00 
 0.0000E+00 
 0.0000E+00 
 0.0000E+00 
 0.0000E+00 
 0.0000E+00 
 0.0000E+00 
 0.0000E+00 
 0.0000E+00 
 0.0000E+00 
 0.0000E+00 
 0.0000E+00 
 0.0000E+00 
 0.0000E+00 
 0.0000E+00 
 0.0000E+00 
 0.0000E+00 
 0.0000E+00 


!ECCD profile set to zero (no ECCD)
POINTS 51 GRIDTYPE 14 NAMEXP CAR6 NTIMES 1 
 3.0000E-01 
  0.0000E+00 
  2.0000E-02 
  4.0000E-02 
  6.0000E-02 
  8.0000E-02 
  1.0000E-01 
  1.2000E-01 
  1.4000E-01 
  1.6000E-01 
  1.8000E-01 
  2.0000E-01 
  2.2000E-01 
  2.4000E-01 
  2.6000E-01 
  2.8000E-01 
  3.0000E-01 
  3.2000E-01 
  3.4000E-01 
  3.6000E-01 
  3.8000E-01 
  4.0000E-01 
  4.2000E-01 
  4.4000E-01 
  4.6000E-01 
  4.8000E-01 
  5.0000E-01 
  5.2000E-01 
  5.4000E-01 
  5.6000E-01 
  5.8000E-01 
  6.0000E-01 
  6.2000E-01 
  6.4000E-01 
  6.6000E-01 
  6.8000E-01 
  7.0000E-01 
  7.2000E-01 
  7.4000E-01 
  7.6000E-01 
  7.8000E-01 
  8.0000E-01 
  8.2000E-01 
  8.4000E-01 
  8.6000E-01 
  8.8000E-01 
  9.0000E-01 
  9.2000E-01 
  9.4000E-01 
  9.6000E-01 
  9.8000E-01 
  1.0000E+00 
  0.0000E+00 
 0.0000E+00 
 0.0000E+00 
 0.0000E+00 
 0.0000E+00 
 0.0000E+00 
 0.0000E+00 
 0.0000E+00 
 0.0000E+00 
 0.0000E+00 
 0.0000E+00 
 0.0000E+00 
 0.0000E+00 
 0.0000E+00 
 0.0000E+00 
 0.0000E+00 
 0.0000E+00 
 0.0000E+00 
 0.0000E+00 
 0.0000E+00 
 0.0000E+00 
 0.0000E+00 
 0.0000E+00 
 0.0000E+00 
 0.0000E+00 
 0.0000E+00 
 0.0000E+00 
 0.0000E+00 
 0.0000E+00 
 0.0000E+00 
 0.0000E+00 
 0.0000E+00 
 0.0000E+00 
 0.0000E+00 
 0.0000E+00 
 0.0000E+00 
 0.0000E+00 
 0.0000E+00 
 0.0000E+00 
 0.0000E+00 
 0.0000E+00 
 0.0000E+00 
 0.0000E+00 
 0.0000E+00 
 0.0000E+00 
 0.0000E+00 
 0.0000E+00 
 0.0000E+00 
 0.0000E+00 
 0.0000E+00 
 0.0000E+00 
END