 -TCV- #37764 t0=1.2
 Param|Time  |  Value  |   Error
|-----|------|---------|--------
T_OFFSET          0.3000
TEND            1.5000
NB1             91.0000
AWALL           0.2800
AB              0.2600
RTOR            0.8800
ELONM           1.6000
TRICH           0.3000
ABC             0.2398
SHIFT           0.0100
ELONG           1.3878
TRIAN           0.3721
UPDWN           0.0000
ZMJ             1.0000
AMJ             2.0000
BTOR            1.4230
ZRD10           0.9800
ZRD30           37764.0000
ZRD6            0.1110
ZRD7            2.0000
ZRD8            0.0010
ZRD1            3.5000
ZRD3            0.3563
 

!Density boundary condition loading in time
NAMEXP ZRD2 NTIMES 1 
-9.0000E-01 
1.9650E-01 
 

!Ip from LIUQE [MA]
NAMEXP IPL NTIMES 1 
3.0000E-01 
2.6130E-01 


!Minor radius [m]
POINTS 51 GRIDTYPE 14 NAMEXP CAR9 NTIMES 1 
 0.0000E+00 
  0.0000E+00 
  2.0000E-02 
  4.0000E-02 
  6.0000E-02 
  8.0000E-02 
  1.0000E-01 
  1.2000E-01 
  1.4000E-01 
  1.6000E-01 
  1.8000E-01 
  2.0000E-01 
  2.2000E-01 
  2.4000E-01 
  2.6000E-01 
  2.8000E-01 
  3.0000E-01 
  3.2000E-01 
  3.4000E-01 
  3.6000E-01 
  3.8000E-01 
  4.0000E-01 
  4.2000E-01 
  4.4000E-01 
  4.6000E-01 
  4.8000E-01 
  5.0000E-01 
  5.2000E-01 
  5.4000E-01 
  5.6000E-01 
  5.8000E-01 
  6.0000E-01 
  6.2000E-01 
  6.4000E-01 
  6.6000E-01 
  6.8000E-01 
  7.0000E-01 
  7.2000E-01 
  7.4000E-01 
  7.6000E-01 
  7.8000E-01 
  8.0000E-01 
  8.2000E-01 
  8.4000E-01 
  8.6000E-01 
  8.8000E-01 
  9.0000E-01 
  9.2000E-01 
  9.4000E-01 
  9.6000E-01 
  9.8000E-01 
  1.0000E+00 
  0.0000E+00 
 5.2000E-03 
 1.0400E-02 
 1.5600E-02 
 2.0800E-02 
 2.6000E-02 
 3.1200E-02 
 3.6400E-02 
 4.1600E-02 
 4.6800E-02 
 5.2000E-02 
 5.7200E-02 
 6.2400E-02 
 6.7600E-02 
 7.2800E-02 
 7.8000E-02 
 8.3200E-02 
 8.8400E-02 
 9.3600E-02 
 9.8800E-02 
 1.0400E-01 
 1.0920E-01 
 1.1440E-01 
 1.1960E-01 
 1.2480E-01 
 1.3000E-01 
 1.3520E-01 
 1.4040E-01 
 1.4560E-01 
 1.5080E-01 
 1.5600E-01 
 1.6120E-01 
 1.6640E-01 
 1.7160E-01 
 1.7680E-01 
 1.8200E-01 
 1.8720E-01 
 1.9240E-01 
 1.9760E-01 
 2.0280E-01 
 2.0800E-01 
 2.1320E-01 
 2.1840E-01 
 2.2360E-01 
 2.2880E-01 
 2.3400E-01 
 2.3920E-01 
 2.4440E-01 
 2.4960E-01 
 2.5480E-01 
 2.6000E-01 


!initial mu from parabolic 1/q
POINTS 51 GRIDTYPE 14 NAMEXP MU NTIMES 1 
 0.0000E+00 
  0.0000E+00 
  2.0000E-02 
  4.0000E-02 
  6.0000E-02 
  8.0000E-02 
  1.0000E-01 
  1.2000E-01 
  1.4000E-01 
  1.6000E-01 
  1.8000E-01 
  2.0000E-01 
  2.2000E-01 
  2.4000E-01 
  2.6000E-01 
  2.8000E-01 
  3.0000E-01 
  3.2000E-01 
  3.4000E-01 
  3.6000E-01 
  3.8000E-01 
  4.0000E-01 
  4.2000E-01 
  4.4000E-01 
  4.6000E-01 
  4.8000E-01 
  5.0000E-01 
  5.2000E-01 
  5.4000E-01 
  5.6000E-01 
  5.8000E-01 
  6.0000E-01 
  6.2000E-01 
  6.4000E-01 
  6.6000E-01 
  6.8000E-01 
  7.0000E-01 
  7.2000E-01 
  7.4000E-01 
  7.6000E-01 
  7.8000E-01 
  8.0000E-01 
  8.2000E-01 
  8.4000E-01 
  8.6000E-01 
  8.8000E-01 
  9.0000E-01 
  9.2000E-01 
  9.4000E-01 
  9.6000E-01 
  9.8000E-01 
  1.0000E+00 
  5.0000E-01 
 4.9960E-01 
 4.9841E-01 
 4.9643E-01 
 4.9368E-01 
 4.9020E-01 
 4.8600E-01 
 4.8114E-01 
 4.7565E-01 
 4.6957E-01 
 4.6296E-01 
 4.5587E-01 
 4.4835E-01 
 4.4045E-01 
 4.3223E-01 
 4.2373E-01 
 4.1501E-01 
 4.0611E-01 
 3.9708E-01 
 3.8796E-01 
 3.7879E-01 
 3.6960E-01 
 3.6044E-01 
 3.5132E-01 
 3.4228E-01 
 3.3333E-01 
 3.2451E-01 
 3.1582E-01 
 3.0728E-01 
 2.9890E-01 
 2.9070E-01 
 2.8268E-01 
 2.7485E-01 
 2.6721E-01 
 2.5977E-01 
 2.5253E-01 
 2.4548E-01 
 2.3864E-01 
 2.3200E-01 
 2.2555E-01 
 2.1930E-01 
 2.1324E-01 
 2.0737E-01 
 2.0168E-01 
 1.9617E-01 
 1.9084E-01 
 1.8568E-01 
 1.8069E-01 
 1.7586E-01 
 1.7119E-01 
 1.6667E-01 


!ne from confinement nodes [1e19m^-3]
POINTS 51 GRIDTYPE 14 NAMEXP NE NTIMES 1 
 3.0030E-01 
  0.0000E+00 
  2.0000E-02 
  4.0000E-02 
  6.0000E-02 
  8.0000E-02 
  1.0000E-01 
  1.2000E-01 
  1.4000E-01 
  1.6000E-01 
  1.8000E-01 
  2.0000E-01 
  2.2000E-01 
  2.4000E-01 
  2.6000E-01 
  2.8000E-01 
  3.0000E-01 
  3.2000E-01 
  3.4000E-01 
  3.6000E-01 
  3.8000E-01 
  4.0000E-01 
  4.2000E-01 
  4.4000E-01 
  4.6000E-01 
  4.8000E-01 
  5.0000E-01 
  5.2000E-01 
  5.4000E-01 
  5.6000E-01 
  5.8000E-01 
  6.0000E-01 
  6.2000E-01 
  6.4000E-01 
  6.6000E-01 
  6.8000E-01 
  7.0000E-01 
  7.2000E-01 
  7.4000E-01 
  7.6000E-01 
  7.8000E-01 
  8.0000E-01 
  8.2000E-01 
  8.4000E-01 
  8.6000E-01 
  8.8000E-01 
  9.0000E-01 
  9.2000E-01 
  9.4000E-01 
  9.6000E-01 
  9.8000E-01 
  1.0000E+00 
  5.7918E+00 
 5.7966E+00 
 5.8109E+00 
 5.8348E+00 
 5.8674E+00 
 5.9075E+00 
 5.9537E+00 
 6.0042E+00 
 6.0462E+00 
 6.0632E+00 
 6.0554E+00 
 6.0308E+00 
 5.9963E+00 
 5.9684E+00 
 5.9749E+00 
 6.0207E+00 
 6.0888E+00 
 6.1594E+00 
 6.2136E+00 
 6.2337E+00 
 6.2108E+00 
 6.1591E+00 
 6.0953E+00 
 6.0277E+00 
 5.9584E+00 
 5.8841E+00 
 5.8002E+00 
 5.7036E+00 
 5.5969E+00 
 5.4851E+00 
 5.3698E+00 
 5.2470E+00 
 5.1144E+00 
 4.9705E+00 
 4.8147E+00 
 4.6486E+00 
 4.4748E+00 
 4.2956E+00 
 4.1136E+00 
 3.9309E+00 
 3.7497E+00 
 3.5720E+00 
 3.3994E+00 
 3.2332E+00 
 3.0736E+00 
 2.9207E+00 
 2.7765E+00 
 2.6435E+00 
 2.5223E+00 
 2.4094E+00 
 2.3005E+00 


!te from confinement nodes [keV]
POINTS 51 GRIDTYPE 14 NAMEXP TE NTIMES 1 
 3.0030E-01 
  0.0000E+00 
  2.0000E-02 
  4.0000E-02 
  6.0000E-02 
  8.0000E-02 
  1.0000E-01 
  1.2000E-01 
  1.4000E-01 
  1.6000E-01 
  1.8000E-01 
  2.0000E-01 
  2.2000E-01 
  2.4000E-01 
  2.6000E-01 
  2.8000E-01 
  3.0000E-01 
  3.2000E-01 
  3.4000E-01 
  3.6000E-01 
  3.8000E-01 
  4.0000E-01 
  4.2000E-01 
  4.4000E-01 
  4.6000E-01 
  4.8000E-01 
  5.0000E-01 
  5.2000E-01 
  5.4000E-01 
  5.6000E-01 
  5.8000E-01 
  6.0000E-01 
  6.2000E-01 
  6.4000E-01 
  6.6000E-01 
  6.8000E-01 
  7.0000E-01 
  7.2000E-01 
  7.4000E-01 
  7.6000E-01 
  7.8000E-01 
  8.0000E-01 
  8.2000E-01 
  8.4000E-01 
  8.6000E-01 
  8.8000E-01 
  9.0000E-01 
  9.2000E-01 
  9.4000E-01 
  9.6000E-01 
  9.8000E-01 
  1.0000E+00 
  6.3107E-01 
 6.3067E-01 
 6.2948E-01 
 6.2751E-01 
 6.2494E-01 
 6.2213E-01 
 6.1940E-01 
 6.1710E-01 
 6.1556E-01 
 6.1500E-01 
 6.1511E-01 
 6.1535E-01 
 6.1525E-01 
 6.1423E-01 
 6.1166E-01 
 6.0701E-01 
 5.9986E-01 
 5.9006E-01 
 5.7763E-01 
 5.6262E-01 
 5.4519E-01 
 5.2581E-01 
 5.0506E-01 
 4.8354E-01 
 4.6173E-01 
 4.3991E-01 
 4.1833E-01 
 3.9714E-01 
 3.7626E-01 
 3.5551E-01 
 3.3473E-01 
 3.1389E-01 
 2.9314E-01 
 2.7266E-01 
 2.5260E-01 
 2.3307E-01 
 2.1416E-01 
 1.9595E-01 
 1.7845E-01 
 1.6170E-01 
 1.4566E-01 
 1.3031E-01 
 1.1567E-01 
 1.0172E-01 
 8.8391E-02 
 7.5650E-02 
 6.3627E-02 
 5.2538E-02 
 4.2434E-02 
 3.3017E-02 
 2.3943E-02 


!ti from confinement nodes [keV]
POINTS 51 GRIDTYPE 14 NAMEXP TI NTIMES 1 
 3.0030E-01 
  0.0000E+00 
  2.0000E-02 
  4.0000E-02 
  6.0000E-02 
  8.0000E-02 
  1.0000E-01 
  1.2000E-01 
  1.4000E-01 
  1.6000E-01 
  1.8000E-01 
  2.0000E-01 
  2.2000E-01 
  2.4000E-01 
  2.6000E-01 
  2.8000E-01 
  3.0000E-01 
  3.2000E-01 
  3.4000E-01 
  3.6000E-01 
  3.8000E-01 
  4.0000E-01 
  4.2000E-01 
  4.4000E-01 
  4.6000E-01 
  4.8000E-01 
  5.0000E-01 
  5.2000E-01 
  5.4000E-01 
  5.6000E-01 
  5.8000E-01 
  6.0000E-01 
  6.2000E-01 
  6.4000E-01 
  6.6000E-01 
  6.8000E-01 
  7.0000E-01 
  7.2000E-01 
  7.4000E-01 
  7.6000E-01 
  7.8000E-01 
  8.0000E-01 
  8.2000E-01 
  8.4000E-01 
  8.6000E-01 
  8.8000E-01 
  9.0000E-01 
  9.2000E-01 
  9.4000E-01 
  9.6000E-01 
  9.8000E-01 
  1.0000E+00 
  5.3343E-01 
 5.3309E-01 
 5.3209E-01 
 5.3042E-01 
 5.2825E-01 
 5.2587E-01 
 5.2357E-01 
 5.2162E-01 
 5.2032E-01 
 5.1985E-01 
 5.1994E-01 
 5.2015E-01 
 5.2006E-01 
 5.1920E-01 
 5.1703E-01 
 5.1309E-01 
 5.0705E-01 
 4.9877E-01 
 4.8826E-01 
 4.7557E-01 
 4.6084E-01 
 4.4446E-01 
 4.2692E-01 
 4.0873E-01 
 3.9029E-01 
 3.7185E-01 
 3.5360E-01 
 3.3569E-01 
 3.1805E-01 
 3.0051E-01 
 2.8294E-01 
 2.6533E-01 
 2.4779E-01 
 2.3047E-01 
 2.1351E-01 
 1.9701E-01 
 1.8103E-01 
 1.6563E-01 
 1.5084E-01 
 1.3668E-01 
 1.2312E-01 
 1.1015E-01 
 9.7773E-02 
 8.5978E-02 
 7.4715E-02 
 6.3945E-02 
 5.3783E-02 
 4.4409E-02 
 3.5869E-02 
 2.7909E-02 
 2.0239E-02 


!chie from confinement nodes from shot 37750
POINTS 51 GRIDTYPE 14 NAMEXP CAR5 NTIMES 1 
 3.5030E-01 
  0.0000E+00 
  2.0000E-02 
  4.0000E-02 
  6.0000E-02 
  8.0000E-02 
  1.0000E-01 
  1.2000E-01 
  1.4000E-01 
  1.6000E-01 
  1.8000E-01 
  2.0000E-01 
  2.2000E-01 
  2.4000E-01 
  2.6000E-01 
  2.8000E-01 
  3.0000E-01 
  3.2000E-01 
  3.4000E-01 
  3.6000E-01 
  3.8000E-01 
  4.0000E-01 
  4.2000E-01 
  4.4000E-01 
  4.6000E-01 
  4.8000E-01 
  5.0000E-01 
  5.2000E-01 
  5.4000E-01 
  5.6000E-01 
  5.8000E-01 
  6.0000E-01 
  6.2000E-01 
  6.4000E-01 
  6.6000E-01 
  6.8000E-01 
  7.0000E-01 
  7.2000E-01 
  7.4000E-01 
  7.6000E-01 
  7.8000E-01 
  8.0000E-01 
  8.2000E-01 
  8.4000E-01 
  8.6000E-01 
  8.8000E-01 
  9.0000E-01 
  9.2000E-01 
  9.4000E-01 
  9.6000E-01 
  9.8000E-01 
  1.0000E+00 
  4.9523E-01 
 1.9557E+00 
 2.1531E+00 
 2.1213E+00 
 2.3417E+00 
 2.5987E+00 
 2.7231E+00 
 8.5654E+00 
 2.8179E+01 
 4.4442E+01 
 5.4595E+01 
 5.9308E+01 
 5.9246E+01 
 5.5049E+01 
 4.7329E+01 
 3.6673E+01 
 2.3625E+01 
 9.5883E+00 
 2.6357E+00 
 1.5194E+00 
 1.3069E+00 
 1.1010E+00 
 9.5908E-01 
 8.8699E-01 
 8.5434E-01 
 8.4375E-01 
 8.4876E-01 
 8.6469E-01 
 8.8764E-01 
 9.1788E-01 
 9.5862E-01 
 1.0097E+00 
 1.0673E+00 
 1.1278E+00 
 1.1906E+00 
 1.2566E+00 
 1.3270E+00 
 1.4020E+00 
 1.4818E+00 
 1.5659E+00 
 1.6531E+00 
 1.7417E+00 
 1.8289E+00 
 1.9109E+00 
 1.9818E+00 
 2.0365E+00 
 2.0883E+00 
 2.1618E+00 
 2.2720E+00 
 2.4094E+00 
 2.5603E+00 


!ECH profile set to zero (no ECH)
POINTS 51 GRIDTYPE 14 NAMEXP CAR4 NTIMES 1 
 3.0000E-01 
  0.0000E+00 
  2.0000E-02 
  4.0000E-02 
  6.0000E-02 
  8.0000E-02 
  1.0000E-01 
  1.2000E-01 
  1.4000E-01 
  1.6000E-01 
  1.8000E-01 
  2.0000E-01 
  2.2000E-01 
  2.4000E-01 
  2.6000E-01 
  2.8000E-01 
  3.0000E-01 
  3.2000E-01 
  3.4000E-01 
  3.6000E-01 
  3.8000E-01 
  4.0000E-01 
  4.2000E-01 
  4.4000E-01 
  4.6000E-01 
  4.8000E-01 
  5.0000E-01 
  5.2000E-01 
  5.4000E-01 
  5.6000E-01 
  5.8000E-01 
  6.0000E-01 
  6.2000E-01 
  6.4000E-01 
  6.6000E-01 
  6.8000E-01 
  7.0000E-01 
  7.2000E-01 
  7.4000E-01 
  7.6000E-01 
  7.8000E-01 
  8.0000E-01 
  8.2000E-01 
  8.4000E-01 
  8.6000E-01 
  8.8000E-01 
  9.0000E-01 
  9.2000E-01 
  9.4000E-01 
  9.6000E-01 
  9.8000E-01 
  1.0000E+00 
  0.0000E+00 
 0.0000E+00 
 0.0000E+00 
 0.0000E+00 
 0.0000E+00 
 0.0000E+00 
 0.0000E+00 
 0.0000E+00 
 0.0000E+00 
 0.0000E+00 
 0.0000E+00 
 0.0000E+00 
 0.0000E+00 
 0.0000E+00 
 0.0000E+00 
 0.0000E+00 
 0.0000E+00 
 0.0000E+00 
 0.0000E+00 
 0.0000E+00 
 0.0000E+00 
 0.0000E+00 
 0.0000E+00 
 0.0000E+00 
 0.0000E+00 
 0.0000E+00 
 0.0000E+00 
 0.0000E+00 
 0.0000E+00 
 0.0000E+00 
 0.0000E+00 
 0.0000E+00 
 0.0000E+00 
 0.0000E+00 
 0.0000E+00 
 0.0000E+00 
 0.0000E+00 
 0.0000E+00 
 0.0000E+00 
 0.0000E+00 
 0.0000E+00 
 0.0000E+00 
 0.0000E+00 
 0.0000E+00 
 0.0000E+00 
 0.0000E+00 
 0.0000E+00 
 0.0000E+00 
 0.0000E+00 
 0.0000E+00 
 0.0000E+00 


!ECCD profile set to zero (no ECCD)
POINTS 51 GRIDTYPE 14 NAMEXP CAR6 NTIMES 1 
 3.0000E-01 
  0.0000E+00 
  2.0000E-02 
  4.0000E-02 
  6.0000E-02 
  8.0000E-02 
  1.0000E-01 
  1.2000E-01 
  1.4000E-01 
  1.6000E-01 
  1.8000E-01 
  2.0000E-01 
  2.2000E-01 
  2.4000E-01 
  2.6000E-01 
  2.8000E-01 
  3.0000E-01 
  3.2000E-01 
  3.4000E-01 
  3.6000E-01 
  3.8000E-01 
  4.0000E-01 
  4.2000E-01 
  4.4000E-01 
  4.6000E-01 
  4.8000E-01 
  5.0000E-01 
  5.2000E-01 
  5.4000E-01 
  5.6000E-01 
  5.8000E-01 
  6.0000E-01 
  6.2000E-01 
  6.4000E-01 
  6.6000E-01 
  6.8000E-01 
  7.0000E-01 
  7.2000E-01 
  7.4000E-01 
  7.6000E-01 
  7.8000E-01 
  8.0000E-01 
  8.2000E-01 
  8.4000E-01 
  8.6000E-01 
  8.8000E-01 
  9.0000E-01 
  9.2000E-01 
  9.4000E-01 
  9.6000E-01 
  9.8000E-01 
  1.0000E+00 
  0.0000E+00 
 0.0000E+00 
 0.0000E+00 
 0.0000E+00 
 0.0000E+00 
 0.0000E+00 
 0.0000E+00 
 0.0000E+00 
 0.0000E+00 
 0.0000E+00 
 0.0000E+00 
 0.0000E+00 
 0.0000E+00 
 0.0000E+00 
 0.0000E+00 
 0.0000E+00 
 0.0000E+00 
 0.0000E+00 
 0.0000E+00 
 0.0000E+00 
 0.0000E+00 
 0.0000E+00 
 0.0000E+00 
 0.0000E+00 
 0.0000E+00 
 0.0000E+00 
 0.0000E+00 
 0.0000E+00 
 0.0000E+00 
 0.0000E+00 
 0.0000E+00 
 0.0000E+00 
 0.0000E+00 
 0.0000E+00 
 0.0000E+00 
 0.0000E+00 
 0.0000E+00 
 0.0000E+00 
 0.0000E+00 
 0.0000E+00 
 0.0000E+00 
 0.0000E+00 
 0.0000E+00 
 0.0000E+00 
 0.0000E+00 
 0.0000E+00 
 0.0000E+00 
 0.0000E+00 
 0.0000E+00 
 0.0000E+00 
 0.0000E+00 
END