 -TCV- #36421 t0=0.6
 Param|Time  |  Value  |   Error
|-----|------|---------|--------
T_OFFSET          0.3000
TEND            1.6000
NB1             91.0000
AWALL           0.2800
AB              0.2600
RTOR            0.8800
ELONM           1.6000
TRICH           0.3000
ABC             0.2334
SHIFT           0.0100
ELONG           1.4674
TRIAN           0.3635
UPDWN           0.0000
ZMJ             1.0000
AMJ             2.0000
BTOR            1.4450
ZRD10           0.9800
ZRD30           36421.0000
ZRD6            0.1110
ZRD7            2.0000
ZRD8            0.0010
ZRD1            3.5000
ZRD3            0.3563
 

!Density boundary condition loading in time
NAMEXP ZRD2 NTIMES 1 
-3.0000E-01 
1.9650E-01 
 

!Ip from LIUQE [MA]
NAMEXP IPL NTIMES 2 
3.0000E-01 
3.2500E-01 
3.5000E-01 
3.7500E-01 
4.0000E-01 
4.2500E-01 
4.5000E-01 
4.7500E-01 
5.0000E-01 
5.2500E-01 
5.5000E-01 
5.7500E-01 
6.0000E-01 
6.2500E-01 
6.5000E-01 
6.7500E-01 
7.0000E-01 
7.2500E-01 
7.5000E-01 
7.7500E-01 
8.0000E-01 
8.2500E-01 
8.5000E-01 
8.7500E-01 
9.0000E-01 
9.2500E-01 
9.5000E-01 
9.7500E-01 
2.5888E-01 
2.5869E-01 


!Minor radius [m]
POINTS 51 GRIDTYPE 14 NAMEXP CAR9 NTIMES 1 
 0.0000E+00 
  0.0000E+00 
  2.0000E-02 
  4.0000E-02 
  6.0000E-02 
  8.0000E-02 
  1.0000E-01 
  1.2000E-01 
  1.4000E-01 
  1.6000E-01 
  1.8000E-01 
  2.0000E-01 
  2.2000E-01 
  2.4000E-01 
  2.6000E-01 
  2.8000E-01 
  3.0000E-01 
  3.2000E-01 
  3.4000E-01 
  3.6000E-01 
  3.8000E-01 
  4.0000E-01 
  4.2000E-01 
  4.4000E-01 
  4.6000E-01 
  4.8000E-01 
  5.0000E-01 
  5.2000E-01 
  5.4000E-01 
  5.6000E-01 
  5.8000E-01 
  6.0000E-01 
  6.2000E-01 
  6.4000E-01 
  6.6000E-01 
  6.8000E-01 
  7.0000E-01 
  7.2000E-01 
  7.4000E-01 
  7.6000E-01 
  7.8000E-01 
  8.0000E-01 
  8.2000E-01 
  8.4000E-01 
  8.6000E-01 
  8.8000E-01 
  9.0000E-01 
  9.2000E-01 
  9.4000E-01 
  9.6000E-01 
  9.8000E-01 
  1.0000E+00 
  0.0000E+00 
 5.2000E-03 
 1.0400E-02 
 1.5600E-02 
 2.0800E-02 
 2.6000E-02 
 3.1200E-02 
 3.6400E-02 
 4.1600E-02 
 4.6800E-02 
 5.2000E-02 
 5.7200E-02 
 6.2400E-02 
 6.7600E-02 
 7.2800E-02 
 7.8000E-02 
 8.3200E-02 
 8.8400E-02 
 9.3600E-02 
 9.8800E-02 
 1.0400E-01 
 1.0920E-01 
 1.1440E-01 
 1.1960E-01 
 1.2480E-01 
 1.3000E-01 
 1.3520E-01 
 1.4040E-01 
 1.4560E-01 
 1.5080E-01 
 1.5600E-01 
 1.6120E-01 
 1.6640E-01 
 1.7160E-01 
 1.7680E-01 
 1.8200E-01 
 1.8720E-01 
 1.9240E-01 
 1.9760E-01 
 2.0280E-01 
 2.0800E-01 
 2.1320E-01 
 2.1840E-01 
 2.2360E-01 
 2.2880E-01 
 2.3400E-01 
 2.3920E-01 
 2.4440E-01 
 2.4960E-01 
 2.5480E-01 
 2.6000E-01 


!initial mu from parabolic 1/q
POINTS 51 GRIDTYPE 14 NAMEXP MU NTIMES 1 
 0.0000E+00 
  0.0000E+00 
  2.0000E-02 
  4.0000E-02 
  6.0000E-02 
  8.0000E-02 
  1.0000E-01 
  1.2000E-01 
  1.4000E-01 
  1.6000E-01 
  1.8000E-01 
  2.0000E-01 
  2.2000E-01 
  2.4000E-01 
  2.6000E-01 
  2.8000E-01 
  3.0000E-01 
  3.2000E-01 
  3.4000E-01 
  3.6000E-01 
  3.8000E-01 
  4.0000E-01 
  4.2000E-01 
  4.4000E-01 
  4.6000E-01 
  4.8000E-01 
  5.0000E-01 
  5.2000E-01 
  5.4000E-01 
  5.6000E-01 
  5.8000E-01 
  6.0000E-01 
  6.2000E-01 
  6.4000E-01 
  6.6000E-01 
  6.8000E-01 
  7.0000E-01 
  7.2000E-01 
  7.4000E-01 
  7.6000E-01 
  7.8000E-01 
  8.0000E-01 
  8.2000E-01 
  8.4000E-01 
  8.6000E-01 
  8.8000E-01 
  9.0000E-01 
  9.2000E-01 
  9.4000E-01 
  9.6000E-01 
  9.8000E-01 
  1.0000E+00 
  5.0000E-01 
 4.9960E-01 
 4.9841E-01 
 4.9643E-01 
 4.9368E-01 
 4.9020E-01 
 4.8600E-01 
 4.8114E-01 
 4.7565E-01 
 4.6957E-01 
 4.6296E-01 
 4.5587E-01 
 4.4835E-01 
 4.4045E-01 
 4.3223E-01 
 4.2373E-01 
 4.1501E-01 
 4.0611E-01 
 3.9708E-01 
 3.8796E-01 
 3.7879E-01 
 3.6960E-01 
 3.6044E-01 
 3.5132E-01 
 3.4228E-01 
 3.3333E-01 
 3.2451E-01 
 3.1582E-01 
 3.0728E-01 
 2.9890E-01 
 2.9070E-01 
 2.8268E-01 
 2.7485E-01 
 2.6721E-01 
 2.5977E-01 
 2.5253E-01 
 2.4548E-01 
 2.3864E-01 
 2.3200E-01 
 2.2555E-01 
 2.1930E-01 
 2.1324E-01 
 2.0737E-01 
 2.0168E-01 
 1.9617E-01 
 1.9084E-01 
 1.8568E-01 
 1.8069E-01 
 1.7586E-01 
 1.7119E-01 
 1.6667E-01 


!ne from confinement nodes [1e19m^-3]
POINTS 51 GRIDTYPE 14 NAMEXP NE NTIMES 2 
 3.0030E-01 
  3.2530E-01 
  3.5030E-01 
  3.7530E-01 
  4.0030E-01 
  4.2530E-01 
  4.5030E-01 
  4.7530E-01 
  5.0030E-01 
  5.2530E-01 
  5.5030E-01 
  5.7530E-01 
  6.0030E-01 
  6.2530E-01 
  6.5030E-01 
  6.7530E-01 
  7.0030E-01 
  7.2530E-01 
  7.5030E-01 
  7.7530E-01 
  8.0030E-01 
  8.2530E-01 
  8.5030E-01 
  8.7530E-01 
  9.0030E-01 
  9.2530E-01 
  9.5030E-01 
  9.7530E-01 
  0.0000E+00 
  2.0000E-02 
  4.0000E-02 
  6.0000E-02 
  8.0000E-02 
  1.0000E-01 
  1.2000E-01 
  1.4000E-01 
  1.6000E-01 
  1.8000E-01 
  2.0000E-01 
  2.2000E-01 
  2.4000E-01 
  2.6000E-01 
  2.8000E-01 
  3.0000E-01 
  3.2000E-01 
  3.4000E-01 
  3.6000E-01 
  3.8000E-01 
  4.0000E-01 
  4.2000E-01 
  4.4000E-01 
  4.6000E-01 
  4.8000E-01 
  5.0000E-01 
  5.2000E-01 
  5.4000E-01 
  5.6000E-01 
  5.8000E-01 
  6.0000E-01 
  6.2000E-01 
  6.4000E-01 
  6.6000E-01 
  6.8000E-01 
  7.0000E-01 
  7.2000E-01 
  7.4000E-01 
  7.6000E-01 
  7.8000E-01 
  8.0000E-01 
  8.2000E-01 
  8.4000E-01 
  8.6000E-01 
  8.8000E-01 
  9.0000E-01 
  9.2000E-01 
  9.4000E-01 
  9.6000E-01 
  9.8000E-01 
  1.0000E+00 
  3.0077E+00 
 3.0051E+00 
 2.9971E+00 
 2.9838E+00 
 2.9653E+00 
 2.9415E+00 
 2.9124E+00 
 2.8777E+00 
 2.8398E+00 
 2.8089E+00 
 2.7937E+00 
 2.7961E+00 
 2.8134E+00 
 2.8421E+00 
 2.8747E+00 
 2.9050E+00 
 2.9289E+00 
 2.9436E+00 
 2.9482E+00 
 2.9420E+00 
 2.9250E+00 
 2.8937E+00 
 2.8415E+00 
 2.7676E+00 
 2.6795E+00 
 2.5827E+00 
 2.4813E+00 
 2.3788E+00 
 2.2780E+00 
 2.1806E+00 
 2.0882E+00 
 2.0024E+00 
 1.9255E+00 
 1.8593E+00 
 1.8040E+00 
 1.7570E+00 
 1.7150E+00 
 1.6769E+00 
 1.6420E+00 
 1.6098E+00 
 1.5798E+00 
 1.5515E+00 
 1.5248E+00 
 1.4994E+00 
 1.4751E+00 
 1.4518E+00 
 1.4298E+00 
 1.4094E+00 
 1.3909E+00 
 1.3736E+00 
 1.3571E+00 
 3.0280E+00 
 3.0231E+00 
 3.0083E+00 
 2.9837E+00 
 2.9495E+00 
 2.9059E+00 
 2.8560E+00 
 2.8078E+00 
 2.7687E+00 
 2.7403E+00 
 2.7227E+00 
 2.7194E+00 
 2.7375E+00 
 2.7809E+00 
 2.8408E+00 
 2.9038E+00 
 2.9600E+00 
 3.0013E+00 
 3.0242E+00 
 3.0281E+00 
 3.0123E+00 
 2.9767E+00 
 2.9213E+00 
 2.8461E+00 
 2.7521E+00 
 2.6421E+00 
 2.5200E+00 
 2.3894E+00 
 2.2548E+00 
 2.1217E+00 
 1.9949E+00 
 1.8792E+00 
 1.7810E+00 
 1.7072E+00 
 1.6609E+00 
 1.6377E+00 
 1.6290E+00 
 1.6283E+00 
 1.6304E+00 
 1.6314E+00 
 1.6293E+00 
 1.6237E+00 
 1.6142E+00 
 1.6007E+00 
 1.5839E+00 
 1.5650E+00 
 1.5450E+00 
 1.5253E+00 
 1.5065E+00 
 1.4885E+00 
 1.4709E+00 


!te from confinement nodes [keV]
POINTS 51 GRIDTYPE 14 NAMEXP TE NTIMES 2 
 3.0030E-01 
  3.2530E-01 
  3.5030E-01 
  3.7530E-01 
  4.0030E-01 
  4.2530E-01 
  4.5030E-01 
  4.7530E-01 
  5.0030E-01 
  5.2530E-01 
  5.5030E-01 
  5.7530E-01 
  6.0030E-01 
  6.2530E-01 
  6.5030E-01 
  6.7530E-01 
  7.0030E-01 
  7.2530E-01 
  7.5030E-01 
  7.7530E-01 
  8.0030E-01 
  8.2530E-01 
  8.5030E-01 
  8.7530E-01 
  9.0030E-01 
  9.2530E-01 
  9.5030E-01 
  9.7530E-01 
  0.0000E+00 
  2.0000E-02 
  4.0000E-02 
  6.0000E-02 
  8.0000E-02 
  1.0000E-01 
  1.2000E-01 
  1.4000E-01 
  1.6000E-01 
  1.8000E-01 
  2.0000E-01 
  2.2000E-01 
  2.4000E-01 
  2.6000E-01 
  2.8000E-01 
  3.0000E-01 
  3.2000E-01 
  3.4000E-01 
  3.6000E-01 
  3.8000E-01 
  4.0000E-01 
  4.2000E-01 
  4.4000E-01 
  4.6000E-01 
  4.8000E-01 
  5.0000E-01 
  5.2000E-01 
  5.4000E-01 
  5.6000E-01 
  5.8000E-01 
  6.0000E-01 
  6.2000E-01 
  6.4000E-01 
  6.6000E-01 
  6.8000E-01 
  7.0000E-01 
  7.2000E-01 
  7.4000E-01 
  7.6000E-01 
  7.8000E-01 
  8.0000E-01 
  8.2000E-01 
  8.4000E-01 
  8.6000E-01 
  8.8000E-01 
  9.0000E-01 
  9.2000E-01 
  9.4000E-01 
  9.6000E-01 
  9.8000E-01 
  1.0000E+00 
  9.6267E-01 
 9.6197E-01 
 9.5986E-01 
 9.5636E-01 
 9.5150E-01 
 9.4527E-01 
 9.3830E-01 
 9.3196E-01 
 9.2750E-01 
 9.2515E-01 
 9.2417E-01 
 9.2366E-01 
 9.2275E-01 
 9.2055E-01 
 9.1607E-01 
 9.0888E-01 
 8.9902E-01 
 8.8619E-01 
 8.6939E-01 
 8.4748E-01 
 8.1953E-01 
 7.8578E-01 
 7.4802E-01 
 7.0794E-01 
 6.6692E-01 
 6.2605E-01 
 5.8630E-01 
 5.4835E-01 
 5.1243E-01 
 4.7841E-01 
 4.4621E-01 
 4.1573E-01 
 3.8691E-01 
 3.5970E-01 
 3.3402E-01 
 3.0976E-01 
 2.8677E-01 
 2.6491E-01 
 2.4401E-01 
 2.2396E-01 
 2.0470E-01 
 1.8621E-01 
 1.6849E-01 
 1.5156E-01 
 1.3537E-01 
 1.1986E-01 
 1.0518E-01 
 9.1607E-02 
 7.9253E-02 
 6.7772E-02 
 5.6727E-02 
 9.5309E-01 
 9.5251E-01 
 9.5078E-01 
 9.4791E-01 
 9.4391E-01 
 9.3880E-01 
 9.3300E-01 
 9.2747E-01 
 9.2304E-01 
 9.1963E-01 
 9.1696E-01 
 9.1459E-01 
 9.1200E-01 
 9.0861E-01 
 9.0355E-01 
 8.9591E-01 
 8.8494E-01 
 8.7007E-01 
 8.5113E-01 
 8.2825E-01 
 8.0150E-01 
 7.7123E-01 
 7.3818E-01 
 7.0320E-01 
 6.6702E-01 
 6.3040E-01 
 5.9405E-01 
 5.5860E-01 
 5.2437E-01 
 4.9144E-01 
 4.5986E-01 
 4.2962E-01 
 4.0067E-01 
 3.7287E-01 
 3.4616E-01 
 3.2046E-01 
 2.9574E-01 
 2.7196E-01 
 2.4911E-01 
 2.2714E-01 
 2.0604E-01 
 1.8578E-01 
 1.6636E-01 
 1.4779E-01 
 1.3003E-01 
 1.1303E-01 
 9.6913E-02 
 8.2002E-02 
 6.8431E-02 
 5.5818E-02 
 4.3686E-02 


!ti from confinement nodes [keV]
POINTS 51 GRIDTYPE 14 NAMEXP TI NTIMES 2 
 3.0030E-01 
  3.2530E-01 
  3.5030E-01 
  3.7530E-01 
  4.0030E-01 
  4.2530E-01 
  4.5030E-01 
  4.7530E-01 
  5.0030E-01 
  5.2530E-01 
  5.5030E-01 
  5.7530E-01 
  6.0030E-01 
  6.2530E-01 
  6.5030E-01 
  6.7530E-01 
  7.0030E-01 
  7.2530E-01 
  7.5030E-01 
  7.7530E-01 
  8.0030E-01 
  8.2530E-01 
  8.5030E-01 
  8.7530E-01 
  9.0030E-01 
  9.2530E-01 
  9.5030E-01 
  9.7530E-01 
  0.0000E+00 
  2.0000E-02 
  4.0000E-02 
  6.0000E-02 
  8.0000E-02 
  1.0000E-01 
  1.2000E-01 
  1.4000E-01 
  1.6000E-01 
  1.8000E-01 
  2.0000E-01 
  2.2000E-01 
  2.4000E-01 
  2.6000E-01 
  2.8000E-01 
  3.0000E-01 
  3.2000E-01 
  3.4000E-01 
  3.6000E-01 
  3.8000E-01 
  4.0000E-01 
  4.2000E-01 
  4.4000E-01 
  4.6000E-01 
  4.8000E-01 
  5.0000E-01 
  5.2000E-01 
  5.4000E-01 
  5.6000E-01 
  5.8000E-01 
  6.0000E-01 
  6.2000E-01 
  6.4000E-01 
  6.6000E-01 
  6.8000E-01 
  7.0000E-01 
  7.2000E-01 
  7.4000E-01 
  7.6000E-01 
  7.8000E-01 
  8.0000E-01 
  8.2000E-01 
  8.4000E-01 
  8.6000E-01 
  8.8000E-01 
  9.0000E-01 
  9.2000E-01 
  9.4000E-01 
  9.6000E-01 
  9.8000E-01 
  1.0000E+00 
  4.0349E-01 
 4.0320E-01 
 4.0232E-01 
 4.0085E-01 
 3.9881E-01 
 3.9620E-01 
 3.9328E-01 
 3.9062E-01 
 3.8875E-01 
 3.8777E-01 
 3.8736E-01 
 3.8714E-01 
 3.8676E-01 
 3.8584E-01 
 3.8396E-01 
 3.8095E-01 
 3.7682E-01 
 3.7144E-01 
 3.6440E-01 
 3.5521E-01 
 3.4350E-01 
 3.2936E-01 
 3.1353E-01 
 2.9673E-01 
 2.7953E-01 
 2.6241E-01 
 2.4574E-01 
 2.2984E-01 
 2.1478E-01 
 2.0052E-01 
 1.8702E-01 
 1.7425E-01 
 1.6217E-01 
 1.5076E-01 
 1.4000E-01 
 1.2983E-01 
 1.2020E-01 
 1.1103E-01 
 1.0227E-01 
 9.3870E-02 
 8.5797E-02 
 7.8046E-02 
 7.0621E-02 
 6.3524E-02 
 5.6737E-02 
 5.0239E-02 
 4.4087E-02 
 3.8396E-02 
 3.3218E-02 
 2.8406E-02 
 2.3777E-02 
 4.0465E-01 
 4.0440E-01 
 4.0367E-01 
 4.0245E-01 
 4.0075E-01 
 3.9858E-01 
 3.9612E-01 
 3.9377E-01 
 3.9189E-01 
 3.9044E-01 
 3.8931E-01 
 3.8831E-01 
 3.8721E-01 
 3.8576E-01 
 3.8362E-01 
 3.8037E-01 
 3.7572E-01 
 3.6940E-01 
 3.6136E-01 
 3.5164E-01 
 3.4029E-01 
 3.2744E-01 
 3.1341E-01 
 2.9855E-01 
 2.8319E-01 
 2.6765E-01 
 2.5221E-01 
 2.3716E-01 
 2.2263E-01 
 2.0865E-01 
 1.9524E-01 
 1.8240E-01 
 1.7011E-01 
 1.5831E-01 
 1.4697E-01 
 1.3605E-01 
 1.2556E-01 
 1.1547E-01 
 1.0576E-01 
 9.6438E-02 
 8.7479E-02 
 7.8876E-02 
 7.0631E-02 
 6.2748E-02 
 5.5208E-02 
 4.7987E-02 
 4.1146E-02 
 3.4815E-02 
 2.9053E-02 
 2.3699E-02 
 1.8547E-02 


!chie from confinement nodes
POINTS 51 GRIDTYPE 14 NAMEXP CAR5 NTIMES 2 
 3.0030E-01 
  3.2530E-01 
  3.5030E-01 
  3.7530E-01 
  4.0030E-01 
  4.2530E-01 
  4.5030E-01 
  4.7530E-01 
  5.0030E-01 
  5.2530E-01 
  5.5030E-01 
  5.7530E-01 
  6.0030E-01 
  6.2530E-01 
  6.5030E-01 
  6.7530E-01 
  7.0030E-01 
  7.2530E-01 
  7.5030E-01 
  7.7530E-01 
  8.0030E-01 
  8.2530E-01 
  8.5030E-01 
  8.7530E-01 
  9.0030E-01 
  9.2530E-01 
  9.5030E-01 
  9.7530E-01 
  0.0000E+00 
  2.0000E-02 
  4.0000E-02 
  6.0000E-02 
  8.0000E-02 
  1.0000E-01 
  1.2000E-01 
  1.4000E-01 
  1.6000E-01 
  1.8000E-01 
  2.0000E-01 
  2.2000E-01 
  2.4000E-01 
  2.6000E-01 
  2.8000E-01 
  3.0000E-01 
  3.2000E-01 
  3.4000E-01 
  3.6000E-01 
  3.8000E-01 
  4.0000E-01 
  4.2000E-01 
  4.4000E-01 
  4.6000E-01 
  4.8000E-01 
  5.0000E-01 
  5.2000E-01 
  5.4000E-01 
  5.6000E-01 
  5.8000E-01 
  6.0000E-01 
  6.2000E-01 
  6.4000E-01 
  6.6000E-01 
  6.8000E-01 
  7.0000E-01 
  7.2000E-01 
  7.4000E-01 
  7.6000E-01 
  7.8000E-01 
  8.0000E-01 
  8.2000E-01 
  8.4000E-01 
  8.6000E-01 
  8.8000E-01 
  9.0000E-01 
  9.2000E-01 
  9.4000E-01 
  9.6000E-01 
  9.8000E-01 
  1.0000E+00 
  3.1310E-01 
 1.2273E+00 
 1.3693E+00 
 1.3256E+00 
 1.3208E+00 
 1.3698E+00 
 1.5957E+00 
 2.1706E+00 
 4.2778E+00 
 1.2893E+01 
 2.9855E+01 
 3.3687E+01 
 1.7475E+01 
 7.0507E+00 
 3.7811E+00 
 2.7755E+00 
 2.2110E+00 
 1.7527E+00 
 1.3735E+00 
 1.0855E+00 
 8.9121E-01 
 7.8424E-01 
 7.4142E-01 
 7.3727E-01 
 7.5882E-01 
 8.0251E-01 
 8.6760E-01 
 9.4993E-01 
 1.0433E+00 
 1.1437E+00 
 1.2506E+00 
 1.3638E+00 
 1.4813E+00 
 1.6000E+00 
 1.7159E+00 
 1.8248E+00 
 1.9235E+00 
 2.0092E+00 
 2.0817E+00 
 2.1433E+00 
 2.1959E+00 
 2.2409E+00 
 2.2792E+00 
 2.3108E+00 
 2.3298E+00 
 2.3293E+00 
 2.3215E+00 
 2.3338E+00 
 2.3842E+00 
 2.4635E+00 
 2.5571E+00 
 3.7778E-01 
 1.4815E+00 
 1.6597E+00 
 1.6166E+00 
 1.6231E+00 
 1.6828E+00 
 1.9576E+00 
 2.6802E+00 
 3.9981E+00 
 5.8907E+00 
 7.8605E+00 
 8.6456E+00 
 7.6964E+00 
 5.7562E+00 
 3.8985E+00 
 2.6631E+00 
 1.9327E+00 
 1.4964E+00 
 1.2296E+00 
 1.0563E+00 
 9.3891E-01 
 8.6533E-01 
 8.2766E-01 
 8.1711E-01 
 8.2919E-01 
 8.6336E-01 
 9.2012E-01 
 9.9792E-01 
 1.0935E+00 
 1.2042E+00 
 1.3281E+00 
 1.4593E+00 
 1.5875E+00 
 1.7005E+00 
 1.7900E+00 
 1.8549E+00 
 1.8992E+00 
 1.9284E+00 
 1.9482E+00 
 1.9628E+00 
 1.9742E+00 
 1.9830E+00 
 1.9899E+00 
 1.9954E+00 
 1.9933E+00 
 1.9757E+00 
 1.9514E+00 
 1.9423E+00 
 1.9636E+00 
 2.0079E+00 
 2.0638E+00 


!ECH profile set to zero (no ECH)
POINTS 51 GRIDTYPE 14 NAMEXP CAR4 NTIMES 1 
 3.0000E-01 
  0.0000E+00 
  2.0000E-02 
  4.0000E-02 
  6.0000E-02 
  8.0000E-02 
  1.0000E-01 
  1.2000E-01 
  1.4000E-01 
  1.6000E-01 
  1.8000E-01 
  2.0000E-01 
  2.2000E-01 
  2.4000E-01 
  2.6000E-01 
  2.8000E-01 
  3.0000E-01 
  3.2000E-01 
  3.4000E-01 
  3.6000E-01 
  3.8000E-01 
  4.0000E-01 
  4.2000E-01 
  4.4000E-01 
  4.6000E-01 
  4.8000E-01 
  5.0000E-01 
  5.2000E-01 
  5.4000E-01 
  5.6000E-01 
  5.8000E-01 
  6.0000E-01 
  6.2000E-01 
  6.4000E-01 
  6.6000E-01 
  6.8000E-01 
  7.0000E-01 
  7.2000E-01 
  7.4000E-01 
  7.6000E-01 
  7.8000E-01 
  8.0000E-01 
  8.2000E-01 
  8.4000E-01 
  8.6000E-01 
  8.8000E-01 
  9.0000E-01 
  9.2000E-01 
  9.4000E-01 
  9.6000E-01 
  9.8000E-01 
  1.0000E+00 
  0.0000E+00 
 0.0000E+00 
 0.0000E+00 
 0.0000E+00 
 0.0000E+00 
 0.0000E+00 
 0.0000E+00 
 0.0000E+00 
 0.0000E+00 
 0.0000E+00 
 0.0000E+00 
 0.0000E+00 
 0.0000E+00 
 0.0000E+00 
 0.0000E+00 
 0.0000E+00 
 0.0000E+00 
 0.0000E+00 
 0.0000E+00 
 0.0000E+00 
 0.0000E+00 
 0.0000E+00 
 0.0000E+00 
 0.0000E+00 
 0.0000E+00 
 0.0000E+00 
 0.0000E+00 
 0.0000E+00 
 0.0000E+00 
 0.0000E+00 
 0.0000E+00 
 0.0000E+00 
 0.0000E+00 
 0.0000E+00 
 0.0000E+00 
 0.0000E+00 
 0.0000E+00 
 0.0000E+00 
 0.0000E+00 
 0.0000E+00 
 0.0000E+00 
 0.0000E+00 
 0.0000E+00 
 0.0000E+00 
 0.0000E+00 
 0.0000E+00 
 0.0000E+00 
 0.0000E+00 
 0.0000E+00 
 0.0000E+00 
 0.0000E+00 


!ECCD profile set to zero (no ECCD)
POINTS 51 GRIDTYPE 14 NAMEXP CAR6 NTIMES 1 
 3.0000E-01 
  0.0000E+00 
  2.0000E-02 
  4.0000E-02 
  6.0000E-02 
  8.0000E-02 
  1.0000E-01 
  1.2000E-01 
  1.4000E-01 
  1.6000E-01 
  1.8000E-01 
  2.0000E-01 
  2.2000E-01 
  2.4000E-01 
  2.6000E-01 
  2.8000E-01 
  3.0000E-01 
  3.2000E-01 
  3.4000E-01 
  3.6000E-01 
  3.8000E-01 
  4.0000E-01 
  4.2000E-01 
  4.4000E-01 
  4.6000E-01 
  4.8000E-01 
  5.0000E-01 
  5.2000E-01 
  5.4000E-01 
  5.6000E-01 
  5.8000E-01 
  6.0000E-01 
  6.2000E-01 
  6.4000E-01 
  6.6000E-01 
  6.8000E-01 
  7.0000E-01 
  7.2000E-01 
  7.4000E-01 
  7.6000E-01 
  7.8000E-01 
  8.0000E-01 
  8.2000E-01 
  8.4000E-01 
  8.6000E-01 
  8.8000E-01 
  9.0000E-01 
  9.2000E-01 
  9.4000E-01 
  9.6000E-01 
  9.8000E-01 
  1.0000E+00 
  -0.0000E+00 
 -0.0000E+00 
 -0.0000E+00 
 -0.0000E+00 
 -0.0000E+00 
 -0.0000E+00 
 -0.0000E+00 
 -0.0000E+00 
 -0.0000E+00 
 -0.0000E+00 
 -0.0000E+00 
 -0.0000E+00 
 -0.0000E+00 
 -0.0000E+00 
 -0.0000E+00 
 -0.0000E+00 
 -0.0000E+00 
 -0.0000E+00 
 -0.0000E+00 
 -0.0000E+00 
 -0.0000E+00 
 -0.0000E+00 
 -0.0000E+00 
 -0.0000E+00 
 -0.0000E+00 
 -0.0000E+00 
 -0.0000E+00 
 -0.0000E+00 
 -0.0000E+00 
 -0.0000E+00 
 -0.0000E+00 
 -0.0000E+00 
 -0.0000E+00 
 -0.0000E+00 
 -0.0000E+00 
 -0.0000E+00 
 -0.0000E+00 
 -0.0000E+00 
 -0.0000E+00 
 -0.0000E+00 
 -0.0000E+00 
 -0.0000E+00 
 -0.0000E+00 
 -0.0000E+00 
 -0.0000E+00 
 -0.0000E+00 
 -0.0000E+00 
 -0.0000E+00 
 -0.0000E+00 
 -0.0000E+00 
 -0.0000E+00 
END