 -TCV- #36421 t0=0.6
 Param|Time  |  Value  |   Error
|-----|------|---------|--------
T_OFFSET          0.3000
TEND            1.6000
NB1             91.0000
AWALL           0.2800
AB              0.2600
RTOR            0.8800
ELONM           1.6000
TRICH           0.3000
ABC             0.2334
SHIFT           0.0100
ELONG           1.4674
TRIAN           0.3635
UPDWN           0.0000
ZMJ             1.0000
AMJ             2.0000
BTOR            1.4450
ZRD10           0.9800
ZRD30           36421.0000
ZRD6            0.1110
ZRD7            2.0000
ZRD8            0.0010
ZRD1            3.5000
ZRD3            0.3563
 

!Density boundary condition loading in time
NAMEXP ZRD2 NTIMES 1 
-3.0000E-01 
1.9650E-01 
 

!Ip from LIUQE [MA]
NAMEXP IPL NTIMES 28 
3.0000E-01 
3.2500E-01 
3.5000E-01 
3.7500E-01 
4.0000E-01 
4.2500E-01 
4.5000E-01 
4.7500E-01 
5.0000E-01 
5.2500E-01 
5.5000E-01 
5.7500E-01 
6.0000E-01 
6.2500E-01 
6.5000E-01 
6.7500E-01 
7.0000E-01 
7.2500E-01 
7.5000E-01 
7.7500E-01 
8.0000E-01 
8.2500E-01 
8.5000E-01 
8.7500E-01 
9.0000E-01 
9.2500E-01 
9.5000E-01 
9.7500E-01 
2.5888E-01 
2.5869E-01 
2.5874E-01 
2.5834E-01 
2.5880E-01 
2.5842E-01 
2.5823E-01 
2.5822E-01 
2.5865E-01 
2.5919E-01 
2.5838E-01 
2.5799E-01 
2.5902E-01 
2.5856E-01 
2.5854E-01 
2.5809E-01 
2.5856E-01 
2.5839E-01 
2.5866E-01 
2.5869E-01 
2.5852E-01 
2.5927E-01 
2.5870E-01 
2.5778E-01 
2.5888E-01 
2.5914E-01 
2.5884E-01 
2.5890E-01 


!Minor radius [m]
POINTS 51 GRIDTYPE 14 NAMEXP CAR9 NTIMES 1 
 0.0000E+00 
  0.0000E+00 
  2.0000E-02 
  4.0000E-02 
  6.0000E-02 
  8.0000E-02 
  1.0000E-01 
  1.2000E-01 
  1.4000E-01 
  1.6000E-01 
  1.8000E-01 
  2.0000E-01 
  2.2000E-01 
  2.4000E-01 
  2.6000E-01 
  2.8000E-01 
  3.0000E-01 
  3.2000E-01 
  3.4000E-01 
  3.6000E-01 
  3.8000E-01 
  4.0000E-01 
  4.2000E-01 
  4.4000E-01 
  4.6000E-01 
  4.8000E-01 
  5.0000E-01 
  5.2000E-01 
  5.4000E-01 
  5.6000E-01 
  5.8000E-01 
  6.0000E-01 
  6.2000E-01 
  6.4000E-01 
  6.6000E-01 
  6.8000E-01 
  7.0000E-01 
  7.2000E-01 
  7.4000E-01 
  7.6000E-01 
  7.8000E-01 
  8.0000E-01 
  8.2000E-01 
  8.4000E-01 
  8.6000E-01 
  8.8000E-01 
  9.0000E-01 
  9.2000E-01 
  9.4000E-01 
  9.6000E-01 
  9.8000E-01 
  1.0000E+00 
  0.0000E+00 
 5.2000E-03 
 1.0400E-02 
 1.5600E-02 
 2.0800E-02 
 2.6000E-02 
 3.1200E-02 
 3.6400E-02 
 4.1600E-02 
 4.6800E-02 
 5.2000E-02 
 5.7200E-02 
 6.2400E-02 
 6.7600E-02 
 7.2800E-02 
 7.8000E-02 
 8.3200E-02 
 8.8400E-02 
 9.3600E-02 
 9.8800E-02 
 1.0400E-01 
 1.0920E-01 
 1.1440E-01 
 1.1960E-01 
 1.2480E-01 
 1.3000E-01 
 1.3520E-01 
 1.4040E-01 
 1.4560E-01 
 1.5080E-01 
 1.5600E-01 
 1.6120E-01 
 1.6640E-01 
 1.7160E-01 
 1.7680E-01 
 1.8200E-01 
 1.8720E-01 
 1.9240E-01 
 1.9760E-01 
 2.0280E-01 
 2.0800E-01 
 2.1320E-01 
 2.1840E-01 
 2.2360E-01 
 2.2880E-01 
 2.3400E-01 
 2.3920E-01 
 2.4440E-01 
 2.4960E-01 
 2.5480E-01 
 2.6000E-01 


!initial mu from parabolic 1/q
POINTS 51 GRIDTYPE 14 NAMEXP MU NTIMES 1 
 0.0000E+00 
  0.0000E+00 
  2.0000E-02 
  4.0000E-02 
  6.0000E-02 
  8.0000E-02 
  1.0000E-01 
  1.2000E-01 
  1.4000E-01 
  1.6000E-01 
  1.8000E-01 
  2.0000E-01 
  2.2000E-01 
  2.4000E-01 
  2.6000E-01 
  2.8000E-01 
  3.0000E-01 
  3.2000E-01 
  3.4000E-01 
  3.6000E-01 
  3.8000E-01 
  4.0000E-01 
  4.2000E-01 
  4.4000E-01 
  4.6000E-01 
  4.8000E-01 
  5.0000E-01 
  5.2000E-01 
  5.4000E-01 
  5.6000E-01 
  5.8000E-01 
  6.0000E-01 
  6.2000E-01 
  6.4000E-01 
  6.6000E-01 
  6.8000E-01 
  7.0000E-01 
  7.2000E-01 
  7.4000E-01 
  7.6000E-01 
  7.8000E-01 
  8.0000E-01 
  8.2000E-01 
  8.4000E-01 
  8.6000E-01 
  8.8000E-01 
  9.0000E-01 
  9.2000E-01 
  9.4000E-01 
  9.6000E-01 
  9.8000E-01 
  1.0000E+00 
  5.0000E-01 
 4.9960E-01 
 4.9841E-01 
 4.9643E-01 
 4.9368E-01 
 4.9020E-01 
 4.8600E-01 
 4.8114E-01 
 4.7565E-01 
 4.6957E-01 
 4.6296E-01 
 4.5587E-01 
 4.4835E-01 
 4.4045E-01 
 4.3223E-01 
 4.2373E-01 
 4.1501E-01 
 4.0611E-01 
 3.9708E-01 
 3.8796E-01 
 3.7879E-01 
 3.6960E-01 
 3.6044E-01 
 3.5132E-01 
 3.4228E-01 
 3.3333E-01 
 3.2451E-01 
 3.1582E-01 
 3.0728E-01 
 2.9890E-01 
 2.9070E-01 
 2.8268E-01 
 2.7485E-01 
 2.6721E-01 
 2.5977E-01 
 2.5253E-01 
 2.4548E-01 
 2.3864E-01 
 2.3200E-01 
 2.2555E-01 
 2.1930E-01 
 2.1324E-01 
 2.0737E-01 
 2.0168E-01 
 1.9617E-01 
 1.9084E-01 
 1.8568E-01 
 1.8069E-01 
 1.7586E-01 
 1.7119E-01 
 1.6667E-01 


!ne from confinement nodes [1e19m^-3]
POINTS 51 GRIDTYPE 14 NAMEXP NE NTIMES 28 
 3.0030E-01 
  3.2530E-01 
  3.5030E-01 
  3.7530E-01 
  4.0030E-01 
  4.2530E-01 
  4.5030E-01 
  4.7530E-01 
  5.0030E-01 
  5.2530E-01 
  5.5030E-01 
  5.7530E-01 
  6.0030E-01 
  6.2530E-01 
  6.5030E-01 
  6.7530E-01 
  7.0030E-01 
  7.2530E-01 
  7.5030E-01 
  7.7530E-01 
  8.0030E-01 
  8.2530E-01 
  8.5030E-01 
  8.7530E-01 
  9.0030E-01 
  9.2530E-01 
  9.5030E-01 
  9.7530E-01 
  0.0000E+00 
  2.0000E-02 
  4.0000E-02 
  6.0000E-02 
  8.0000E-02 
  1.0000E-01 
  1.2000E-01 
  1.4000E-01 
  1.6000E-01 
  1.8000E-01 
  2.0000E-01 
  2.2000E-01 
  2.4000E-01 
  2.6000E-01 
  2.8000E-01 
  3.0000E-01 
  3.2000E-01 
  3.4000E-01 
  3.6000E-01 
  3.8000E-01 
  4.0000E-01 
  4.2000E-01 
  4.4000E-01 
  4.6000E-01 
  4.8000E-01 
  5.0000E-01 
  5.2000E-01 
  5.4000E-01 
  5.6000E-01 
  5.8000E-01 
  6.0000E-01 
  6.2000E-01 
  6.4000E-01 
  6.6000E-01 
  6.8000E-01 
  7.0000E-01 
  7.2000E-01 
  7.4000E-01 
  7.6000E-01 
  7.8000E-01 
  8.0000E-01 
  8.2000E-01 
  8.4000E-01 
  8.6000E-01 
  8.8000E-01 
  9.0000E-01 
  9.2000E-01 
  9.4000E-01 
  9.6000E-01 
  9.8000E-01 
  1.0000E+00 
  3.0077E+00 
 3.0051E+00 
 2.9971E+00 
 2.9838E+00 
 2.9653E+00 
 2.9415E+00 
 2.9124E+00 
 2.8777E+00 
 2.8398E+00 
 2.8089E+00 
 2.7937E+00 
 2.7961E+00 
 2.8134E+00 
 2.8421E+00 
 2.8747E+00 
 2.9050E+00 
 2.9289E+00 
 2.9436E+00 
 2.9482E+00 
 2.9420E+00 
 2.9250E+00 
 2.8937E+00 
 2.8415E+00 
 2.7676E+00 
 2.6795E+00 
 2.5827E+00 
 2.4813E+00 
 2.3788E+00 
 2.2780E+00 
 2.1806E+00 
 2.0882E+00 
 2.0024E+00 
 1.9255E+00 
 1.8593E+00 
 1.8040E+00 
 1.7570E+00 
 1.7150E+00 
 1.6769E+00 
 1.6420E+00 
 1.6098E+00 
 1.5798E+00 
 1.5515E+00 
 1.5248E+00 
 1.4994E+00 
 1.4751E+00 
 1.4518E+00 
 1.4298E+00 
 1.4094E+00 
 1.3909E+00 
 1.3736E+00 
 1.3571E+00 
 3.0280E+00 
 3.0231E+00 
 3.0083E+00 
 2.9837E+00 
 2.9495E+00 
 2.9059E+00 
 2.8560E+00 
 2.8078E+00 
 2.7687E+00 
 2.7403E+00 
 2.7227E+00 
 2.7194E+00 
 2.7375E+00 
 2.7809E+00 
 2.8408E+00 
 2.9038E+00 
 2.9600E+00 
 3.0013E+00 
 3.0242E+00 
 3.0281E+00 
 3.0123E+00 
 2.9767E+00 
 2.9213E+00 
 2.8461E+00 
 2.7521E+00 
 2.6421E+00 
 2.5200E+00 
 2.3894E+00 
 2.2548E+00 
 2.1217E+00 
 1.9949E+00 
 1.8792E+00 
 1.7810E+00 
 1.7072E+00 
 1.6609E+00 
 1.6377E+00 
 1.6290E+00 
 1.6283E+00 
 1.6304E+00 
 1.6314E+00 
 1.6293E+00 
 1.6237E+00 
 1.6142E+00 
 1.6007E+00 
 1.5839E+00 
 1.5650E+00 
 1.5450E+00 
 1.5253E+00 
 1.5065E+00 
 1.4885E+00 
 1.4709E+00 
 2.8569E+00 
 2.8575E+00 
 2.8592E+00 
 2.8622E+00 
 2.8663E+00 
 2.8715E+00 
 2.8778E+00 
 2.8850E+00 
 2.8923E+00 
 2.9000E+00 
 2.9100E+00 
 2.9213E+00 
 2.9312E+00 
 2.9377E+00 
 2.9409E+00 
 2.9409E+00 
 2.9369E+00 
 2.9281E+00 
 2.9131E+00 
 2.8904E+00 
 2.8586E+00 
 2.8158E+00 
 2.7593E+00 
 2.6883E+00 
 2.6073E+00 
 2.5201E+00 
 2.4300E+00 
 2.3396E+00 
 2.2509E+00 
 2.1656E+00 
 2.0848E+00 
 2.0095E+00 
 1.9406E+00 
 1.8787E+00 
 1.8242E+00 
 1.7764E+00 
 1.7337E+00 
 1.6949E+00 
 1.6587E+00 
 1.6243E+00 
 1.5915E+00 
 1.5601E+00 
 1.5301E+00 
 1.5014E+00 
 1.4739E+00 
 1.4476E+00 
 1.4227E+00 
 1.3997E+00 
 1.3787E+00 
 1.3592E+00 
 1.3404E+00 
 2.3995E+00 
 2.4024E+00 
 2.4109E+00 
 2.4252E+00 
 2.4453E+00 
 2.4713E+00 
 2.5074E+00 
 2.5634E+00 
 2.6417E+00 
 2.7321E+00 
 2.8271E+00 
 2.9205E+00 
 3.0075E+00 
 3.0841E+00 
 3.1486E+00 
 3.2002E+00 
 3.2374E+00 
 3.2589E+00 
 3.2629E+00 
 3.2479E+00 
 3.2128E+00 
 3.1552E+00 
 3.0713E+00 
 2.9616E+00 
 2.8344E+00 
 2.6968E+00 
 2.5540E+00 
 2.4109E+00 
 2.2716E+00 
 2.1397E+00 
 2.0183E+00 
 1.9100E+00 
 1.8176E+00 
 1.7436E+00 
 1.6902E+00 
 1.6546E+00 
 1.6311E+00 
 1.6143E+00 
 1.5995E+00 
 1.5833E+00 
 1.5645E+00 
 1.5434E+00 
 1.5204E+00 
 1.4957E+00 
 1.4701E+00 
 1.4439E+00 
 1.4181E+00 
 1.3935E+00 
 1.3706E+00 
 1.3491E+00 
 1.3282E+00 
 3.0299E+00 
 3.0262E+00 
 3.0149E+00 
 2.9962E+00 
 2.9702E+00 
 2.9370E+00 
 2.9006E+00 
 2.8702E+00 
 2.8530E+00 
 2.8497E+00 
 2.8591E+00 
 2.8780E+00 
 2.9024E+00 
 2.9284E+00 
 2.9519E+00 
 2.9691E+00 
 2.9768E+00 
 2.9728E+00 
 2.9569E+00 
 2.9298E+00 
 2.8919E+00 
 2.8427E+00 
 2.7800E+00 
 2.7044E+00 
 2.6206E+00 
 2.5318E+00 
 2.4400E+00 
 2.3468E+00 
 2.2542E+00 
 2.1642E+00 
 2.0783E+00 
 1.9980E+00 
 1.9248E+00 
 1.8600E+00 
 1.8043E+00 
 1.7567E+00 
 1.7152E+00 
 1.6781E+00 
 1.6438E+00 
 1.6111E+00 
 1.5796E+00 
 1.5494E+00 
 1.5204E+00 
 1.4927E+00 
 1.4661E+00 
 1.4408E+00 
 1.4167E+00 
 1.3945E+00 
 1.3743E+00 
 1.3555E+00 
 1.3375E+00 
 3.0357E+00 
 3.0326E+00 
 3.0234E+00 
 3.0080E+00 
 2.9867E+00 
 2.9595E+00 
 2.9294E+00 
 2.9030E+00 
 2.8858E+00 
 2.8775E+00 
 2.8758E+00 
 2.8800E+00 
 2.8904E+00 
 2.9065E+00 
 2.9226E+00 
 2.9323E+00 
 2.9306E+00 
 2.9149E+00 
 2.8873E+00 
 2.8514E+00 
 2.8105E+00 
 2.7672E+00 
 2.7210E+00 
 2.6678E+00 
 2.6044E+00 
 2.5310E+00 
 2.4485E+00 
 2.3577E+00 
 2.2618E+00 
 2.1649E+00 
 2.0705E+00 
 1.9816E+00 
 1.9009E+00 
 1.8307E+00 
 1.7722E+00 
 1.7237E+00 
 1.6824E+00 
 1.6461E+00 
 1.6129E+00 
 1.5816E+00 
 1.5517E+00 
 1.5232E+00 
 1.4960E+00 
 1.4699E+00 
 1.4450E+00 
 1.4211E+00 
 1.3986E+00 
 1.3778E+00 
 1.3588E+00 
 1.3411E+00 
 1.3241E+00 
 2.9585E+00 
 2.9555E+00 
 2.9467E+00 
 2.9321E+00 
 2.9119E+00 
 2.8862E+00 
 2.8593E+00 
 2.8405E+00 
 2.8361E+00 
 2.8427E+00 
 2.8554E+00 
 2.8704E+00 
 2.8851E+00 
 2.8965E+00 
 2.9007E+00 
 2.8941E+00 
 2.8743E+00 
 2.8401E+00 
 2.7955E+00 
 2.7455E+00 
 2.6944E+00 
 2.6478E+00 
 2.6062E+00 
 2.5633E+00 
 2.5139E+00 
 2.4566E+00 
 2.3917E+00 
 2.3194E+00 
 2.2419E+00 
 2.1620E+00 
 2.0824E+00 
 2.0056E+00 
 1.9342E+00 
 1.8704E+00 
 1.8161E+00 
 1.7702E+00 
 1.7307E+00 
 1.6960E+00 
 1.6646E+00 
 1.6359E+00 
 1.6092E+00 
 1.5841E+00 
 1.5602E+00 
 1.5373E+00 
 1.5155E+00 
 1.4946E+00 
 1.4748E+00 
 1.4566E+00 
 1.4399E+00 
 1.4245E+00 
 1.4096E+00 
 3.0262E+00 
 3.0218E+00 
 3.0086E+00 
 2.9868E+00 
 2.9564E+00 
 2.9177E+00 
 2.8737E+00 
 2.8308E+00 
 2.7951E+00 
 2.7715E+00 
 2.7623E+00 
 2.7666E+00 
 2.7822E+00 
 2.8059E+00 
 2.8298E+00 
 2.8463E+00 
 2.8508E+00 
 2.8415E+00 
 2.8198E+00 
 2.7883E+00 
 2.7487E+00 
 2.7013E+00 
 2.6451E+00 
 2.5798E+00 
 2.5058E+00 
 2.4244E+00 
 2.3368E+00 
 2.2446E+00 
 2.1504E+00 
 2.0572E+00 
 1.9674E+00 
 1.8837E+00 
 1.8098E+00 
 1.7485E+00 
 1.7004E+00 
 1.6641E+00 
 1.6372E+00 
 1.6174E+00 
 1.6027E+00 
 1.5915E+00 
 1.5825E+00 
 1.5748E+00 
 1.5677E+00 
 1.5609E+00 
 1.5543E+00 
 1.5481E+00 
 1.5422E+00 
 1.5367E+00 
 1.5318E+00 
 1.5272E+00 
 1.5227E+00 
 3.0855E+00 
 3.0808E+00 
 3.0667E+00 
 3.0433E+00 
 3.0108E+00 
 2.9693E+00 
 2.9225E+00 
 2.8769E+00 
 2.8389E+00 
 2.8130E+00 
 2.8008E+00 
 2.8011E+00 
 2.8116E+00 
 2.8291E+00 
 2.8460E+00 
 2.8562E+00 
 2.8563E+00 
 2.8453E+00 
 2.8245E+00 
 2.7956E+00 
 2.7598E+00 
 2.7167E+00 
 2.6649E+00 
 2.6028E+00 
 2.5298E+00 
 2.4489E+00 
 2.3630E+00 
 2.2747E+00 
 2.1860E+00 
 2.0986E+00 
 2.0139E+00 
 1.9340E+00 
 1.8616E+00 
 1.7986E+00 
 1.7455E+00 
 1.7000E+00 
 1.6601E+00 
 1.6245E+00 
 1.5925E+00 
 1.5631E+00 
 1.5359E+00 
 1.5103E+00 
 1.4862E+00 
 1.4632E+00 
 1.4412E+00 
 1.4202E+00 
 1.4004E+00 
 1.3821E+00 
 1.3654E+00 
 1.3500E+00 
 1.3350E+00 
 3.1096E+00 
 3.1046E+00 
 3.0896E+00 
 3.0646E+00 
 3.0299E+00 
 2.9856E+00 
 2.9350E+00 
 2.8837E+00 
 2.8374E+00 
 2.8037E+00 
 2.7890E+00 
 2.7922E+00 
 2.8107E+00 
 2.8400E+00 
 2.8691E+00 
 2.8896E+00 
 2.8983E+00 
 2.8953E+00 
 2.8824E+00 
 2.8618E+00 
 2.8339E+00 
 2.7959E+00 
 2.7452E+00 
 2.6815E+00 
 2.6068E+00 
 2.5245E+00 
 2.4377E+00 
 2.3494E+00 
 2.2616E+00 
 2.1763E+00 
 2.0950E+00 
 2.0197E+00 
 1.9525E+00 
 1.8950E+00 
 1.8462E+00 
 1.8012E+00 
 1.7549E+00 
 1.7040E+00 
 1.6491E+00 
 1.5919E+00 
 1.5340E+00 
 1.4763E+00 
 1.4197E+00 
 1.3651E+00 
 1.3127E+00 
 1.2625E+00 
 1.2152E+00 
 1.1715E+00 
 1.1318E+00 
 1.0947E+00 
 1.0591E+00 
 3.0601E+00 
 3.0568E+00 
 3.0469E+00 
 3.0305E+00 
 3.0076E+00 
 2.9783E+00 
 2.9449E+00 
 2.9116E+00 
 2.8824E+00 
 2.8594E+00 
 2.8442E+00 
 2.8389E+00 
 2.8457E+00 
 2.8646E+00 
 2.8864E+00 
 2.9023E+00 
 2.9096E+00 
 2.9073E+00 
 2.8959E+00 
 2.8760E+00 
 2.8483E+00 
 2.8126E+00 
 2.7671E+00 
 2.7088E+00 
 2.6369E+00 
 2.5541E+00 
 2.4636E+00 
 2.3680E+00 
 2.2697E+00 
 2.1705E+00 
 2.0721E+00 
 1.9770E+00 
 1.8894E+00 
 1.8126E+00 
 1.7481E+00 
 1.6938E+00 
 1.6469E+00 
 1.6055E+00 
 1.5678E+00 
 1.5325E+00 
 1.4992E+00 
 1.4675E+00 
 1.4374E+00 
 1.4085E+00 
 1.3809E+00 
 1.3546E+00 
 1.3297E+00 
 1.3067E+00 
 1.2858E+00 
 1.2663E+00 
 1.2475E+00 
 2.8483E+00 
 2.8480E+00 
 2.8469E+00 
 2.8452E+00 
 2.8428E+00 
 2.8398E+00 
 2.8368E+00 
 2.8350E+00 
 2.8356E+00 
 2.8391E+00 
 2.8456E+00 
 2.8546E+00 
 2.8656E+00 
 2.8780E+00 
 2.8898E+00 
 2.8986E+00 
 2.9028E+00 
 2.9007E+00 
 2.8910E+00 
 2.8722E+00 
 2.8433E+00 
 2.8033E+00 
 2.7522E+00 
 2.6916E+00 
 2.6233E+00 
 2.5493E+00 
 2.4714E+00 
 2.3911E+00 
 2.3100E+00 
 2.2292E+00 
 2.1498E+00 
 2.0726E+00 
 1.9982E+00 
 1.9272E+00 
 1.8599E+00 
 1.7960E+00 
 1.7352E+00 
 1.6771E+00 
 1.6214E+00 
 1.5680E+00 
 1.5168E+00 
 1.4676E+00 
 1.4205E+00 
 1.3755E+00 
 1.3325E+00 
 1.2913E+00 
 1.2524E+00 
 1.2166E+00 
 1.1839E+00 
 1.1535E+00 
 1.1242E+00 
 2.8736E+00 
 2.8735E+00 
 2.8731E+00 
 2.8724E+00 
 2.8714E+00 
 2.8702E+00 
 2.8689E+00 
 2.8682E+00 
 2.8684E+00 
 2.8696E+00 
 2.8717E+00 
 2.8740E+00 
 2.8762E+00 
 2.8777E+00 
 2.8769E+00 
 2.8724E+00 
 2.8632E+00 
 2.8484E+00 
 2.8271E+00 
 2.7991E+00 
 2.7637E+00 
 2.7209E+00 
 2.6711E+00 
 2.6151E+00 
 2.5539E+00 
 2.4885E+00 
 2.4201E+00 
 2.3495E+00 
 2.2779E+00 
 2.2060E+00 
 2.1347E+00 
 2.0646E+00 
 1.9961E+00 
 1.9297E+00 
 1.8656E+00 
 1.8038E+00 
 1.7443E+00 
 1.6869E+00 
 1.6316E+00 
 1.5785E+00 
 1.5274E+00 
 1.4783E+00 
 1.4313E+00 
 1.3864E+00 
 1.3435E+00 
 1.3025E+00 
 1.2637E+00 
 1.2279E+00 
 1.1954E+00 
 1.1651E+00 
 1.1359E+00 
 2.9111E+00 
 2.9094E+00 
 2.9043E+00 
 2.8958E+00 
 2.8841E+00 
 2.8691E+00 
 2.8522E+00 
 2.8358E+00 
 2.8226E+00 
 2.8139E+00 
 2.8109E+00 
 2.8140E+00 
 2.8237E+00 
 2.8396E+00 
 2.8572E+00 
 2.8720E+00 
 2.8809E+00 
 2.8818E+00 
 2.8737E+00 
 2.8560E+00 
 2.8283E+00 
 2.7908E+00 
 2.7438E+00 
 2.6879E+00 
 2.6239E+00 
 2.5534E+00 
 2.4782E+00 
 2.3997E+00 
 2.3195E+00 
 2.2390E+00 
 2.1593E+00 
 2.0814E+00 
 2.0060E+00 
 1.9335E+00 
 1.8642E+00 
 1.7978E+00 
 1.7337E+00 
 1.6714E+00 
 1.6107E+00 
 1.5513E+00 
 1.4932E+00 
 1.4365E+00 
 1.3815E+00 
 1.3283E+00 
 1.2770E+00 
 1.2275E+00 
 1.1807E+00 
 1.1374E+00 
 1.0980E+00 
 1.0613E+00 
 1.0259E+00 
 2.9957E+00 
 2.9936E+00 
 2.9872E+00 
 2.9766E+00 
 2.9619E+00 
 2.9431E+00 
 2.9222E+00 
 2.9030E+00 
 2.8893E+00 
 2.8825E+00 
 2.8831E+00 
 2.8897E+00 
 2.9003E+00 
 2.9128E+00 
 2.9232E+00 
 2.9282E+00 
 2.9257E+00 
 2.9145E+00 
 2.8956E+00 
 2.8704E+00 
 2.8402E+00 
 2.8054E+00 
 2.7644E+00 
 2.7147E+00 
 2.6552E+00 
 2.5871E+00 
 2.5129E+00 
 2.4347E+00 
 2.3538E+00 
 2.2711E+00 
 2.1873E+00 
 2.1033E+00 
 2.0213E+00 
 1.9439E+00 
 1.8724E+00 
 1.8055E+00 
 1.7407E+00 
 1.6756E+00 
 1.6091E+00 
 1.5408E+00 
 1.4710E+00 
 1.3998E+00 
 1.3281E+00 
 1.2566E+00 
 1.1861E+00 
 1.1173E+00 
 1.0516E+00 
 9.9069E-01 
 9.3517E-01 
 8.8347E-01 
 8.3368E-01 
 3.1060E+00 
 3.1035E+00 
 3.0963E+00 
 3.0843E+00 
 3.0675E+00 
 3.0463E+00 
 3.0224E+00 
 2.9995E+00 
 2.9810E+00 
 2.9692E+00 
 2.9648E+00 
 2.9677E+00 
 2.9771E+00 
 2.9916E+00 
 3.0055E+00 
 3.0137E+00 
 3.0137E+00 
 3.0042E+00 
 2.9850E+00 
 2.9562E+00 
 2.9179E+00 
 2.8693E+00 
 2.8090E+00 
 2.7351E+00 
 2.6471E+00 
 2.5474E+00 
 2.4387E+00 
 2.3235E+00 
 2.2054E+00 
 2.0880E+00 
 1.9745E+00 
 1.8684E+00 
 1.7756E+00 
 1.7005E+00 
 1.6447E+00 
 1.6024E+00 
 1.5674E+00 
 1.5348E+00 
 1.5012E+00 
 1.4644E+00 
 1.4239E+00 
 1.3799E+00 
 1.3330E+00 
 1.2842E+00 
 1.2345E+00 
 1.1853E+00 
 1.1378E+00 
 1.0937E+00 
 1.0535E+00 
 1.0161E+00 
 9.8001E-01 
 3.0044E+00 
 3.0023E+00 
 2.9960E+00 
 2.9855E+00 
 2.9710E+00 
 2.9526E+00 
 2.9318E+00 
 2.9121E+00 
 2.8962E+00 
 2.8852E+00 
 2.8793E+00 
 2.8779E+00 
 2.8804E+00 
 2.8858E+00 
 2.8911E+00 
 2.8931E+00 
 2.8888E+00 
 2.8765E+00 
 2.8555E+00 
 2.8260E+00 
 2.7877E+00 
 2.7403E+00 
 2.6822E+00 
 2.6112E+00 
 2.5270E+00 
 2.4313E+00 
 2.3266E+00 
 2.2154E+00 
 2.1017E+00 
 1.9897E+00 
 1.8832E+00 
 1.7861E+00 
 1.7039E+00 
 1.6412E+00 
 1.5994E+00 
 1.5735E+00 
 1.5585E+00 
 1.5503E+00 
 1.5458E+00 
 1.5430E+00 
 1.5412E+00 
 1.5401E+00 
 1.5393E+00 
 1.5386E+00 
 1.5378E+00 
 1.5371E+00 
 1.5364E+00 
 1.5358E+00 
 1.5353E+00 
 1.5347E+00 
 1.5342E+00 
 3.0418E+00 
 3.0372E+00 
 3.0235E+00 
 3.0007E+00 
 2.9690E+00 
 2.9285E+00 
 2.8809E+00 
 2.8291E+00 
 2.7761E+00 
 2.7255E+00 
 2.6821E+00 
 2.6532E+00 
 2.6465E+00 
 2.6647E+00 
 2.6976E+00 
 2.7347E+00 
 2.7688E+00 
 2.7949E+00 
 2.8105E+00 
 2.8140E+00 
 2.8036E+00 
 2.7782E+00 
 2.7375E+00 
 2.6819E+00 
 2.6133E+00 
 2.5346E+00 
 2.4488E+00 
 2.3586E+00 
 2.2666E+00 
 2.1753E+00 
 2.0869E+00 
 2.0032E+00 
 1.9260E+00 
 1.8568E+00 
 1.7962E+00 
 1.7429E+00 
 1.6956E+00 
 1.6529E+00 
 1.6139E+00 
 1.5777E+00 
 1.5438E+00 
 1.5119E+00 
 1.4816E+00 
 1.4529E+00 
 1.4254E+00 
 1.3992E+00 
 1.3744E+00 
 1.3516E+00 
 1.3308E+00 
 1.3115E+00 
 1.2928E+00 
 2.9239E+00 
 2.9202E+00 
 2.9090E+00 
 2.8904E+00 
 2.8644E+00 
 2.8313E+00 
 2.7949E+00 
 2.7624E+00 
 2.7400E+00 
 2.7284E+00 
 2.7258E+00 
 2.7318E+00 
 2.7466E+00 
 2.7684E+00 
 2.7894E+00 
 2.8033E+00 
 2.8065E+00 
 2.7983E+00 
 2.7818E+00 
 2.7604E+00 
 2.7365E+00 
 2.7088E+00 
 2.6734E+00 
 2.6257E+00 
 2.5638E+00 
 2.4905E+00 
 2.4095E+00 
 2.3238E+00 
 2.2363E+00 
 2.1494E+00 
 2.0654E+00 
 1.9859E+00 
 1.9127E+00 
 1.8470E+00 
 1.7894E+00 
 1.7388E+00 
 1.6939E+00 
 1.6534E+00 
 1.6163E+00 
 1.5820E+00 
 1.5498E+00 
 1.5194E+00 
 1.4907E+00 
 1.4634E+00 
 1.4373E+00 
 1.4123E+00 
 1.3888E+00 
 1.3671E+00 
 1.3474E+00 
 1.3290E+00 
 1.3113E+00 
 2.9888E+00 
 2.9844E+00 
 2.9712E+00 
 2.9493E+00 
 2.9188E+00 
 2.8799E+00 
 2.8366E+00 
 2.7961E+00 
 2.7651E+00 
 2.7473E+00 
 2.7440E+00 
 2.7547E+00 
 2.7791E+00 
 2.8141E+00 
 2.8494E+00 
 2.8757E+00 
 2.8880E+00 
 2.8864E+00 
 2.8746E+00 
 2.8562E+00 
 2.8333E+00 
 2.8031E+00 
 2.7615E+00 
 2.7032E+00 
 2.6272E+00 
 2.5366E+00 
 2.4348E+00 
 2.3248E+00 
 2.2106E+00 
 2.0954E+00 
 1.9826E+00 
 1.8768E+00 
 1.7843E+00 
 1.7100E+00 
 1.6550E+00 
 1.6143E+00 
 1.5828E+00 
 1.5568E+00 
 1.5328E+00 
 1.5087E+00 
 1.4844E+00 
 1.4603E+00 
 1.4368E+00 
 1.4141E+00 
 1.3924E+00 
 1.3716E+00 
 1.3521E+00 
 1.3341E+00 
 1.3178E+00 
 1.3025E+00 
 1.2878E+00 
 2.8887E+00 
 2.8868E+00 
 2.8810E+00 
 2.8714E+00 
 2.8581E+00 
 2.8411E+00 
 2.8227E+00 
 2.8065E+00 
 2.7958E+00 
 2.7924E+00 
 2.7968E+00 
 2.8076E+00 
 2.8229E+00 
 2.8404E+00 
 2.8549E+00 
 2.8632E+00 
 2.8630E+00 
 2.8538E+00 
 2.8366E+00 
 2.8127E+00 
 2.7830E+00 
 2.7482E+00 
 2.7066E+00 
 2.6534E+00 
 2.5872E+00 
 2.5103E+00 
 2.4255E+00 
 2.3352E+00 
 2.2422E+00 
 2.1490E+00 
 2.0578E+00 
 1.9709E+00 
 1.8907E+00 
 1.8192E+00 
 1.7569E+00 
 1.7016E+00 
 1.6516E+00 
 1.6055E+00 
 1.5621E+00 
 1.5205E+00 
 1.4808E+00 
 1.4427E+00 
 1.4064E+00 
 1.3717E+00 
 1.3385E+00 
 1.3069E+00 
 1.2771E+00 
 1.2497E+00 
 1.2247E+00 
 1.2015E+00 
 1.1790E+00 
 2.9927E+00 
 2.9883E+00 
 2.9752E+00 
 2.9534E+00 
 2.9231E+00 
 2.8846E+00 
 2.8417E+00 
 2.8009E+00 
 2.7678E+00 
 2.7458E+00 
 2.7372E+00 
 2.7433E+00 
 2.7657E+00 
 2.8018E+00 
 2.8393E+00 
 2.8686E+00 
 2.8833E+00 
 2.8813E+00 
 2.8653E+00 
 2.8384E+00 
 2.8031E+00 
 2.7600E+00 
 2.7082E+00 
 2.6454E+00 
 2.5711E+00 
 2.4873E+00 
 2.3962E+00 
 2.2999E+00 
 2.2011E+00 
 2.1025E+00 
 2.0063E+00 
 1.9155E+00 
 1.8339E+00 
 1.7648E+00 
 1.7090E+00 
 1.6634E+00 
 1.6250E+00 
 1.5914E+00 
 1.5609E+00 
 1.5323E+00 
 1.5054E+00 
 1.4800E+00 
 1.4558E+00 
 1.4327E+00 
 1.4106E+00 
 1.3896E+00 
 1.3697E+00 
 1.3515E+00 
 1.3349E+00 
 1.3194E+00 
 1.3045E+00 
 2.9623E+00 
 2.9582E+00 
 2.9460E+00 
 2.9258E+00 
 2.8976E+00 
 2.8617E+00 
 2.8233E+00 
 2.7904E+00 
 2.7698E+00 
 2.7636E+00 
 2.7712E+00 
 2.7890E+00 
 2.8130E+00 
 2.8385E+00 
 2.8578E+00 
 2.8650E+00 
 2.8562E+00 
 2.8306E+00 
 2.7933E+00 
 2.7497E+00 
 2.7047E+00 
 2.6612E+00 
 2.6188E+00 
 2.5737E+00 
 2.5238E+00 
 2.4690E+00 
 2.4098E+00 
 2.3468E+00 
 2.2800E+00 
 2.2096E+00 
 2.1358E+00 
 2.0596E+00 
 1.9843E+00 
 1.9132E+00 
 1.8481E+00 
 1.7884E+00 
 1.7328E+00 
 1.6800E+00 
 1.6295E+00 
 1.5810E+00 
 1.5346E+00 
 1.4901E+00 
 1.4475E+00 
 1.4070E+00 
 1.3682E+00 
 1.3311E+00 
 1.2963E+00 
 1.2642E+00 
 1.2351E+00 
 1.2079E+00 
 1.1817E+00 
 2.9444E+00 
 2.9406E+00 
 2.9291E+00 
 2.9099E+00 
 2.8832E+00 
 2.8495E+00 
 2.8132E+00 
 2.7816E+00 
 2.7609E+00 
 2.7535E+00 
 2.7589E+00 
 2.7745E+00 
 2.7972E+00 
 2.8234E+00 
 2.8463E+00 
 2.8598E+00 
 2.8591E+00 
 2.8429E+00 
 2.8142E+00 
 2.7762E+00 
 2.7315E+00 
 2.6822E+00 
 2.6286E+00 
 2.5695E+00 
 2.5048E+00 
 2.4357E+00 
 2.3635E+00 
 2.2894E+00 
 2.2143E+00 
 2.1390E+00 
 2.0641E+00 
 1.9903E+00 
 1.9203E+00 
 1.8565E+00 
 1.8003E+00 
 1.7504E+00 
 1.7052E+00 
 1.6633E+00 
 1.6236E+00 
 1.5855E+00 
 1.5491E+00 
 1.5143E+00 
 1.4810E+00 
 1.4492E+00 
 1.4188E+00 
 1.3899E+00 
 1.3626E+00 
 1.3375E+00 
 1.3146E+00 
 1.2933E+00 
 1.2728E+00 
 2.9491E+00 
 2.9451E+00 
 2.9333E+00 
 2.9137E+00 
 2.8865E+00 
 2.8520E+00 
 2.8152E+00 
 2.7834E+00 
 2.7628E+00 
 2.7552E+00 
 2.7600E+00 
 2.7745E+00 
 2.7958E+00 
 2.8202E+00 
 2.8418E+00 
 2.8548E+00 
 2.8548E+00 
 2.8404E+00 
 2.8139E+00 
 2.7782E+00 
 2.7359E+00 
 2.6894E+00 
 2.6384E+00 
 2.5800E+00 
 2.5130E+00 
 2.4392E+00 
 2.3608E+00 
 2.2798E+00 
 2.1981E+00 
 2.1172E+00 
 2.0387E+00 
 1.9635E+00 
 1.8936E+00 
 1.8309E+00 
 1.7761E+00 
 1.7277E+00 
 1.6838E+00 
 1.6427E+00 
 1.6032E+00 
 1.5648E+00 
 1.5275E+00 
 1.4916E+00 
 1.4573E+00 
 1.4245E+00 
 1.3931E+00 
 1.3631E+00 
 1.3350E+00 
 1.3090E+00 
 1.2854E+00 
 1.2634E+00 
 1.2422E+00 
 2.9343E+00 
 2.9306E+00 
 2.9195E+00 
 2.9011E+00 
 2.8755E+00 
 2.8432E+00 
 2.8089E+00 
 2.7793E+00 
 2.7602E+00 
 2.7534E+00 
 2.7584E+00 
 2.7732E+00 
 2.7954E+00 
 2.8220E+00 
 2.8466E+00 
 2.8634E+00 
 2.8680E+00 
 2.8586E+00 
 2.8365E+00 
 2.8034E+00 
 2.7606E+00 
 2.7092E+00 
 2.6487E+00 
 2.5783E+00 
 2.4988E+00 
 2.4129E+00 
 2.3234E+00 
 2.2328E+00 
 2.1434E+00 
 2.0572E+00 
 1.9758E+00 
 1.9009E+00 
 1.8336E+00 
 1.7752E+00 
 1.7256E+00 
 1.6831E+00 
 1.6455E+00 
 1.6113E+00 
 1.5791E+00 
 1.5484E+00 
 1.5191E+00 
 1.4910E+00 
 1.4643E+00 
 1.4388E+00 
 1.4144E+00 
 1.3911E+00 
 1.3692E+00 
 1.3490E+00 
 1.3307E+00 
 1.3136E+00 
 1.2971E+00 
 2.9458E+00 
 2.9451E+00 
 2.9430E+00 
 2.9396E+00 
 2.9348E+00 
 2.9288E+00 
 2.9218E+00 
 2.9143E+00 
 2.9068E+00 
 2.8994E+00 
 2.8923E+00 
 2.8851E+00 
 2.8776E+00 
 2.8693E+00 
 2.8587E+00 
 2.8441E+00 
 2.8241E+00 
 2.7979E+00 
 2.7651E+00 
 2.7257E+00 
 2.6800E+00 
 2.6281E+00 
 2.5707E+00 
 2.5085E+00 
 2.4423E+00 
 2.3733E+00 
 2.3025E+00 
 2.2311E+00 
 2.1600E+00 
 2.0903E+00 
 2.0229E+00 
 1.9581E+00 
 1.8960E+00 
 1.8366E+00 
 1.7799E+00 
 1.7256E+00 
 1.6737E+00 
 1.6238E+00 
 1.5759E+00 
 1.5298E+00 
 1.4857E+00 
 1.4434E+00 
 1.4030E+00 
 1.3644E+00 
 1.3275E+00 
 1.2923E+00 
 1.2592E+00 
 1.2288E+00 
 1.2011E+00 
 1.1752E+00 
 1.1503E+00 
 2.9242E+00 
 2.9203E+00 
 2.9085E+00 
 2.8890E+00 
 2.8618E+00 
 2.8274E+00 
 2.7901E+00 
 2.7570E+00 
 2.7340E+00 
 2.7236E+00 
 2.7261E+00 
 2.7404E+00 
 2.7648E+00 
 2.7969E+00 
 2.8311E+00 
 2.8589E+00 
 2.8720E+00 
 2.8667E+00 
 2.8477E+00 
 2.8198E+00 
 2.7870E+00 
 2.7498E+00 
 2.7051E+00 
 2.6484E+00 
 2.5777E+00 
 2.4952E+00 
 2.4036E+00 
 2.3058E+00 
 2.2054E+00 
 2.1061E+00 
 2.0110E+00 
 1.9228E+00 
 1.8447E+00 
 1.7801E+00 
 1.7296E+00 
 1.6897E+00 
 1.6558E+00 
 1.6239E+00 
 1.5927E+00 
 1.5617E+00 
 1.5314E+00 
 1.5021E+00 
 1.4741E+00 
 1.4472E+00 
 1.4216E+00 
 1.3972E+00 
 1.3741E+00 
 1.3530E+00 
 1.3337E+00 
 1.3158E+00 
 1.2984E+00 


!te from confinement nodes [keV]
POINTS 51 GRIDTYPE 14 NAMEXP TE NTIMES 28 
 3.0030E-01 
  3.2530E-01 
  3.5030E-01 
  3.7530E-01 
  4.0030E-01 
  4.2530E-01 
  4.5030E-01 
  4.7530E-01 
  5.0030E-01 
  5.2530E-01 
  5.5030E-01 
  5.7530E-01 
  6.0030E-01 
  6.2530E-01 
  6.5030E-01 
  6.7530E-01 
  7.0030E-01 
  7.2530E-01 
  7.5030E-01 
  7.7530E-01 
  8.0030E-01 
  8.2530E-01 
  8.5030E-01 
  8.7530E-01 
  9.0030E-01 
  9.2530E-01 
  9.5030E-01 
  9.7530E-01 
  0.0000E+00 
  2.0000E-02 
  4.0000E-02 
  6.0000E-02 
  8.0000E-02 
  1.0000E-01 
  1.2000E-01 
  1.4000E-01 
  1.6000E-01 
  1.8000E-01 
  2.0000E-01 
  2.2000E-01 
  2.4000E-01 
  2.6000E-01 
  2.8000E-01 
  3.0000E-01 
  3.2000E-01 
  3.4000E-01 
  3.6000E-01 
  3.8000E-01 
  4.0000E-01 
  4.2000E-01 
  4.4000E-01 
  4.6000E-01 
  4.8000E-01 
  5.0000E-01 
  5.2000E-01 
  5.4000E-01 
  5.6000E-01 
  5.8000E-01 
  6.0000E-01 
  6.2000E-01 
  6.4000E-01 
  6.6000E-01 
  6.8000E-01 
  7.0000E-01 
  7.2000E-01 
  7.4000E-01 
  7.6000E-01 
  7.8000E-01 
  8.0000E-01 
  8.2000E-01 
  8.4000E-01 
  8.6000E-01 
  8.8000E-01 
  9.0000E-01 
  9.2000E-01 
  9.4000E-01 
  9.6000E-01 
  9.8000E-01 
  1.0000E+00 
  9.6267E-01 
 9.6197E-01 
 9.5986E-01 
 9.5636E-01 
 9.5150E-01 
 9.4527E-01 
 9.3830E-01 
 9.3196E-01 
 9.2750E-01 
 9.2515E-01 
 9.2417E-01 
 9.2366E-01 
 9.2275E-01 
 9.2055E-01 
 9.1607E-01 
 9.0888E-01 
 8.9902E-01 
 8.8619E-01 
 8.6939E-01 
 8.4748E-01 
 8.1953E-01 
 7.8578E-01 
 7.4802E-01 
 7.0794E-01 
 6.6692E-01 
 6.2605E-01 
 5.8630E-01 
 5.4835E-01 
 5.1243E-01 
 4.7841E-01 
 4.4621E-01 
 4.1573E-01 
 3.8691E-01 
 3.5970E-01 
 3.3402E-01 
 3.0976E-01 
 2.8677E-01 
 2.6491E-01 
 2.4401E-01 
 2.2396E-01 
 2.0470E-01 
 1.8621E-01 
 1.6849E-01 
 1.5156E-01 
 1.3537E-01 
 1.1986E-01 
 1.0518E-01 
 9.1607E-02 
 7.9253E-02 
 6.7772E-02 
 5.6727E-02 
 9.5309E-01 
 9.5251E-01 
 9.5078E-01 
 9.4791E-01 
 9.4391E-01 
 9.3880E-01 
 9.3300E-01 
 9.2747E-01 
 9.2304E-01 
 9.1963E-01 
 9.1696E-01 
 9.1459E-01 
 9.1200E-01 
 9.0861E-01 
 9.0355E-01 
 8.9591E-01 
 8.8494E-01 
 8.7007E-01 
 8.5113E-01 
 8.2825E-01 
 8.0150E-01 
 7.7123E-01 
 7.3818E-01 
 7.0320E-01 
 6.6702E-01 
 6.3040E-01 
 5.9405E-01 
 5.5860E-01 
 5.2437E-01 
 4.9144E-01 
 4.5986E-01 
 4.2962E-01 
 4.0067E-01 
 3.7287E-01 
 3.4616E-01 
 3.2046E-01 
 2.9574E-01 
 2.7196E-01 
 2.4911E-01 
 2.2714E-01 
 2.0604E-01 
 1.8578E-01 
 1.6636E-01 
 1.4779E-01 
 1.3003E-01 
 1.1303E-01 
 9.6913E-02 
 8.2002E-02 
 6.8431E-02 
 5.5818E-02 
 4.3686E-02 
 9.4619E-01 
 9.4575E-01 
 9.4442E-01 
 9.4221E-01 
 9.3913E-01 
 9.3520E-01 
 9.3079E-01 
 9.2684E-01 
 9.2415E-01 
 9.2267E-01 
 9.2209E-01 
 9.2181E-01 
 9.2104E-01 
 9.1902E-01 
 9.1490E-01 
 9.0789E-01 
 8.9731E-01 
 8.8266E-01 
 8.6386E-01 
 8.4110E-01 
 8.1453E-01 
 7.8449E-01 
 7.5161E-01 
 7.1657E-01 
 6.8014E-01 
 6.4302E-01 
 6.0576E-01 
 5.6889E-01 
 5.3279E-01 
 4.9773E-01 
 4.6395E-01 
 4.3161E-01 
 4.0074E-01 
 3.7131E-01 
 3.4325E-01 
 3.1647E-01 
 2.9087E-01 
 2.6638E-01 
 2.4295E-01 
 2.2051E-01 
 1.9902E-01 
 1.7841E-01 
 1.5868E-01 
 1.3982E-01 
 1.2178E-01 
 1.0450E-01 
 8.8137E-02 
 7.2990E-02 
 5.9205E-02 
 4.6393E-02 
 3.4068E-02 
 9.6928E-01 
 9.6879E-01 
 9.6734E-01 
 9.6494E-01 
 9.6160E-01 
 9.5734E-01 
 9.5256E-01 
 9.4818E-01 
 9.4493E-01 
 9.4317E-01 
 9.4304E-01 
 9.4371E-01 
 9.4389E-01 
 9.4245E-01 
 9.3850E-01 
 9.3128E-01 
 9.1996E-01 
 9.0400E-01 
 8.8337E-01 
 8.5823E-01 
 8.2874E-01 
 7.9534E-01 
 7.5882E-01 
 7.2011E-01 
 6.8025E-01 
 6.4009E-01 
 6.0033E-01 
 5.6158E-01 
 5.2422E-01 
 4.8849E-01 
 4.5458E-01 
 4.2257E-01 
 3.9238E-01 
 3.6386E-01 
 3.3685E-01 
 3.1122E-01 
 2.8684E-01 
 2.6363E-01 
 2.4151E-01 
 2.2038E-01 
 2.0020E-01 
 1.8087E-01 
 1.6239E-01 
 1.4472E-01 
 1.2783E-01 
 1.1166E-01 
 9.6353E-02 
 8.2205E-02 
 6.9330E-02 
 5.7360E-02 
 4.5842E-02 
 1.0229E+00 
 1.0223E+00 
 1.0204E+00 
 1.0172E+00 
 1.0128E+00 
 1.0072E+00 
 1.0006E+00 
 9.9360E-01 
 9.8682E-01 
 9.8137E-01 
 9.7802E-01 
 9.7599E-01 
 9.7378E-01 
 9.7001E-01 
 9.6340E-01 
 9.5297E-01 
 9.3793E-01 
 9.1781E-01 
 8.9273E-01 
 8.6309E-01 
 8.2922E-01 
 7.9179E-01 
 7.5196E-01 
 7.1097E-01 
 6.7005E-01 
 6.2984E-01 
 5.9074E-01 
 5.5308E-01 
 5.1705E-01 
 4.8272E-01 
 4.5016E-01 
 4.1936E-01 
 3.9022E-01 
 3.6261E-01 
 3.3640E-01 
 3.1150E-01 
 2.8780E-01 
 2.6524E-01 
 2.4373E-01 
 2.2323E-01 
 2.0365E-01 
 1.8494E-01 
 1.6706E-01 
 1.4998E-01 
 1.3365E-01 
 1.1802E-01 
 1.0323E-01 
 8.9559E-02 
 7.7115E-02 
 6.5546E-02 
 5.4414E-02 
 1.0804E+00 
 1.0791E+00 
 1.0754E+00 
 1.0692E+00 
 1.0605E+00 
 1.0495E+00 
 1.0367E+00 
 1.0240E+00 
 1.0128E+00 
 1.0045E+00 
 9.9957E-01 
 9.9691E-01 
 9.9439E-01 
 9.9014E-01 
 9.8275E-01 
 9.7149E-01 
 9.5586E-01 
 9.3548E-01 
 9.1009E-01 
 8.7952E-01 
 8.4366E-01 
 8.0282E-01 
 7.5849E-01 
 7.1291E-01 
 6.6782E-01 
 6.2409E-01 
 5.8228E-01 
 5.4279E-01 
 5.0575E-01 
 4.7107E-01 
 4.3866E-01 
 4.0839E-01 
 3.8002E-01 
 3.5333E-01 
 3.2813E-01 
 3.0434E-01 
 2.8192E-01 
 2.6082E-01 
 2.4096E-01 
 2.2226E-01 
 2.0457E-01 
 1.8770E-01 
 1.7160E-01 
 1.5621E-01 
 1.4148E-01 
 1.2739E-01 
 1.1407E-01 
 1.0176E-01 
 9.0554E-02 
 8.0124E-02 
 7.0082E-02 
 1.0640E+00 
 1.0629E+00 
 1.0597E+00 
 1.0542E+00 
 1.0466E+00 
 1.0369E+00 
 1.0258E+00 
 1.0149E+00 
 1.0058E+00 
 9.9841E-01 
 9.9252E-01 
 9.8729E-01 
 9.8177E-01 
 9.7501E-01 
 9.6579E-01 
 9.5327E-01 
 9.3698E-01 
 9.1659E-01 
 8.9202E-01 
 8.6332E-01 
 8.3054E-01 
 7.9392E-01 
 7.5428E-01 
 7.1283E-01 
 6.7061E-01 
 6.2844E-01 
 5.8697E-01 
 5.4676E-01 
 5.0817E-01 
 4.7139E-01 
 4.3657E-01 
 4.0380E-01 
 3.7297E-01 
 3.4394E-01 
 3.1657E-01 
 2.9075E-01 
 2.6638E-01 
 2.4336E-01 
 2.2159E-01 
 2.0094E-01 
 1.8128E-01 
 1.6249E-01 
 1.4453E-01 
 1.2737E-01 
 1.1096E-01 
 9.5255E-02 
 8.0406E-02 
 6.6688E-02 
 5.4196E-02 
 4.2571E-02 
 3.1378E-02 
 1.0642E+00 
 1.0633E+00 
 1.0606E+00 
 1.0563E+00 
 1.0502E+00 
 1.0424E+00 
 1.0334E+00 
 1.0241E+00 
 1.0157E+00 
 1.0083E+00 
 1.0017E+00 
 9.9502E-01 
 9.8688E-01 
 9.7625E-01 
 9.6218E-01 
 9.4428E-01 
 9.2265E-01 
 8.9746E-01 
 8.6893E-01 
 8.3728E-01 
 8.0275E-01 
 7.6584E-01 
 7.2729E-01 
 6.8784E-01 
 6.4827E-01 
 6.0927E-01 
 5.7147E-01 
 5.3533E-01 
 5.0096E-01 
 4.6836E-01 
 4.3752E-01 
 4.0835E-01 
 3.8072E-01 
 3.5447E-01 
 3.2954E-01 
 3.0587E-01 
 2.8339E-01 
 2.6201E-01 
 2.4164E-01 
 2.2221E-01 
 2.0363E-01 
 1.8584E-01 
 1.6882E-01 
 1.5256E-01 
 1.3702E-01 
 1.2216E-01 
 1.0813E-01 
 9.5183E-02 
 8.3409E-02 
 7.2456E-02 
 6.1912E-02 
 1.0778E+00 
 1.0768E+00 
 1.0740E+00 
 1.0693E+00 
 1.0628E+00 
 1.0544E+00 
 1.0442E+00 
 1.0323E+00 
 1.0188E+00 
 1.0035E+00 
 9.8675E-01 
 9.6841E-01 
 9.4859E-01 
 9.2734E-01 
 9.0474E-01 
 8.8086E-01 
 8.5580E-01 
 8.2966E-01 
 8.0254E-01 
 7.7454E-01 
 7.4577E-01 
 7.1640E-01 
 6.8658E-01 
 6.5649E-01 
 6.2630E-01 
 5.9616E-01 
 5.6620E-01 
 5.3656E-01 
 5.0735E-01 
 4.7866E-01 
 4.5059E-01 
 4.2319E-01 
 3.9655E-01 
 3.7069E-01 
 3.4566E-01 
 3.2144E-01 
 2.9804E-01 
 2.7546E-01 
 2.5368E-01 
 2.3272E-01 
 2.1255E-01 
 1.9318E-01 
 1.7464E-01 
 1.5692E-01 
 1.3999E-01 
 1.2379E-01 
 1.0851E-01 
 9.4403E-02 
 8.1574E-02 
 6.9638E-02 
 5.8150E-02 
 9.8853E-01 
 9.8736E-01 
 9.8384E-01 
 9.7801E-01 
 9.6989E-01 
 9.5953E-01 
 9.4761E-01 
 9.3529E-01 
 9.2375E-01 
 9.1509E-01 
 9.1121E-01 
 9.1055E-01 
 9.1094E-01 
 9.1050E-01 
 9.0779E-01 
 9.0210E-01 
 8.9351E-01 
 8.8184E-01 
 8.6654E-01 
 8.4708E-01 
 8.2315E-01 
 7.9470E-01 
 7.6191E-01 
 7.2523E-01 
 6.8565E-01 
 6.4462E-01 
 6.0352E-01 
 5.6335E-01 
 5.2459E-01 
 4.8758E-01 
 4.5255E-01 
 4.1948E-01 
 3.8809E-01 
 3.5816E-01 
 3.2966E-01 
 3.0293E-01 
 2.7831E-01 
 2.5593E-01 
 2.3552E-01 
 2.1656E-01 
 1.9880E-01 
 1.8206E-01 
 1.6623E-01 
 1.5119E-01 
 1.3686E-01 
 1.2314E-01 
 1.1019E-01 
 9.8234E-02 
 8.7352E-02 
 7.7223E-02 
 6.7470E-02 
 9.2602E-01 
 9.2533E-01 
 9.2329E-01 
 9.1990E-01 
 9.1519E-01 
 9.0918E-01 
 9.0224E-01 
 8.9506E-01 
 8.8837E-01 
 8.8338E-01 
 8.8105E-01 
 8.8108E-01 
 8.8294E-01 
 8.8595E-01 
 8.8886E-01 
 8.9050E-01 
 8.9026E-01 
 8.8728E-01 
 8.8029E-01 
 8.6805E-01 
 8.4957E-01 
 8.2382E-01 
 7.9109E-01 
 7.5298E-01 
 7.1137E-01 
 6.6811E-01 
 6.2487E-01 
 5.8297E-01 
 5.4299E-01 
 5.0521E-01 
 4.6984E-01 
 4.3684E-01 
 4.0587E-01 
 3.7652E-01 
 3.4854E-01 
 3.2186E-01 
 2.9644E-01 
 2.7225E-01 
 2.4925E-01 
 2.2740E-01 
 2.0657E-01 
 1.8668E-01 
 1.6767E-01 
 1.4951E-01 
 1.3215E-01 
 1.1554E-01 
 9.9860E-02 
 8.5393E-02 
 7.2222E-02 
 5.9960E-02 
 4.8152E-02 
 8.9962E-01 
 8.9905E-01 
 8.9734E-01 
 8.9450E-01 
 8.9056E-01 
 8.8553E-01 
 8.7980E-01 
 8.7415E-01 
 8.6944E-01 
 8.6696E-01 
 8.6772E-01 
 8.7113E-01 
 8.7615E-01 
 8.8181E-01 
 8.8670E-01 
 8.8960E-01 
 8.8974E-01 
 8.8633E-01 
 8.7845E-01 
 8.6524E-01 
 8.4607E-01 
 8.2055E-01 
 7.8916E-01 
 7.5313E-01 
 7.1390E-01 
 6.7292E-01 
 6.3149E-01 
 5.9071E-01 
 5.5123E-01 
 5.1352E-01 
 4.7793E-01 
 4.4464E-01 
 4.1355E-01 
 3.8450E-01 
 3.5736E-01 
 3.3194E-01 
 3.0805E-01 
 2.8553E-01 
 2.6425E-01 
 2.4406E-01 
 2.2479E-01 
 2.0630E-01 
 1.8859E-01 
 1.7167E-01 
 1.5550E-01 
 1.4004E-01 
 1.2543E-01 
 1.1195E-01 
 9.9682E-02 
 8.8260E-02 
 7.7261E-02 
 9.2306E-01 
 9.2230E-01 
 9.2003E-01 
 9.1626E-01 
 9.1100E-01 
 9.0429E-01 
 8.9656E-01 
 8.8877E-01 
 8.8192E-01 
 8.7722E-01 
 8.7563E-01 
 8.7678E-01 
 8.7981E-01 
 8.8378E-01 
 8.8719E-01 
 8.8900E-01 
 8.8876E-01 
 8.8580E-01 
 8.7887E-01 
 8.6668E-01 
 8.4817E-01 
 8.2268E-01 
 7.9065E-01 
 7.5340E-01 
 7.1251E-01 
 6.6972E-01 
 6.2673E-01 
 5.8495E-01 
 5.4506E-01 
 5.0739E-01 
 4.7216E-01 
 4.3937E-01 
 4.0870E-01 
 3.7974E-01 
 3.5211E-01 
 3.2574E-01 
 3.0067E-01 
 2.7693E-01 
 2.5452E-01 
 2.3337E-01 
 2.1333E-01 
 1.9421E-01 
 1.7596E-01 
 1.5852E-01 
 1.4184E-01 
 1.2588E-01 
 1.1082E-01 
 9.6920E-02 
 8.4267E-02 
 7.2488E-02 
 6.1144E-02 
 9.5172E-01 
 9.5133E-01 
 9.5017E-01 
 9.4825E-01 
 9.4557E-01 
 9.4216E-01 
 9.3824E-01 
 9.3428E-01 
 9.3073E-01 
 9.2795E-01 
 9.2614E-01 
 9.2497E-01 
 9.2389E-01 
 9.2238E-01 
 9.1973E-01 
 9.1507E-01 
 9.0757E-01 
 8.9650E-01 
 8.8128E-01 
 8.6145E-01 
 8.3660E-01 
 8.0674E-01 
 7.7260E-01 
 7.3532E-01 
 6.9603E-01 
 6.5583E-01 
 6.1574E-01 
 5.7662E-01 
 5.3895E-01 
 5.0296E-01 
 4.6886E-01 
 4.3674E-01 
 4.0659E-01 
 3.7833E-01 
 3.5188E-01 
 3.2713E-01 
 3.0401E-01 
 2.8243E-01 
 2.6231E-01 
 2.4354E-01 
 2.2594E-01 
 2.0935E-01 
 1.9370E-01 
 1.7889E-01 
 1.6484E-01 
 1.5148E-01 
 1.3890E-01 
 1.2731E-01 
 1.1675E-01 
 1.0692E-01 
 9.7455E-02 
 9.8284E-01 
 9.8196E-01 
 9.7934E-01 
 9.7500E-01 
 9.6897E-01 
 9.6127E-01 
 9.5245E-01 
 9.4367E-01 
 9.3615E-01 
 9.3146E-01 
 9.3077E-01 
 9.3308E-01 
 9.3633E-01 
 9.3872E-01 
 9.3907E-01 
 9.3659E-01 
 9.3053E-01 
 9.2020E-01 
 9.0494E-01 
 8.8416E-01 
 8.5739E-01 
 8.2454E-01 
 7.8663E-01 
 7.4544E-01 
 7.0263E-01 
 6.5940E-01 
 6.1671E-01 
 5.7535E-01 
 5.3552E-01 
 4.9704E-01 
 4.5973E-01 
 4.2352E-01 
 3.8863E-01 
 3.5536E-01 
 3.2393E-01 
 2.9482E-01 
 2.6854E-01 
 2.4558E-01 
 2.2586E-01 
 2.0897E-01 
 1.9428E-01 
 1.8120E-01 
 1.6937E-01 
 1.5853E-01 
 1.4849E-01 
 1.3911E-01 
 1.3038E-01 
 1.2239E-01 
 1.1511E-01 
 1.0832E-01 
 1.0179E-01 
 1.0521E+00 
 1.0505E+00 
 1.0457E+00 
 1.0378E+00 
 1.0268E+00 
 1.0127E+00 
 9.9669E-01 
 9.8055E-01 
 9.6635E-01 
 9.5661E-01 
 9.5287E-01 
 9.5351E-01 
 9.5596E-01 
 9.5797E-01 
 9.5765E-01 
 9.5378E-01 
 9.4579E-01 
 9.3305E-01 
 9.1476E-01 
 8.9020E-01 
 8.5893E-01 
 8.2173E-01 
 7.8022E-01 
 7.3634E-01 
 6.9167E-01 
 6.4720E-01 
 6.0370E-01 
 5.6183E-01 
 5.2191E-01 
 4.8411E-01 
 4.4857E-01 
 4.1536E-01 
 3.8451E-01 
 3.5597E-01 
 3.2968E-01 
 3.0552E-01 
 2.8337E-01 
 2.6317E-01 
 2.4480E-01 
 2.2808E-01 
 2.1273E-01 
 1.9852E-01 
 1.8528E-01 
 1.7290E-01 
 1.6124E-01 
 1.5022E-01 
 1.3989E-01 
 1.3041E-01 
 1.2179E-01 
 1.1375E-01 
 1.0601E-01 
 9.6345E-01 
 9.6248E-01 
 9.5956E-01 
 9.5474E-01 
 9.4803E-01 
 9.3951E-01 
 9.2990E-01 
 9.2058E-01 
 9.1303E-01 
 9.0958E-01 
 9.1172E-01 
 9.1766E-01 
 9.2465E-01 
 9.3040E-01 
 9.3365E-01 
 9.3423E-01 
 9.3235E-01 
 9.2738E-01 
 9.1710E-01 
 8.9920E-01 
 8.7210E-01 
 8.3685E-01 
 7.9594E-01 
 7.5212E-01 
 7.0741E-01 
 6.6283E-01 
 6.1902E-01 
 5.7654E-01 
 5.3571E-01 
 4.9674E-01 
 4.5977E-01 
 4.2487E-01 
 3.9196E-01 
 3.6091E-01 
 3.3156E-01 
 3.0379E-01 
 2.7752E-01 
 2.5275E-01 
 2.2939E-01 
 2.0735E-01 
 1.8645E-01 
 1.6656E-01 
 1.4759E-01 
 1.2948E-01 
 1.1217E-01 
 9.5619E-02 
 8.0024E-02 
 6.5660E-02 
 5.2585E-02 
 4.0405E-02 
 2.8673E-02 
 1.0033E+00 
 1.0028E+00 
 1.0013E+00 
 9.9878E-01 
 9.9533E-01 
 9.9095E-01 
 9.8607E-01 
 9.8147E-01 
 9.7795E-01 
 9.7657E-01 
 9.7778E-01 
 9.8028E-01 
 9.8237E-01 
 9.8267E-01 
 9.8035E-01 
 9.7496E-01 
 9.6619E-01 
 9.5331E-01 
 9.3495E-01 
 9.0979E-01 
 8.7709E-01 
 8.3779E-01 
 7.9401E-01 
 7.4825E-01 
 7.0228E-01 
 6.5675E-01 
 6.1203E-01 
 5.6848E-01 
 5.2654E-01 
 4.8664E-01 
 4.4909E-01 
 4.1407E-01 
 3.8153E-01 
 3.5134E-01 
 3.2338E-01 
 2.9737E-01 
 2.7311E-01 
 2.5042E-01 
 2.2915E-01 
 2.0914E-01 
 1.9023E-01 
 1.7230E-01 
 1.5525E-01 
 1.3901E-01 
 1.2349E-01 
 1.0866E-01 
 9.4675E-02 
 8.1790E-02 
 7.0058E-02 
 5.9129E-02 
 4.8601E-02 
 9.5621E-01 
 9.5603E-01 
 9.5547E-01 
 9.5455E-01 
 9.5328E-01 
 9.5166E-01 
 9.5003E-01 
 9.4900E-01 
 9.4919E-01 
 9.5122E-01 
 9.5522E-01 
 9.6018E-01 
 9.6482E-01 
 9.6806E-01 
 9.6911E-01 
 9.6730E-01 
 9.6204E-01 
 9.5245E-01 
 9.3708E-01 
 9.1456E-01 
 8.8410E-01 
 8.4673E-01 
 8.0453E-01 
 7.5984E-01 
 7.1448E-01 
 6.6944E-01 
 6.2541E-01 
 5.8299E-01 
 5.4242E-01 
 5.0383E-01 
 4.6728E-01 
 4.3278E-01 
 4.0016E-01 
 3.6927E-01 
 3.3998E-01 
 3.1221E-01 
 2.8591E-01 
 2.6103E-01 
 2.3751E-01 
 2.1529E-01 
 1.9423E-01 
 1.7420E-01 
 1.5514E-01 
 1.3698E-01 
 1.1962E-01 
 1.0303E-01 
 8.7385E-02 
 7.2973E-02 
 5.9851E-02 
 4.7627E-02 
 3.5851E-02 
 9.4946E-01 
 9.4930E-01 
 9.4884E-01 
 9.4808E-01 
 9.4703E-01 
 9.4571E-01 
 9.4448E-01 
 9.4400E-01 
 9.4489E-01 
 9.4769E-01 
 9.5234E-01 
 9.5783E-01 
 9.6309E-01 
 9.6711E-01 
 9.6883E-01 
 9.6727E-01 
 9.6157E-01 
 9.5074E-01 
 9.3370E-01 
 9.0952E-01 
 8.7784E-01 
 8.3954E-01 
 7.9635E-01 
 7.5097E-01 
 7.0534E-01 
 6.6050E-01 
 6.1725E-01 
 5.7612E-01 
 5.3708E-01 
 4.9999E-01 
 4.6476E-01 
 4.3132E-01 
 3.9970E-01 
 3.6991E-01 
 3.4188E-01 
 3.1548E-01 
 2.9056E-01 
 2.6700E-01 
 2.4468E-01 
 2.2352E-01 
 2.0340E-01 
 1.8425E-01 
 1.6603E-01 
 1.4868E-01 
 1.3212E-01 
 1.1630E-01 
 1.0140E-01 
 8.7701E-02 
 7.5226E-02 
 6.3598E-02 
 5.2395E-02 
 9.1413E-01 
 9.1382E-01 
 9.1288E-01 
 9.1133E-01 
 9.0918E-01 
 9.0643E-01 
 9.0323E-01 
 8.9983E-01 
 8.9649E-01 
 8.9354E-01 
 8.9138E-01 
 8.9037E-01 
 8.9090E-01 
 8.9275E-01 
 8.9447E-01 
 8.9461E-01 
 8.9201E-01 
 8.8579E-01 
 8.7536E-01 
 8.6025E-01 
 8.4018E-01 
 8.1532E-01 
 7.8630E-01 
 7.5408E-01 
 7.1959E-01 
 6.8356E-01 
 6.4668E-01 
 6.0949E-01 
 5.7237E-01 
 5.3562E-01 
 4.9950E-01 
 4.6422E-01 
 4.2992E-01 
 3.9675E-01 
 3.6479E-01 
 3.3400E-01 
 3.0439E-01 
 2.7591E-01 
 2.4856E-01 
 2.2232E-01 
 1.9714E-01 
 1.7302E-01 
 1.4996E-01 
 1.2796E-01 
 1.0693E-01 
 8.6851E-02 
 6.7948E-02 
 5.0559E-02 
 3.4726E-02 
 1.9969E-02 
 5.7492E-03 
 9.4237E-01 
 9.4226E-01 
 9.4191E-01 
 9.4134E-01 
 9.4056E-01 
 9.3958E-01 
 9.3873E-01 
 9.3852E-01 
 9.3947E-01 
 9.4228E-01 
 9.4714E-01 
 9.5307E-01 
 9.5891E-01 
 9.6355E-01 
 9.6573E-01 
 9.6418E-01 
 9.5776E-01 
 9.4557E-01 
 9.2697E-01 
 9.0149E-01 
 8.6892E-01 
 8.2984E-01 
 7.8622E-01 
 7.4113E-01 
 6.9657E-01 
 6.5326E-01 
 6.1155E-01 
 5.7176E-01 
 5.3386E-01 
 4.9777E-01 
 4.6340E-01 
 4.3067E-01 
 3.9949E-01 
 3.6979E-01 
 3.4150E-01 
 3.1458E-01 
 2.8900E-01 
 2.6472E-01 
 2.4170E-01 
 2.1985E-01 
 1.9906E-01 
 1.7923E-01 
 1.6031E-01 
 1.4227E-01 
 1.2502E-01 
 1.0855E-01 
 9.3055E-02 
 7.8802E-02 
 6.5827E-02 
 5.3733E-02 
 4.2079E-02 
 9.6642E-01 
 9.6591E-01 
 9.6441E-01 
 9.6193E-01 
 9.5848E-01 
 9.5412E-01 
 9.4940E-01 
 9.4524E-01 
 9.4255E-01 
 9.4243E-01 
 9.4539E-01 
 9.5037E-01 
 9.5597E-01 
 9.6084E-01 
 9.6342E-01 
 9.6226E-01 
 9.5610E-01 
 9.4402E-01 
 9.2553E-01 
 9.0032E-01 
 8.6818E-01 
 8.2910E-01 
 7.8465E-01 
 7.3764E-01 
 6.9029E-01 
 6.4382E-01 
 5.9909E-01 
 5.5672E-01 
 5.1666E-01 
 4.7861E-01 
 4.4228E-01 
 4.0741E-01 
 3.7381E-01 
 3.4131E-01 
 3.0990E-01 
 2.7989E-01 
 2.5168E-01 
 2.2556E-01 
 2.0146E-01 
 1.7914E-01 
 1.5824E-01 
 1.3848E-01 
 1.1970E-01 
 1.0178E-01 
 8.4644E-02 
 6.8283E-02 
 5.2890E-02 
 3.8735E-02 
 2.5848E-02 
 1.3835E-02 
 2.2591E-03 
 9.8508E-01 
 9.8490E-01 
 9.8437E-01 
 9.8348E-01 
 9.8224E-01 
 9.8067E-01 
 9.7894E-01 
 9.7730E-01 
 9.7597E-01 
 9.7510E-01 
 9.7450E-01 
 9.7345E-01 
 9.7119E-01 
 9.6698E-01 
 9.6016E-01 
 9.5005E-01 
 9.3600E-01 
 9.1752E-01 
 8.9444E-01 
 8.6660E-01 
 8.3401E-01 
 7.9682E-01 
 7.5599E-01 
 7.1312E-01 
 6.6979E-01 
 6.2726E-01 
 5.8664E-01 
 5.4869E-01 
 5.1324E-01 
 4.7990E-01 
 4.4829E-01 
 4.1812E-01 
 3.8924E-01 
 3.6152E-01 
 3.3489E-01 
 3.0935E-01 
 2.8489E-01 
 2.6153E-01 
 2.3925E-01 
 2.1800E-01 
 1.9772E-01 
 1.7833E-01 
 1.5983E-01 
 1.4217E-01 
 1.2530E-01 
 1.0918E-01 
 9.4015E-02 
 8.0068E-02 
 6.7371E-02 
 5.5536E-02 
 4.4132E-02 
 9.9988E-01 
 9.9955E-01 
 9.9856E-01 
 9.9690E-01 
 9.9460E-01 
 9.9166E-01 
 9.8809E-01 
 9.8392E-01 
 9.7913E-01 
 9.7360E-01 
 9.6712E-01 
 9.5939E-01 
 9.5010E-01 
 9.3899E-01 
 9.2582E-01 
 9.1036E-01 
 8.9242E-01 
 8.7191E-01 
 8.4885E-01 
 8.2328E-01 
 7.9530E-01 
 7.6508E-01 
 7.3301E-01 
 6.9964E-01 
 6.6545E-01 
 6.3090E-01 
 5.9636E-01 
 5.6215E-01 
 5.2851E-01 
 4.9562E-01 
 4.6362E-01 
 4.3261E-01 
 4.0259E-01 
 3.7355E-01 
 3.4549E-01 
 3.1841E-01 
 2.9230E-01 
 2.6717E-01 
 2.4300E-01 
 2.1978E-01 
 1.9750E-01 
 1.7614E-01 
 1.5572E-01 
 1.3623E-01 
 1.1761E-01 
 9.9819E-02 
 8.3082E-02 
 6.7689E-02 
 5.3676E-02 
 4.0614E-02 
 2.8028E-02 
 1.0210E+00 
 1.0196E+00 
 1.0155E+00 
 1.0085E+00 
 9.9887E-01 
 9.8666E-01 
 9.7344E-01 
 9.6148E-01 
 9.5269E-01 
 9.4783E-01 
 9.4657E-01 
 9.4738E-01 
 9.4857E-01 
 9.4875E-01 
 9.4719E-01 
 9.4345E-01 
 9.3715E-01 
 9.2728E-01 
 9.1196E-01 
 8.8948E-01 
 8.5863E-01 
 8.1939E-01 
 7.7396E-01 
 7.2616E-01 
 6.7874E-01 
 6.3304E-01 
 5.8998E-01 
 5.5018E-01 
 5.1334E-01 
 4.7898E-01 
 4.4669E-01 
 4.1610E-01 
 3.8696E-01 
 3.5901E-01 
 3.3215E-01 
 3.0647E-01 
 2.8208E-01 
 2.5910E-01 
 2.3751E-01 
 2.1725E-01 
 1.9812E-01 
 1.7996E-01 
 1.6268E-01 
 1.4620E-01 
 1.3044E-01 
 1.1540E-01 
 1.0126E-01 
 8.8258E-02 
 7.6420E-02 
 6.5383E-02 
 5.4745E-02 
 1.0367E+00 
 1.0352E+00 
 1.0305E+00 
 1.0227E+00 
 1.0119E+00 
 9.9817E-01 
 9.8316E-01 
 9.6931E-01 
 9.5866E-01 
 9.5215E-01 
 9.4976E-01 
 9.5019E-01 
 9.5187E-01 
 9.5334E-01 
 9.5334E-01 
 9.5130E-01 
 9.4699E-01 
 9.3956E-01 
 9.2694E-01 
 9.0716E-01 
 8.7871E-01 
 8.4149E-01 
 7.9765E-01 
 7.5074E-01 
 7.0337E-01 
 6.5686E-01 
 6.1203E-01 
 5.6949E-01 
 5.2910E-01 
 4.9050E-01 
 4.5330E-01 
 4.1728E-01 
 3.8244E-01 
 3.4879E-01 
 3.1649E-01 
 2.8596E-01 
 2.5769E-01 
 2.3203E-01 
 2.0890E-01 
 1.8800E-01 
 1.6893E-01 
 1.5134E-01 
 1.3501E-01 
 1.1974E-01 
 1.0540E-01 
 9.1900E-02 
 7.9337E-02 
 6.7874E-02 
 5.7487E-02 
 4.7837E-02 
 3.8557E-02 
 9.7331E-01 
 9.7306E-01 
 9.7232E-01 
 9.7110E-01 
 9.6940E-01 
 9.6727E-01 
 9.6513E-01 
 9.6367E-01 
 9.6342E-01 
 9.6455E-01 
 9.6677E-01 
 9.6924E-01 
 9.7097E-01 
 9.7119E-01 
 9.6941E-01 
 9.6511E-01 
 9.5779E-01 
 9.4678E-01 
 9.3105E-01 
 9.0963E-01 
 8.8181E-01 
 8.4725E-01 
 8.0710E-01 
 7.6376E-01 
 7.1903E-01 
 6.7382E-01 
 6.2870E-01 
 5.8417E-01 
 5.4042E-01 
 4.9756E-01 
 4.5563E-01 
 4.1470E-01 
 3.7500E-01 
 3.3675E-01 
 3.0020E-01 
 2.6579E-01 
 2.3396E-01 
 2.0504E-01 
 1.7890E-01 
 1.5524E-01 
 1.3361E-01 
 1.1366E-01 
 9.5267E-02 
 7.8185E-02 
 6.1944E-02 
 4.6271E-02 
 3.2033E-02 
 2.0436E-02 
 1.1890E-02 
 5.4648E-03 
 1.0000E-04 


!ti from confinement nodes [keV]
POINTS 51 GRIDTYPE 14 NAMEXP TI NTIMES 28 
 3.0030E-01 
  3.2530E-01 
  3.5030E-01 
  3.7530E-01 
  4.0030E-01 
  4.2530E-01 
  4.5030E-01 
  4.7530E-01 
  5.0030E-01 
  5.2530E-01 
  5.5030E-01 
  5.7530E-01 
  6.0030E-01 
  6.2530E-01 
  6.5030E-01 
  6.7530E-01 
  7.0030E-01 
  7.2530E-01 
  7.5030E-01 
  7.7530E-01 
  8.0030E-01 
  8.2530E-01 
  8.5030E-01 
  8.7530E-01 
  9.0030E-01 
  9.2530E-01 
  9.5030E-01 
  9.7530E-01 
  0.0000E+00 
  2.0000E-02 
  4.0000E-02 
  6.0000E-02 
  8.0000E-02 
  1.0000E-01 
  1.2000E-01 
  1.4000E-01 
  1.6000E-01 
  1.8000E-01 
  2.0000E-01 
  2.2000E-01 
  2.4000E-01 
  2.6000E-01 
  2.8000E-01 
  3.0000E-01 
  3.2000E-01 
  3.4000E-01 
  3.6000E-01 
  3.8000E-01 
  4.0000E-01 
  4.2000E-01 
  4.4000E-01 
  4.6000E-01 
  4.8000E-01 
  5.0000E-01 
  5.2000E-01 
  5.4000E-01 
  5.6000E-01 
  5.8000E-01 
  6.0000E-01 
  6.2000E-01 
  6.4000E-01 
  6.6000E-01 
  6.8000E-01 
  7.0000E-01 
  7.2000E-01 
  7.4000E-01 
  7.6000E-01 
  7.8000E-01 
  8.0000E-01 
  8.2000E-01 
  8.4000E-01 
  8.6000E-01 
  8.8000E-01 
  9.0000E-01 
  9.2000E-01 
  9.4000E-01 
  9.6000E-01 
  9.8000E-01 
  1.0000E+00 
  4.0349E-01 
 4.0320E-01 
 4.0232E-01 
 4.0085E-01 
 3.9881E-01 
 3.9620E-01 
 3.9328E-01 
 3.9062E-01 
 3.8875E-01 
 3.8777E-01 
 3.8736E-01 
 3.8714E-01 
 3.8676E-01 
 3.8584E-01 
 3.8396E-01 
 3.8095E-01 
 3.7682E-01 
 3.7144E-01 
 3.6440E-01 
 3.5521E-01 
 3.4350E-01 
 3.2936E-01 
 3.1353E-01 
 2.9673E-01 
 2.7953E-01 
 2.6241E-01 
 2.4574E-01 
 2.2984E-01 
 2.1478E-01 
 2.0052E-01 
 1.8702E-01 
 1.7425E-01 
 1.6217E-01 
 1.5076E-01 
 1.4000E-01 
 1.2983E-01 
 1.2020E-01 
 1.1103E-01 
 1.0227E-01 
 9.3870E-02 
 8.5797E-02 
 7.8046E-02 
 7.0621E-02 
 6.3524E-02 
 5.6737E-02 
 5.0239E-02 
 4.4087E-02 
 3.8396E-02 
 3.3218E-02 
 2.8406E-02 
 2.3777E-02 
 4.0465E-01 
 4.0440E-01 
 4.0367E-01 
 4.0245E-01 
 4.0075E-01 
 3.9858E-01 
 3.9612E-01 
 3.9377E-01 
 3.9189E-01 
 3.9044E-01 
 3.8931E-01 
 3.8831E-01 
 3.8721E-01 
 3.8576E-01 
 3.8362E-01 
 3.8037E-01 
 3.7572E-01 
 3.6940E-01 
 3.6136E-01 
 3.5164E-01 
 3.4029E-01 
 3.2744E-01 
 3.1341E-01 
 2.9855E-01 
 2.8319E-01 
 2.6765E-01 
 2.5221E-01 
 2.3716E-01 
 2.2263E-01 
 2.0865E-01 
 1.9524E-01 
 1.8240E-01 
 1.7011E-01 
 1.5831E-01 
 1.4697E-01 
 1.3605E-01 
 1.2556E-01 
 1.1547E-01 
 1.0576E-01 
 9.6438E-02 
 8.7479E-02 
 7.8876E-02 
 7.0631E-02 
 6.2748E-02 
 5.5208E-02 
 4.7987E-02 
 4.1146E-02 
 3.4815E-02 
 2.9053E-02 
 2.3699E-02 
 1.8547E-02 
 4.1252E-01 
 4.1232E-01 
 4.1174E-01 
 4.1078E-01 
 4.0944E-01 
 4.0773E-01 
 4.0580E-01 
 4.0408E-01 
 4.0291E-01 
 4.0227E-01 
 4.0201E-01 
 4.0189E-01 
 4.0155E-01 
 4.0067E-01 
 3.9888E-01 
 3.9582E-01 
 3.9121E-01 
 3.8482E-01 
 3.7662E-01 
 3.6670E-01 
 3.5512E-01 
 3.4202E-01 
 3.2768E-01 
 3.1241E-01 
 2.9653E-01 
 2.8034E-01 
 2.6410E-01 
 2.4802E-01 
 2.3228E-01 
 2.1700E-01 
 2.0227E-01 
 1.8817E-01 
 1.7472E-01 
 1.6188E-01 
 1.4965E-01 
 1.3797E-01 
 1.2681E-01 
 1.1614E-01 
 1.0592E-01 
 9.6138E-02 
 8.6767E-02 
 7.7784E-02 
 6.9182E-02 
 6.0960E-02 
 5.3094E-02 
 4.5562E-02 
 3.8426E-02 
 3.1822E-02 
 2.5812E-02 
 2.0226E-02 
 1.4853E-02 
 4.1406E-01 
 4.1385E-01 
 4.1323E-01 
 4.1220E-01 
 4.1078E-01 
 4.0896E-01 
 4.0692E-01 
 4.0504E-01 
 4.0366E-01 
 4.0290E-01 
 4.0285E-01 
 4.0313E-01 
 4.0321E-01 
 4.0260E-01 
 4.0091E-01 
 3.9782E-01 
 3.9299E-01 
 3.8617E-01 
 3.7736E-01 
 3.6662E-01 
 3.5402E-01 
 3.3976E-01 
 3.2415E-01 
 3.0762E-01 
 2.9059E-01 
 2.7343E-01 
 2.5645E-01 
 2.3990E-01 
 2.2394E-01 
 2.0867E-01 
 1.9419E-01 
 1.8051E-01 
 1.6762E-01 
 1.5543E-01 
 1.4389E-01 
 1.3295E-01 
 1.2253E-01 
 1.1262E-01 
 1.0317E-01 
 9.4144E-02 
 8.5520E-02 
 7.7265E-02 
 6.9369E-02 
 6.1823E-02 
 5.4606E-02 
 4.7697E-02 
 4.1160E-02 
 3.5117E-02 
 2.9617E-02 
 2.4503E-02 
 1.9583E-02 
 4.3438E-01 
 4.3411E-01 
 4.3331E-01 
 4.3197E-01 
 4.3010E-01 
 4.2772E-01 
 4.2493E-01 
 4.2194E-01 
 4.1907E-01 
 4.1675E-01 
 4.1533E-01 
 4.1447E-01 
 4.1353E-01 
 4.1193E-01 
 4.0912E-01 
 4.0469E-01 
 3.9831E-01 
 3.8976E-01 
 3.7911E-01 
 3.6652E-01 
 3.5214E-01 
 3.3625E-01 
 3.1933E-01 
 3.0192E-01 
 2.8455E-01 
 2.6747E-01 
 2.5086E-01 
 2.3487E-01 
 2.1957E-01 
 2.0499E-01 
 1.9117E-01 
 1.7809E-01 
 1.6571E-01 
 1.5399E-01 
 1.4286E-01 
 1.3228E-01 
 1.2222E-01 
 1.1264E-01 
 1.0351E-01 
 9.4797E-02 
 8.6484E-02 
 7.8537E-02 
 7.0943E-02 
 6.3691E-02 
 5.6758E-02 
 5.0121E-02 
 4.3839E-02 
 3.8033E-02 
 3.2748E-02 
 2.7835E-02 
 2.3108E-02 
 4.6929E-01 
 4.6875E-01 
 4.6713E-01 
 4.6443E-01 
 4.6068E-01 
 4.5587E-01 
 4.5033E-01 
 4.4478E-01 
 4.3994E-01 
 4.3631E-01 
 4.3419E-01 
 4.3303E-01 
 4.3194E-01 
 4.3009E-01 
 4.2688E-01 
 4.2199E-01 
 4.1520E-01 
 4.0635E-01 
 3.9532E-01 
 3.8204E-01 
 3.6647E-01 
 3.4873E-01 
 3.2947E-01 
 3.0967E-01 
 2.9008E-01 
 2.7109E-01 
 2.5293E-01 
 2.3578E-01 
 2.1969E-01 
 2.0462E-01 
 1.9054E-01 
 1.7739E-01 
 1.6507E-01 
 1.5348E-01 
 1.4253E-01 
 1.3220E-01 
 1.2246E-01 
 1.1329E-01 
 1.0467E-01 
 9.6546E-02 
 8.8860E-02 
 8.1534E-02 
 7.4539E-02 
 6.7853E-02 
 6.1457E-02 
 5.5335E-02 
 4.9548E-02 
 4.4203E-02 
 3.9335E-02 
 3.4804E-02 
 3.0442E-02 
 4.5665E-01 
 4.5618E-01 
 4.5477E-01 
 4.5243E-01 
 4.4916E-01 
 4.4499E-01 
 4.4023E-01 
 4.3557E-01 
 4.3163E-01 
 4.2848E-01 
 4.2595E-01 
 4.2371E-01 
 4.2134E-01 
 4.1844E-01 
 4.1449E-01 
 4.0911E-01 
 4.0212E-01 
 3.9337E-01 
 3.8282E-01 
 3.7051E-01 
 3.5644E-01 
 3.4072E-01 
 3.2371E-01 
 3.0592E-01 
 2.8780E-01 
 2.6971E-01 
 2.5191E-01 
 2.3465E-01 
 2.1809E-01 
 2.0230E-01 
 1.8736E-01 
 1.7330E-01 
 1.6007E-01 
 1.4761E-01 
 1.3586E-01 
 1.2478E-01 
 1.1432E-01 
 1.0444E-01 
 9.5099E-02 
 8.6236E-02 
 7.7797E-02 
 6.9734E-02 
 6.2028E-02 
 5.4665E-02 
 4.7621E-02 
 4.0880E-02 
 3.4507E-02 
 2.8620E-02 
 2.3259E-02 
 1.8270E-02 
 1.3466E-02 
 4.3762E-01 
 4.3725E-01 
 4.3617E-01 
 4.3437E-01 
 4.3186E-01 
 4.2865E-01 
 4.2495E-01 
 4.2116E-01 
 4.1767E-01 
 4.1465E-01 
 4.1195E-01 
 4.0918E-01 
 4.0584E-01 
 4.0147E-01 
 3.9568E-01 
 3.8832E-01 
 3.7942E-01 
 3.6906E-01 
 3.5733E-01 
 3.4432E-01 
 3.3012E-01 
 3.1494E-01 
 2.9908E-01 
 2.8286E-01 
 2.6659E-01 
 2.5055E-01 
 2.3501E-01 
 2.2014E-01 
 2.0601E-01 
 1.9261E-01 
 1.7992E-01 
 1.6793E-01 
 1.5656E-01 
 1.4577E-01 
 1.3552E-01 
 1.2578E-01 
 1.1654E-01 
 1.0775E-01 
 9.9370E-02 
 9.1378E-02 
 8.3738E-02 
 7.6423E-02 
 6.9424E-02 
 6.2739E-02 
 5.6348E-02 
 5.0235E-02 
 4.4465E-02 
 3.9142E-02 
 3.4301E-02 
 2.9796E-02 
 2.5460E-02 
 4.4729E-01 
 4.4690E-01 
 4.4572E-01 
 4.4377E-01 
 4.4106E-01 
 4.3758E-01 
 4.3337E-01 
 4.2844E-01 
 4.2280E-01 
 4.1649E-01 
 4.0951E-01 
 4.0190E-01 
 3.9368E-01 
 3.8486E-01 
 3.7548E-01 
 3.6557E-01 
 3.5517E-01 
 3.4432E-01 
 3.3306E-01 
 3.2144E-01 
 3.0951E-01 
 2.9731E-01 
 2.8494E-01 
 2.7245E-01 
 2.5992E-01 
 2.4741E-01 
 2.3498E-01 
 2.2268E-01 
 2.1056E-01 
 1.9865E-01 
 1.8700E-01 
 1.7563E-01 
 1.6457E-01 
 1.5384E-01 
 1.4345E-01 
 1.3340E-01 
 1.2369E-01 
 1.1432E-01 
 1.0528E-01 
 9.6581E-02 
 8.8212E-02 
 8.0174E-02 
 7.2477E-02 
 6.5125E-02 
 5.8098E-02 
 5.1377E-02 
 4.5031E-02 
 3.9178E-02 
 3.3854E-02 
 2.8901E-02 
 2.4133E-02 
 4.0824E-01 
 4.0776E-01 
 4.0631E-01 
 4.0390E-01 
 4.0054E-01 
 3.9627E-01 
 3.9134E-01 
 3.8625E-01 
 3.8149E-01 
 3.7791E-01 
 3.7631E-01 
 3.7604E-01 
 3.7620E-01 
 3.7602E-01 
 3.7490E-01 
 3.7255E-01 
 3.6900E-01 
 3.6418E-01 
 3.5786E-01 
 3.4982E-01 
 3.3994E-01 
 3.2820E-01 
 3.1465E-01 
 2.9950E-01 
 2.8316E-01 
 2.6622E-01 
 2.4924E-01 
 2.3265E-01 
 2.1665E-01 
 2.0136E-01 
 1.8689E-01 
 1.7324E-01 
 1.6027E-01 
 1.4791E-01 
 1.3614E-01 
 1.2510E-01 
 1.1493E-01 
 1.0569E-01 
 9.7263E-02 
 8.9435E-02 
 8.2101E-02 
 7.5188E-02 
 6.8649E-02 
 6.2439E-02 
 5.6519E-02 
 5.0856E-02 
 4.5506E-02 
 4.0569E-02 
 3.6074E-02 
 3.1891E-02 
 2.7864E-02 
 3.8884E-01 
 3.8855E-01 
 3.8769E-01 
 3.8627E-01 
 3.8429E-01 
 3.8177E-01 
 3.7886E-01 
 3.7584E-01 
 3.7303E-01 
 3.7094E-01 
 3.6995E-01 
 3.6997E-01 
 3.7075E-01 
 3.7201E-01 
 3.7323E-01 
 3.7393E-01 
 3.7383E-01 
 3.7257E-01 
 3.6964E-01 
 3.6450E-01 
 3.5674E-01 
 3.4593E-01 
 3.3218E-01 
 3.1618E-01 
 2.9871E-01 
 2.8054E-01 
 2.6239E-01 
 2.4479E-01 
 2.2800E-01 
 2.1214E-01 
 1.9729E-01 
 1.8343E-01 
 1.7042E-01 
 1.5810E-01 
 1.4635E-01 
 1.3515E-01 
 1.2447E-01 
 1.1432E-01 
 1.0466E-01 
 9.5484E-02 
 8.6741E-02 
 7.8387E-02 
 7.0405E-02 
 6.2781E-02 
 5.5490E-02 
 4.8516E-02 
 4.1932E-02 
 3.5857E-02 
 3.0326E-02 
 2.5177E-02 
 2.0219E-02 
 3.7190E-01 
 3.7166E-01 
 3.7096E-01 
 3.6978E-01 
 3.6815E-01 
 3.6607E-01 
 3.6371E-01 
 3.6137E-01 
 3.5942E-01 
 3.5840E-01 
 3.5871E-01 
 3.6012E-01 
 3.6220E-01 
 3.6454E-01 
 3.6656E-01 
 3.6776E-01 
 3.6781E-01 
 3.6640E-01 
 3.6315E-01 
 3.5769E-01 
 3.4976E-01 
 3.3921E-01 
 3.2623E-01 
 3.1134E-01 
 2.9513E-01 
 2.7818E-01 
 2.6106E-01 
 2.4420E-01 
 2.2788E-01 
 2.1229E-01 
 1.9757E-01 
 1.8381E-01 
 1.7096E-01 
 1.5895E-01 
 1.4773E-01 
 1.3722E-01 
 1.2735E-01 
 1.1804E-01 
 1.0924E-01 
 1.0089E-01 
 9.2926E-02 
 8.5283E-02 
 7.7962E-02 
 7.0970E-02 
 6.4285E-02 
 5.7890E-02 
 5.1852E-02 
 4.6280E-02 
 4.1208E-02 
 3.6486E-02 
 3.1939E-02 
 3.7649E-01 
 3.7618E-01 
 3.7525E-01 
 3.7371E-01 
 3.7157E-01 
 3.6883E-01 
 3.6568E-01 
 3.6250E-01 
 3.5971E-01 
 3.5779E-01 
 3.5714E-01 
 3.5761E-01 
 3.5885E-01 
 3.6046E-01 
 3.6186E-01 
 3.6260E-01 
 3.6250E-01 
 3.6129E-01 
 3.5846E-01 
 3.5349E-01 
 3.4594E-01 
 3.3554E-01 
 3.2248E-01 
 3.0729E-01 
 2.9061E-01 
 2.7316E-01 
 2.5562E-01 
 2.3858E-01 
 2.2231E-01 
 2.0695E-01 
 1.9258E-01 
 1.7920E-01 
 1.6670E-01 
 1.5488E-01 
 1.4361E-01 
 1.3286E-01 
 1.2263E-01 
 1.1295E-01 
 1.0381E-01 
 9.5186E-02 
 8.7009E-02 
 7.9212E-02 
 7.1767E-02 
 6.4653E-02 
 5.7850E-02 
 5.1343E-02 
 4.5199E-02 
 3.9531E-02 
 3.4370E-02 
 2.9565E-02 
 2.4939E-02 
 3.8961E-01 
 3.8945E-01 
 3.8898E-01 
 3.8819E-01 
 3.8710E-01 
 3.8570E-01 
 3.8409E-01 
 3.8247E-01 
 3.8102E-01 
 3.7988E-01 
 3.7914E-01 
 3.7866E-01 
 3.7822E-01 
 3.7760E-01 
 3.7652E-01 
 3.7461E-01 
 3.7154E-01 
 3.6701E-01 
 3.6078E-01 
 3.5266E-01 
 3.4249E-01 
 3.3026E-01 
 3.1628E-01 
 3.0102E-01 
 2.8494E-01 
 2.6848E-01 
 2.5207E-01 
 2.3606E-01 
 2.2063E-01 
 2.0590E-01 
 1.9194E-01 
 1.7879E-01 
 1.6645E-01 
 1.5488E-01 
 1.4405E-01 
 1.3392E-01 
 1.2445E-01 
 1.1562E-01 
 1.0738E-01 
 9.9698E-02 
 9.2493E-02 
 8.5704E-02 
 7.9295E-02 
 7.3235E-02 
 6.7484E-02 
 6.2011E-02 
 5.6861E-02 
 5.2116E-02 
 4.7796E-02 
 4.3772E-02 
 3.9896E-02 
 4.0614E-01 
 4.0577E-01 
 4.0469E-01 
 4.0290E-01 
 4.0040E-01 
 3.9722E-01 
 3.9358E-01 
 3.8995E-01 
 3.8684E-01 
 3.8490E-01 
 3.8462E-01 
 3.8558E-01 
 3.8692E-01 
 3.8790E-01 
 3.8805E-01 
 3.8702E-01 
 3.8452E-01 
 3.8025E-01 
 3.7395E-01 
 3.6536E-01 
 3.5430E-01 
 3.4072E-01 
 3.2506E-01 
 3.0803E-01 
 2.9034E-01 
 2.7248E-01 
 2.5484E-01 
 2.3775E-01 
 2.2129E-01 
 2.0539E-01 
 1.8997E-01 
 1.7501E-01 
 1.6059E-01 
 1.4684E-01 
 1.3386E-01 
 1.2183E-01 
 1.1097E-01 
 1.0148E-01 
 9.3330E-02 
 8.6351E-02 
 8.0283E-02 
 7.4875E-02 
 6.9987E-02 
 6.5508E-02 
 6.1361E-02 
 5.7484E-02 
 5.3878E-02 
 5.0573E-02 
 4.7565E-02 
 4.4761E-02 
 4.2060E-02 
 4.3774E-01 
 4.3707E-01 
 4.3509E-01 
 4.3179E-01 
 4.2721E-01 
 4.2136E-01 
 4.1468E-01 
 4.0796E-01 
 4.0206E-01 
 3.9800E-01 
 3.9645E-01 
 3.9671E-01 
 3.9773E-01 
 3.9857E-01 
 3.9843E-01 
 3.9683E-01 
 3.9350E-01 
 3.8820E-01 
 3.8059E-01 
 3.7037E-01 
 3.5736E-01 
 3.4189E-01 
 3.2462E-01 
 3.0636E-01 
 2.8777E-01 
 2.6927E-01 
 2.5117E-01 
 2.3375E-01 
 2.1714E-01 
 2.0142E-01 
 1.8663E-01 
 1.7281E-01 
 1.5998E-01 
 1.4811E-01 
 1.3717E-01 
 1.2711E-01 
 1.1790E-01 
 1.0949E-01 
 1.0185E-01 
 9.4894E-02 
 8.8509E-02 
 8.2594E-02 
 7.7087E-02 
 7.1934E-02 
 6.7085E-02 
 6.2498E-02 
 5.8203E-02 
 5.4259E-02 
 5.0670E-02 
 4.7326E-02 
 4.4104E-02 
 4.0146E-01 
 4.0105E-01 
 3.9983E-01 
 3.9782E-01 
 3.9503E-01 
 3.9148E-01 
 3.8747E-01 
 3.8359E-01 
 3.8045E-01 
 3.7901E-01 
 3.7990E-01 
 3.8237E-01 
 3.8529E-01 
 3.8768E-01 
 3.8904E-01 
 3.8928E-01 
 3.8850E-01 
 3.8643E-01 
 3.8214E-01 
 3.7468E-01 
 3.6339E-01 
 3.4870E-01 
 3.3166E-01 
 3.1340E-01 
 2.9477E-01 
 2.7619E-01 
 2.5794E-01 
 2.4024E-01 
 2.2322E-01 
 2.0698E-01 
 1.9158E-01 
 1.7703E-01 
 1.6332E-01 
 1.5039E-01 
 1.3816E-01 
 1.2658E-01 
 1.1564E-01 
 1.0532E-01 
 9.5582E-02 
 8.6398E-02 
 7.7692E-02 
 6.9402E-02 
 6.1498E-02 
 5.3951E-02 
 4.6738E-02 
 3.9843E-02 
 3.3345E-02 
 2.7359E-02 
 2.1911E-02 
 1.6836E-02 
 1.1948E-02 
 4.1707E-01 
 4.1687E-01 
 4.1624E-01 
 4.1521E-01 
 4.1378E-01 
 4.1196E-01 
 4.0993E-01 
 4.0802E-01 
 4.0655E-01 
 4.0598E-01 
 4.0648E-01 
 4.0752E-01 
 4.0839E-01 
 4.0851E-01 
 4.0755E-01 
 4.0531E-01 
 4.0166E-01 
 3.9631E-01 
 3.8868E-01 
 3.7822E-01 
 3.6462E-01 
 3.4829E-01 
 3.3008E-01 
 3.1106E-01 
 2.9195E-01 
 2.7302E-01 
 2.5443E-01 
 2.3633E-01 
 2.1889E-01 
 2.0231E-01 
 1.8670E-01 
 1.7214E-01 
 1.5861E-01 
 1.4606E-01 
 1.3443E-01 
 1.2362E-01 
 1.1354E-01 
 1.0411E-01 
 9.5262E-02 
 8.6942E-02 
 7.9084E-02 
 7.1629E-02 
 6.4542E-02 
 5.7789E-02 
 5.1339E-02 
 4.5172E-02 
 3.9358E-02 
 3.4002E-02 
 2.9125E-02 
 2.4581E-02 
 2.0204E-02 
 4.0097E-01 
 4.0090E-01 
 4.0066E-01 
 4.0028E-01 
 3.9974E-01 
 3.9907E-01 
 3.9838E-01 
 3.9795E-01 
 3.9803E-01 
 3.9888E-01 
 4.0056E-01 
 4.0264E-01 
 4.0459E-01 
 4.0594E-01 
 4.0638E-01 
 4.0562E-01 
 4.0342E-01 
 3.9940E-01 
 3.9295E-01 
 3.8351E-01 
 3.7073E-01 
 3.5507E-01 
 3.3737E-01 
 3.1863E-01 
 2.9961E-01 
 2.8072E-01 
 2.6226E-01 
 2.4447E-01 
 2.2746E-01 
 2.1127E-01 
 1.9595E-01 
 1.8148E-01 
 1.6780E-01 
 1.5485E-01 
 1.4256E-01 
 1.3092E-01 
 1.1989E-01 
 1.0946E-01 
 9.9597E-02 
 9.0278E-02 
 8.1446E-02 
 7.3050E-02 
 6.5057E-02 
 5.7439E-02 
 5.0161E-02 
 4.3203E-02 
 3.6644E-02 
 3.0600E-02 
 2.5098E-02 
 1.9972E-02 
 1.5033E-02 
 3.9177E-01 
 3.9171E-01 
 3.9152E-01 
 3.9120E-01 
 3.9077E-01 
 3.9022E-01 
 3.8972E-01 
 3.8952E-01 
 3.8988E-01 
 3.9104E-01 
 3.9296E-01 
 3.9523E-01 
 3.9740E-01 
 3.9905E-01 
 3.9976E-01 
 3.9912E-01 
 3.9677E-01 
 3.9230E-01 
 3.8527E-01 
 3.7529E-01 
 3.6222E-01 
 3.4641E-01 
 3.2860E-01 
 3.0987E-01 
 2.9104E-01 
 2.7254E-01 
 2.5469E-01 
 2.3772E-01 
 2.2161E-01 
 2.0631E-01 
 1.9177E-01 
 1.7797E-01 
 1.6493E-01 
 1.5263E-01 
 1.4107E-01 
 1.3018E-01 
 1.1989E-01 
 1.1017E-01 
 1.0096E-01 
 9.2229E-02 
 8.3928E-02 
 7.6028E-02 
 6.8510E-02 
 6.1351E-02 
 5.4517E-02 
 4.7988E-02 
 4.1842E-02 
 3.6188E-02 
 3.1040E-02 
 2.6242E-02 
 2.1619E-02 
 3.7645E-01 
 3.7632E-01 
 3.7593E-01 
 3.7529E-01 
 3.7441E-01 
 3.7327E-01 
 3.7196E-01 
 3.7056E-01 
 3.6918E-01 
 3.6797E-01 
 3.6708E-01 
 3.6666E-01 
 3.6688E-01 
 3.6764E-01 
 3.6835E-01 
 3.6841E-01 
 3.6734E-01 
 3.6477E-01 
 3.6048E-01 
 3.5426E-01 
 3.4599E-01 
 3.3575E-01 
 3.2380E-01 
 3.1054E-01 
 2.9633E-01 
 2.8150E-01 
 2.6631E-01 
 2.5099E-01 
 2.3571E-01 
 2.2057E-01 
 2.0570E-01 
 1.9117E-01 
 1.7705E-01 
 1.6339E-01 
 1.5022E-01 
 1.3755E-01 
 1.2535E-01 
 1.1362E-01 
 1.0236E-01 
 9.1551E-02 
 8.1184E-02 
 7.1250E-02 
 6.1755E-02 
 5.2694E-02 
 4.4036E-02 
 3.5766E-02 
 2.7982E-02 
 2.0820E-02 
 1.4301E-02 
 8.2233E-03 
 2.3675E-03 
 3.8895E-01 
 3.8890E-01 
 3.8876E-01 
 3.8852E-01 
 3.8820E-01 
 3.8780E-01 
 3.8745E-01 
 3.8736E-01 
 3.8775E-01 
 3.8891E-01 
 3.9092E-01 
 3.9337E-01 
 3.9578E-01 
 3.9769E-01 
 3.9859E-01 
 3.9795E-01 
 3.9530E-01 
 3.9027E-01 
 3.8260E-01 
 3.7208E-01 
 3.5864E-01 
 3.4251E-01 
 3.2450E-01 
 3.0589E-01 
 2.8750E-01 
 2.6962E-01 
 2.5241E-01 
 2.3599E-01 
 2.2034E-01 
 2.0545E-01 
 1.9126E-01 
 1.7775E-01 
 1.6489E-01 
 1.5263E-01 
 1.4095E-01 
 1.2984E-01 
 1.1928E-01 
 1.0926E-01 
 9.9757E-02 
 9.0740E-02 
 8.2159E-02 
 7.3974E-02 
 6.6168E-02 
 5.8719E-02 
 5.1601E-02 
 4.4803E-02 
 3.8407E-02 
 3.2525E-02 
 2.7169E-02 
 2.2177E-02 
 1.7367E-02 
 4.0728E-01 
 4.0707E-01 
 4.0644E-01 
 4.0539E-01 
 4.0394E-01 
 4.0210E-01 
 4.0011E-01 
 3.9835E-01 
 3.9722E-01 
 3.9717E-01 
 3.9842E-01 
 4.0052E-01 
 4.0288E-01 
 4.0493E-01 
 4.0602E-01 
 4.0553E-01 
 4.0293E-01 
 3.9784E-01 
 3.9005E-01 
 3.7942E-01 
 3.6588E-01 
 3.4941E-01 
 3.3068E-01 
 3.1087E-01 
 2.9091E-01 
 2.7133E-01 
 2.5248E-01 
 2.3462E-01 
 2.1774E-01 
 2.0170E-01 
 1.8639E-01 
 1.7170E-01 
 1.5754E-01 
 1.4384E-01 
 1.3060E-01 
 1.1796E-01 
 1.0606E-01 
 9.5059E-02 
 8.4902E-02 
 7.5494E-02 
 6.6687E-02 
 5.8360E-02 
 5.0445E-02 
 4.2892E-02 
 3.5672E-02 
 2.8777E-02 
 2.2290E-02 
 1.6324E-02 
 1.0893E-02 
 5.8305E-03 
 9.5205E-04 
 4.0695E-01 
 4.0687E-01 
 4.0665E-01 
 4.0628E-01 
 4.0577E-01 
 4.0512E-01 
 4.0441E-01 
 4.0373E-01 
 4.0318E-01 
 4.0282E-01 
 4.0257E-01 
 4.0214E-01 
 4.0120E-01 
 3.9947E-01 
 3.9665E-01 
 3.9247E-01 
 3.8667E-01 
 3.7904E-01 
 3.6950E-01 
 3.5800E-01 
 3.4453E-01 
 3.2917E-01 
 3.1230E-01 
 2.9460E-01 
 2.7670E-01 
 2.5913E-01 
 2.4235E-01 
 2.2667E-01 
 2.1203E-01 
 1.9825E-01 
 1.8519E-01 
 1.7273E-01 
 1.6080E-01 
 1.4935E-01 
 1.3835E-01 
 1.2779E-01 
 1.1769E-01 
 1.0804E-01 
 9.8834E-02 
 9.0058E-02 
 8.1679E-02 
 7.3671E-02 
 6.6026E-02 
 5.8732E-02 
 5.1761E-02 
 4.5103E-02 
 3.8838E-02 
 3.3077E-02 
 2.7831E-02 
 2.2942E-02 
 1.8231E-02 
 4.1537E-01 
 4.1523E-01 
 4.1481E-01 
 4.1413E-01 
 4.1317E-01 
 4.1195E-01 
 4.1047E-01 
 4.0873E-01 
 4.0675E-01 
 4.0445E-01 
 4.0176E-01 
 3.9854E-01 
 3.9468E-01 
 3.9007E-01 
 3.8460E-01 
 3.7818E-01 
 3.7073E-01 
 3.6221E-01 
 3.5262E-01 
 3.4200E-01 
 3.3038E-01 
 3.1783E-01 
 3.0450E-01 
 2.9064E-01 
 2.7644E-01 
 2.6209E-01 
 2.4774E-01 
 2.3353E-01 
 2.1955E-01 
 2.0589E-01 
 1.9259E-01 
 1.7971E-01 
 1.6724E-01 
 1.5518E-01 
 1.4352E-01 
 1.3227E-01 
 1.2143E-01 
 1.1098E-01 
 1.0094E-01 
 9.1300E-02 
 8.2044E-02 
 7.3170E-02 
 6.4687E-02 
 5.6591E-02 
 4.8855E-02 
 4.1466E-02 
 3.4513E-02 
 2.8119E-02 
 2.2298E-02 
 1.6871E-02 
 1.1643E-02 
 4.1635E-01 
 4.1578E-01 
 4.1408E-01 
 4.1125E-01 
 4.0731E-01 
 4.0234E-01 
 3.9695E-01 
 3.9207E-01 
 3.8848E-01 
 3.8650E-01 
 3.8599E-01 
 3.8632E-01 
 3.8680E-01 
 3.8688E-01 
 3.8624E-01 
 3.8471E-01 
 3.8214E-01 
 3.7812E-01 
 3.7187E-01 
 3.6271E-01 
 3.5013E-01 
 3.3413E-01 
 3.1560E-01 
 2.9611E-01 
 2.7677E-01 
 2.5814E-01 
 2.4058E-01 
 2.2435E-01 
 2.0933E-01 
 1.9532E-01 
 1.8215E-01 
 1.6968E-01 
 1.5779E-01 
 1.4639E-01 
 1.3544E-01 
 1.2497E-01 
 1.1503E-01 
 1.0565E-01 
 9.6851E-02 
 8.8589E-02 
 8.0790E-02 
 7.3385E-02 
 6.6337E-02 
 5.9615E-02 
 5.3192E-02 
 4.7059E-02 
 4.1291E-02 
 3.5990E-02 
 3.1162E-02 
 2.6661E-02 
 2.2324E-02 
 4.2833E-01 
 4.2769E-01 
 4.2575E-01 
 4.2254E-01 
 4.1807E-01 
 4.1240E-01 
 4.0620E-01 
 4.0048E-01 
 3.9608E-01 
 3.9339E-01 
 3.9240E-01 
 3.9258E-01 
 3.9327E-01 
 3.9388E-01 
 3.9388E-01 
 3.9303E-01 
 3.9125E-01 
 3.8818E-01 
 3.8297E-01 
 3.7480E-01 
 3.6304E-01 
 3.4767E-01 
 3.2955E-01 
 3.1017E-01 
 2.9060E-01 
 2.7139E-01 
 2.5286E-01 
 2.3529E-01 
 2.1860E-01 
 2.0265E-01 
 1.8728E-01 
 1.7240E-01 
 1.5801E-01 
 1.4410E-01 
 1.3076E-01 
 1.1815E-01 
 1.0647E-01 
 9.5866E-02 
 8.6306E-02 
 7.7673E-02 
 6.9796E-02 
 6.2528E-02 
 5.5778E-02 
 4.9471E-02 
 4.3547E-02 
 3.7969E-02 
 3.2779E-02 
 2.8043E-02 
 2.3751E-02 
 1.9764E-02 
 1.5930E-02 
 4.0240E-01 
 4.0229E-01 
 4.0199E-01 
 4.0148E-01 
 4.0078E-01 
 3.9990E-01 
 3.9902E-01 
 3.9841E-01 
 3.9831E-01 
 3.9878E-01 
 3.9970E-01 
 4.0072E-01 
 4.0143E-01 
 4.0152E-01 
 4.0079E-01 
 3.9901E-01 
 3.9598E-01 
 3.9143E-01 
 3.8492E-01 
 3.7607E-01 
 3.6457E-01 
 3.5028E-01 
 3.3368E-01 
 3.1576E-01 
 2.9727E-01 
 2.7858E-01 
 2.5992E-01 
 2.4151E-01 
 2.2343E-01 
 2.0571E-01 
 1.8837E-01 
 1.7145E-01 
 1.5504E-01 
 1.3922E-01 
 1.2411E-01 
 1.0989E-01 
 9.6729E-02 
 8.4769E-02 
 7.3961E-02 
 6.4180E-02 
 5.5238E-02 
 4.6992E-02 
 3.9387E-02 
 3.2325E-02 
 2.5610E-02 
 1.9128E-02 
 1.3241E-02 
 8.4514E-03 
 4.9321E-03 
 2.2954E-03 
 1.0000E-04 


!chie from confinement nodes
POINTS 51 GRIDTYPE 14 NAMEXP CAR5 NTIMES 28 
 3.0030E-01 
  3.2530E-01 
  3.5030E-01 
  3.7530E-01 
  4.0030E-01 
  4.2530E-01 
  4.5030E-01 
  4.7530E-01 
  5.0030E-01 
  5.2530E-01 
  5.5030E-01 
  5.7530E-01 
  6.0030E-01 
  6.2530E-01 
  6.5030E-01 
  6.7530E-01 
  7.0030E-01 
  7.2530E-01 
  7.5030E-01 
  7.7530E-01 
  8.0030E-01 
  8.2530E-01 
  8.5030E-01 
  8.7530E-01 
  9.0030E-01 
  9.2530E-01 
  9.5030E-01 
  9.7530E-01 
  0.0000E+00 
  2.0000E-02 
  4.0000E-02 
  6.0000E-02 
  8.0000E-02 
  1.0000E-01 
  1.2000E-01 
  1.4000E-01 
  1.6000E-01 
  1.8000E-01 
  2.0000E-01 
  2.2000E-01 
  2.4000E-01 
  2.6000E-01 
  2.8000E-01 
  3.0000E-01 
  3.2000E-01 
  3.4000E-01 
  3.6000E-01 
  3.8000E-01 
  4.0000E-01 
  4.2000E-01 
  4.4000E-01 
  4.6000E-01 
  4.8000E-01 
  5.0000E-01 
  5.2000E-01 
  5.4000E-01 
  5.6000E-01 
  5.8000E-01 
  6.0000E-01 
  6.2000E-01 
  6.4000E-01 
  6.6000E-01 
  6.8000E-01 
  7.0000E-01 
  7.2000E-01 
  7.4000E-01 
  7.6000E-01 
  7.8000E-01 
  8.0000E-01 
  8.2000E-01 
  8.4000E-01 
  8.6000E-01 
  8.8000E-01 
  9.0000E-01 
  9.2000E-01 
  9.4000E-01 
  9.6000E-01 
  9.8000E-01 
  1.0000E+00 
  3.1310E-01 
 1.2273E+00 
 1.3693E+00 
 1.3256E+00 
 1.3208E+00 
 1.3698E+00 
 1.5957E+00 
 2.1706E+00 
 4.2778E+00 
 1.2893E+01 
 2.9855E+01 
 3.3687E+01 
 1.7475E+01 
 7.0507E+00 
 3.7811E+00 
 2.7755E+00 
 2.2110E+00 
 1.7527E+00 
 1.3735E+00 
 1.0855E+00 
 8.9121E-01 
 7.8424E-01 
 7.4142E-01 
 7.3727E-01 
 7.5882E-01 
 8.0251E-01 
 8.6760E-01 
 9.4993E-01 
 1.0433E+00 
 1.1437E+00 
 1.2506E+00 
 1.3638E+00 
 1.4813E+00 
 1.6000E+00 
 1.7159E+00 
 1.8248E+00 
 1.9235E+00 
 2.0092E+00 
 2.0817E+00 
 2.1433E+00 
 2.1959E+00 
 2.2409E+00 
 2.2792E+00 
 2.3108E+00 
 2.3298E+00 
 2.3293E+00 
 2.3215E+00 
 2.3338E+00 
 2.3842E+00 
 2.4635E+00 
 2.5571E+00 
 3.7778E-01 
 1.4815E+00 
 1.6597E+00 
 1.6166E+00 
 1.6231E+00 
 1.6828E+00 
 1.9576E+00 
 2.6802E+00 
 3.9981E+00 
 5.8907E+00 
 7.8605E+00 
 8.6456E+00 
 7.6964E+00 
 5.7562E+00 
 3.8985E+00 
 2.6631E+00 
 1.9327E+00 
 1.4964E+00 
 1.2296E+00 
 1.0563E+00 
 9.3891E-01 
 8.6533E-01 
 8.2766E-01 
 8.1711E-01 
 8.2919E-01 
 8.6336E-01 
 9.2012E-01 
 9.9792E-01 
 1.0935E+00 
 1.2042E+00 
 1.3281E+00 
 1.4593E+00 
 1.5875E+00 
 1.7005E+00 
 1.7900E+00 
 1.8549E+00 
 1.8992E+00 
 1.9284E+00 
 1.9482E+00 
 1.9628E+00 
 1.9742E+00 
 1.9830E+00 
 1.9899E+00 
 1.9954E+00 
 1.9933E+00 
 1.9757E+00 
 1.9514E+00 
 1.9423E+00 
 1.9636E+00 
 2.0079E+00 
 2.0638E+00 
 5.4857E-01 
 2.1464E+00 
 2.3898E+00 
 2.3003E+00 
 2.2707E+00 
 2.3242E+00 
 2.7035E+00 
 3.6486E+00 
 6.9140E+00 
 2.2455E+01 
 5.2448E+01 
 5.1985E+01 
 2.0180E+01 
 6.9205E+00 
 3.9432E+00 
 2.8053E+00 
 2.0468E+00 
 1.5841E+00 
 1.3149E+00 
 1.1445E+00 
 1.0286E+00 
 9.5359E-01 
 9.1229E-01 
 8.9817E-01 
 9.0563E-01 
 9.3021E-01 
 9.6946E-01 
 1.0216E+00 
 1.0853E+00 
 1.1599E+00 
 1.2445E+00 
 1.3366E+00 
 1.4325E+00 
 1.5282E+00 
 1.6205E+00 
 1.7073E+00 
 1.7880E+00 
 1.8628E+00 
 1.9319E+00 
 1.9951E+00 
 2.0516E+00 
 2.1004E+00 
 2.1420E+00 
 2.1766E+00 
 2.1988E+00 
 2.2013E+00 
 2.1951E+00 
 2.2052E+00 
 2.2486E+00 
 2.3175E+00 
 2.3991E+00 
 6.2717E-01 
 2.4584E+00 
 2.7237E+00 
 2.6110E+00 
 2.5675E+00 
 2.6071E+00 
 2.9117E+00 
 3.9090E+00 
 7.9104E+00 
 1.6019E+01 
 2.0738E+01 
 2.1071E+01 
 1.7341E+01 
 1.0065E+01 
 4.1601E+00 
 2.3051E+00 
 1.6679E+00 
 1.2896E+00 
 1.0492E+00 
 8.9755E-01 
 7.9858E-01 
 7.3822E-01 
 7.0983E-01 
 7.0824E-01 
 7.2883E-01 
 7.6831E-01 
 8.2574E-01 
 9.0048E-01 
 9.9201E-01 
 1.1002E+00 
 1.2242E+00 
 1.3585E+00 
 1.4951E+00 
 1.6246E+00 
 1.7394E+00 
 1.8364E+00 
 1.9164E+00 
 1.9829E+00 
 2.0397E+00 
 2.0900E+00 
 2.1344E+00 
 2.1728E+00 
 2.2063E+00 
 2.2351E+00 
 2.2538E+00 
 2.2555E+00 
 2.2524E+00 
 2.2694E+00 
 2.3229E+00 
 2.4037E+00 
 2.4982E+00 
 3.4566E-01 
 1.3576E+00 
 1.5126E+00 
 1.4677E+00 
 1.4726E+00 
 1.5117E+00 
 1.6233E+00 
 1.8299E+00 
 2.3271E+00 
 3.9971E+00 
 7.5103E+00 
 9.7397E+00 
 7.6670E+00 
 4.5126E+00 
 2.6876E+00 
 1.8382E+00 
 1.3822E+00 
 1.1100E+00 
 9.4595E-01 
 8.4118E-01 
 7.7263E-01 
 7.3519E-01 
 7.2689E-01 
 7.4372E-01 
 7.7935E-01 
 8.2805E-01 
 8.8837E-01 
 9.5994E-01 
 1.0422E+00 
 1.1345E+00 
 1.2361E+00 
 1.3438E+00 
 1.4533E+00 
 1.5607E+00 
 1.6630E+00 
 1.7591E+00 
 1.8486E+00 
 1.9316E+00 
 2.0084E+00 
 2.0787E+00 
 2.1411E+00 
 2.1940E+00 
 2.2379E+00 
 2.2731E+00 
 2.2946E+00 
 2.2964E+00 
 2.2917E+00 
 2.3072E+00 
 2.3599E+00 
 2.4408E+00 
 2.5356E+00 
 1.8148E-01 
 7.1490E-01 
 7.9151E-01 
 7.6581E-01 
 7.6441E-01 
 7.8602E-01 
 8.7703E-01 
 1.0741E+00 
 1.4778E+00 
 2.7029E+00 
 5.6541E+00 
 8.2213E+00 
 6.9935E+00 
 4.1767E+00 
 2.5276E+00 
 1.8021E+00 
 1.4104E+00 
 1.1543E+00 
 9.7864E-01 
 8.5282E-01 
 7.6171E-01 
 7.0545E-01 
 6.8695E-01 
 7.0113E-01 
 7.3784E-01 
 7.9084E-01 
 8.6019E-01 
 9.4596E-01 
 1.0466E+00 
 1.1605E+00 
 1.2861E+00 
 1.4185E+00 
 1.5518E+00 
 1.6814E+00 
 1.8065E+00 
 1.9290E+00 
 2.0502E+00 
 2.1697E+00 
 2.2836E+00 
 2.3859E+00 
 2.4720E+00 
 2.5395E+00 
 2.5918E+00 
 2.6330E+00 
 2.6589E+00 
 2.6650E+00 
 2.6681E+00 
 2.6978E+00 
 2.7724E+00 
 2.8800E+00 
 3.0041E+00 
 2.2197E-01 
 8.7473E-01 
 9.6926E-01 
 9.3873E-01 
 9.3721E-01 
 9.6531E-01 
 1.0944E+00 
 1.4137E+00 
 1.9772E+00 
 2.7736E+00 
 3.6031E+00 
 3.9992E+00 
 3.7355E+00 
 3.0402E+00 
 2.3197E+00 
 1.8100E+00 
 1.4820E+00 
 1.2634E+00 
 1.1138E+00 
 1.0060E+00 
 9.2561E-01 
 8.7033E-01 
 8.4173E-01 
 8.3734E-01 
 8.5197E-01 
 8.8256E-01 
 9.2864E-01 
 9.8975E-01 
 1.0652E+00 
 1.1546E+00 
 1.2574E+00 
 1.3700E+00 
 1.4872E+00 
 1.6043E+00 
 1.7184E+00 
 1.8282E+00 
 1.9326E+00 
 2.0294E+00 
 2.1162E+00 
 2.1901E+00 
 2.2498E+00 
 2.2951E+00 
 2.3287E+00 
 2.3526E+00 
 2.3607E+00 
 2.3464E+00 
 2.3234E+00 
 2.3175E+00 
 2.3450E+00 
 2.3973E+00 
 2.4621E+00 
 2.7668E-01 
 1.0920E+00 
 1.2102E+00 
 1.1754E+00 
 1.1802E+00 
 1.2206E+00 
 1.3558E+00 
 1.6493E+00 
 2.1507E+00 
 2.7825E+00 
 3.2076E+00 
 3.1070E+00 
 2.6184E+00 
 2.0755E+00 
 1.6557E+00 
 1.3833E+00 
 1.2107E+00 
 1.0943E+00 
 1.0114E+00 
 9.5091E-01 
 9.0977E-01 
 8.8882E-01 
 8.8785E-01 
 9.0590E-01 
 9.4304E-01 
 1.0003E+00 
 1.0782E+00 
 1.1744E+00 
 1.2853E+00 
 1.4090E+00 
 1.5433E+00 
 1.6829E+00 
 1.8215E+00 
 1.9542E+00 
 2.0779E+00 
 2.1899E+00 
 2.2876E+00 
 2.3692E+00 
 2.4344E+00 
 2.4838E+00 
 2.5180E+00 
 2.5381E+00 
 2.5475E+00 
 2.5479E+00 
 2.5328E+00 
 2.4960E+00 
 2.4534E+00 
 2.4332E+00 
 2.4521E+00 
 2.4997E+00 
 2.5616E+00 
 2.4766E-01 
 9.7749E-01 
 1.0834E+00 
 1.0535E+00 
 1.0623E+00 
 1.0802E+00 
 1.0990E+00 
 1.1178E+00 
 1.1337E+00 
 1.1440E+00 
 1.1469E+00 
 1.1428E+00 
 1.1327E+00 
 1.1185E+00 
 1.1036E+00 
 1.0910E+00 
 1.0824E+00 
 1.0781E+00 
 1.0778E+00 
 1.0809E+00 
 1.0881E+00 
 1.1010E+00 
 1.1209E+00 
 1.1490E+00 
 1.1860E+00 
 1.2320E+00 
 1.2864E+00 
 1.3489E+00 
 1.4191E+00 
 1.4965E+00 
 1.5805E+00 
 1.6691E+00 
 1.7592E+00 
 1.8474E+00 
 1.9304E+00 
 2.0072E+00 
 2.0778E+00 
 2.1425E+00 
 2.2019E+00 
 2.2563E+00 
 2.3053E+00 
 2.3482E+00 
 2.3854E+00 
 2.4159E+00 
 2.4329E+00 
 2.4303E+00 
 2.4237E+00 
 2.4405E+00 
 2.4969E+00 
 2.5824E+00 
 2.6823E+00 
 1.9070E-01 
 7.5431E-01 
 8.3521E-01 
 8.1265E-01 
 8.1715E-01 
 8.5080E-01 
 9.7232E-01 
 1.1078E+00 
 7.6834E-01 
 2.5577E+00 
 2.1812E+01 
 4.2794E+01 
 3.5445E+01 
 1.7394E+01 
 6.1250E+00 
 3.2081E+00 
 2.5409E+00 
 2.0468E+00 
 1.6319E+00 
 1.3375E+00 
 1.1360E+00 
 9.9684E-01 
 9.0249E-01 
 8.4617E-01 
 8.2608E-01 
 8.3847E-01 
 8.7656E-01 
 9.3329E-01 
 1.0049E+00 
 1.0896E+00 
 1.1830E+00 
 1.2761E+00 
 1.3625E+00 
 1.4461E+00 
 1.5415E+00 
 1.6636E+00 
 1.8162E+00 
 1.9861E+00 
 2.1582E+00 
 2.3193E+00 
 2.4670E+00 
 2.6024E+00 
 2.7262E+00 
 2.8379E+00 
 2.9341E+00 
 3.0133E+00 
 3.0973E+00 
 3.2198E+00 
 3.4001E+00 
 3.6221E+00 
 3.8650E+00 
 3.3109E-01 
 1.3093E+00 
 1.4483E+00 
 1.4062E+00 
 1.4109E+00 
 1.4586E+00 
 1.5994E+00 
 1.8193E+00 
 2.4618E+00 
 5.4668E+00 
 1.0973E+01 
 1.5599E+01 
 1.8822E+01 
 2.0394E+01 
 2.0096E+01 
 1.7741E+01 
 1.3163E+01 
 6.7785E+00 
 2.8986E+00 
 1.7393E+00 
 1.3036E+00 
 1.0275E+00 
 8.6476E-01 
 7.8879E-01 
 7.6567E-01 
 7.7838E-01 
 8.1985E-01 
 8.8386E-01 
 9.6658E-01 
 1.0672E+00 
 1.1838E+00 
 1.3077E+00 
 1.4283E+00 
 1.5398E+00 
 1.6427E+00 
 1.7401E+00 
 1.8343E+00 
 1.9255E+00 
 2.0122E+00 
 2.0918E+00 
 2.1616E+00 
 2.2201E+00 
 2.2689E+00 
 2.3092E+00 
 2.3355E+00 
 2.3433E+00 
 2.3479E+00 
 2.3753E+00 
 2.4405E+00 
 2.5332E+00 
 2.6398E+00 
 4.3375E-01 
 1.7131E+00 
 1.8896E+00 
 1.8238E+00 
 1.8149E+00 
 1.8632E+00 
 2.0225E+00 
 2.4603E+00 
 4.9980E+00 
 1.0712E+01 
 1.5501E+01 
 1.8805E+01 
 2.0574E+01 
 2.0772E+01 
 1.9373E+01 
 1.6365E+01 
 1.1741E+01 
 5.9505E+00 
 2.5960E+00 
 1.6452E+00 
 1.2887E+00 
 1.0558E+00 
 9.1270E-01 
 8.4057E-01 
 8.1338E-01 
 8.1678E-01 
 8.4400E-01 
 8.9012E-01 
 9.5253E-01 
 1.0309E+00 
 1.1247E+00 
 1.2306E+00 
 1.3450E+00 
 1.4650E+00 
 1.5886E+00 
 1.7132E+00 
 1.8367E+00 
 1.9569E+00 
 2.0703E+00 
 2.1739E+00 
 2.2672E+00 
 2.3514E+00 
 2.4296E+00 
 2.5034E+00 
 2.5677E+00 
 2.6176E+00 
 2.6704E+00 
 2.7546E+00 
 2.8862E+00 
 3.0524E+00 
 3.2358E+00 
 3.2521E-01 
 1.2837E+00 
 1.4143E+00 
 1.3627E+00 
 1.3521E+00 
 1.3834E+00 
 1.5202E+00 
 1.6790E+00 
 2.3450E+00 
 7.9121E+00 
 1.8468E+01 
 2.5233E+01 
 2.8129E+01 
 2.7813E+01 
 2.4918E+01 
 2.0035E+01 
 1.3715E+01 
 6.8524E+00 
 2.9773E+00 
 1.8026E+00 
 1.3552E+00 
 1.0831E+00 
 9.2209E-01 
 8.4028E-01 
 8.0825E-01 
 8.1208E-01 
 8.4514E-01 
 9.0066E-01 
 9.7338E-01 
 1.0613E+00 
 1.1622E+00 
 1.2688E+00 
 1.3715E+00 
 1.4664E+00 
 1.5571E+00 
 1.6510E+00 
 1.7531E+00 
 1.8632E+00 
 1.9762E+00 
 2.0852E+00 
 2.1851E+00 
 2.2728E+00 
 2.3508E+00 
 2.4209E+00 
 2.4793E+00 
 2.5225E+00 
 2.5675E+00 
 2.6414E+00 
 2.7600E+00 
 2.9110E+00 
 3.0782E+00 
 6.3717E-01 
 2.5215E+00 
 2.7809E+00 
 2.6927E+00 
 2.6887E+00 
 2.7626E+00 
 3.0600E+00 
 3.6983E+00 
 4.9823E+00 
 8.1629E+00 
 1.4384E+01 
 1.9880E+01 
 1.8730E+01 
 1.2662E+01 
 7.2788E+00 
 4.3370E+00 
 2.8984E+00 
 2.1133E+00 
 1.6306E+00 
 1.3127E+00 
 1.0984E+00 
 9.6146E-01 
 8.8351E-01 
 8.4652E-01 
 8.3833E-01 
 8.5372E-01 
 8.8990E-01 
 9.4308E-01 
 1.0098E+00 
 1.0888E+00 
 1.1801E+00 
 1.2827E+00 
 1.3946E+00 
 1.5145E+00 
 1.6425E+00 
 1.7793E+00 
 1.9259E+00 
 2.0819E+00 
 2.2442E+00 
 2.4081E+00 
 2.5688E+00 
 2.7227E+00 
 2.8692E+00 
 3.0074E+00 
 3.1322E+00 
 3.2404E+00 
 3.3548E+00 
 3.5109E+00 
 3.7282E+00 
 3.9897E+00 
 4.2733E+00 
 2.7479E-01 
 1.0877E+00 
 1.2003E+00 
 1.1605E+00 
 1.1578E+00 
 1.2337E+00 
 1.4490E+00 
 5.3178E-01 
 6.6820E-01 
 3.1919E+01 
 8.9966E+01 
 1.0352E+02 
 8.5193E+01 
 5.2522E+01 
 2.1876E+01 
 6.4264E+00 
 2.7270E+00 
 2.0479E+00 
 1.5934E+00 
 1.2366E+00 
 1.0047E+00 
 8.6560E-01 
 7.9286E-01 
 7.6583E-01 
 7.6795E-01 
 7.9069E-01 
 8.3089E-01 
 8.8302E-01 
 9.3916E-01 
 9.9471E-01 
 1.0507E+00 
 1.1120E+00 
 1.1824E+00 
 1.2670E+00 
 1.3754E+00 
 1.5282E+00 
 1.7449E+00 
 2.0367E+00 
 2.3924E+00 
 2.7886E+00 
 3.1997E+00 
 3.6048E+00 
 3.9985E+00 
 4.3786E+00 
 4.7412E+00 
 5.0869E+00 
 5.4538E+00 
 5.8993E+00 
 6.4537E+00 
 7.0864E+00 
 7.7581E+00 
 1.4686E-01 
 5.8247E-01 
 6.4026E-01 
 6.1975E-01 
 6.1906E-01 
 6.4026E-01 
 7.1241E-01 
 8.2174E-01 
 1.1906E+00 
 3.2241E+00 
 6.9130E+00 
 9.9222E+00 
 1.1624E+01 
 1.1545E+01 
 9.2616E+00 
 4.9976E+00 
 2.4653E+00 
 1.6617E+00 
 1.2828E+00 
 1.0198E+00 
 8.5088E-01 
 7.5974E-01 
 7.2271E-01 
 7.2125E-01 
 7.4356E-01 
 7.8430E-01 
 8.4299E-01 
 9.1945E-01 
 1.0132E+00 
 1.1254E+00 
 1.2575E+00 
 1.4091E+00 
 1.5759E+00 
 1.7518E+00 
 1.9317E+00 
 2.1182E+00 
 2.3165E+00 
 2.5314E+00 
 2.7597E+00 
 2.9942E+00 
 3.2269E+00 
 3.4518E+00 
 3.6686E+00 
 3.8756E+00 
 4.0657E+00 
 4.2355E+00 
 4.4159E+00 
 4.6523E+00 
 4.9679E+00 
 5.3400E+00 
 5.7403E+00 
 2.5118E-01 
 9.9699E-01 
 1.0978E+00 
 1.0647E+00 
 1.0663E+00 
 1.1110E+00 
 1.2216E+00 
 1.4582E+00 
 3.3314E+00 
 9.0803E+00 
 1.7295E+01 
 2.5854E+01 
 3.2746E+01 
 3.6118E+01 
 3.4286E+01 
 2.5729E+01 
 1.1367E+01 
 3.6983E+00 
 1.8729E+00 
 1.3220E+00 
 1.0045E+00 
 8.4057E-01 
 7.8123E-01 
 7.7739E-01 
 8.0247E-01 
 8.4539E-01 
 9.0478E-01 
 9.8123E-01 
 1.0747E+00 
 1.1854E+00 
 1.3121E+00 
 1.4497E+00 
 1.5881E+00 
 1.7171E+00 
 1.8298E+00 
 1.9273E+00 
 2.0126E+00 
 2.0881E+00 
 2.1523E+00 
 2.2019E+00 
 2.2343E+00 
 2.2486E+00 
 2.2492E+00 
 2.2386E+00 
 2.2101E+00 
 2.1587E+00 
 2.0991E+00 
 2.0543E+00 
 2.0375E+00 
 2.0411E+00 
 2.0548E+00 
 4.8845E-01 
 1.9416E+00 
 2.1413E+00 
 2.0861E+00 
 2.1058E+00 
 2.2238E+00 
 2.4335E+00 
 3.1596E+00 
 9.5995E+00 
 2.2439E+01 
 2.9576E+01 
 3.0797E+01 
 2.7043E+01 
 1.9217E+01 
 9.0906E+00 
 3.9337E+00 
 2.6211E+00 
 1.9669E+00 
 1.4477E+00 
 1.0956E+00 
 8.9003E-01 
 7.8621E-01 
 7.4881E-01 
 7.5234E-01 
 7.7737E-01 
 8.1289E-01 
 8.5752E-01 
 9.1405E-01 
 9.8573E-01 
 1.0748E+00 
 1.1813E+00 
 1.3029E+00 
 1.4358E+00 
 1.5753E+00 
 1.7162E+00 
 1.8545E+00 
 1.9875E+00 
 2.1139E+00 
 2.2313E+00 
 2.3369E+00 
 2.4271E+00 
 2.5000E+00 
 2.5578E+00 
 2.6013E+00 
 2.6256E+00 
 2.6277E+00 
 2.6274E+00 
 2.6536E+00 
 2.7219E+00 
 2.8204E+00 
 2.9340E+00 
 1.3980E+00 
 5.5571E+00 
 6.1323E+00 
 5.9805E+00 
 5.8887E+00 
 6.0795E+00 
 1.0513E+01 
 2.4692E+01 
 3.9525E+01 
 5.1765E+01 
 6.0200E+01 
 6.3712E+01 
 6.1285E+01 
 5.2017E+01 
 3.5099E+01 
 1.2880E+01 
 3.3352E+00 
 2.0836E+00 
 1.6759E+00 
 1.2487E+00 
 9.7697E-01 
 8.4736E-01 
 7.9723E-01 
 7.9115E-01 
 8.1139E-01 
 8.4933E-01 
 9.0289E-01 
 9.7046E-01 
 1.0500E+00 
 1.1406E+00 
 1.2405E+00 
 1.3459E+00 
 1.4524E+00 
 1.5572E+00 
 1.6598E+00 
 1.7607E+00 
 1.8604E+00 
 1.9585E+00 
 2.0524E+00 
 2.1389E+00 
 2.2139E+00 
 2.2749E+00 
 2.3236E+00 
 2.3602E+00 
 2.3791E+00 
 2.3769E+00 
 2.3706E+00 
 2.3862E+00 
 2.4375E+00 
 2.5146E+00 
 2.6047E+00 
 1.6704E+00 
 6.6700E+00 
 7.3536E+00 
 7.1613E+00 
 7.1010E+00 
 8.4089E+00 
 1.3223E+01 
 1.7494E+01 
 2.0078E+01 
 2.1180E+01 
 2.1004E+01 
 1.9748E+01 
 1.7598E+01 
 1.4736E+01 
 1.1332E+01 
 7.5419E+00 
 3.9028E+00 
 2.1131E+00 
 1.4572E+00 
 1.1241E+00 
 9.1939E-01 
 8.0510E-01 
 7.5876E-01 
 7.5946E-01 
 7.8957E-01 
 8.4103E-01 
 9.1249E-01 
 1.0003E+00 
 1.0997E+00 
 1.2097E+00 
 1.3314E+00 
 1.4650E+00 
 1.6066E+00 
 1.7481E+00 
 1.8809E+00 
 2.0007E+00 
 2.1071E+00 
 2.2022E+00 
 2.2884E+00 
 2.3670E+00 
 2.4364E+00 
 2.4955E+00 
 2.5447E+00 
 2.5823E+00 
 2.6020E+00 
 2.6007E+00 
 2.5986E+00 
 2.6237E+00 
 2.6901E+00 
 2.7857E+00 
 2.8959E+00 
 8.7246E-01 
 3.4726E+00 
 3.7995E+00 
 3.6785E+00 
 3.6805E+00 
 3.7760E+00 
 4.0705E+00 
 4.5888E+00 
 5.4068E+00 
 7.6161E+00 
 1.4745E+01 
 2.4296E+01 
 3.1065E+01 
 3.3691E+01 
 3.1040E+01 
 2.2102E+01 
 8.9260E+00 
 3.3114E+00 
 2.2398E+00 
 1.8234E+00 
 1.4821E+00 
 1.2569E+00 
 1.1310E+00 
 1.0665E+00 
 1.0390E+00 
 1.0366E+00 
 1.0536E+00 
 1.0855E+00 
 1.1291E+00 
 1.1829E+00 
 1.2459E+00 
 1.3166E+00 
 1.3927E+00 
 1.4711E+00 
 1.5485E+00 
 1.6231E+00 
 1.6945E+00 
 1.7629E+00 
 1.8288E+00 
 1.8926E+00 
 1.9531E+00 
 2.0102E+00 
 2.0646E+00 
 2.1139E+00 
 2.1483E+00 
 2.1601E+00 
 2.1613E+00 
 2.1706E+00 
 2.1981E+00 
 2.2389E+00 
 2.2863E+00 
 2.2560E+00 
 9.0321E+00 
 1.0001E+01 
 9.7758E+00 
 9.6965E+00 
 1.2135E+01 
 2.0989E+01 
 2.8169E+01 
 3.1685E+01 
 3.2216E+01 
 3.0418E+01 
 2.6920E+01 
 2.2315E+01 
 1.7158E+01 
 1.1962E+01 
 7.1972E+00 
 3.5044E+00 
 1.9260E+00 
 1.3967E+00 
 1.1171E+00 
 9.3135E-01 
 8.2607E-01 
 7.9196E-01 
 8.0887E-01 
 8.5363E-01 
 9.1367E-01 
 9.8713E-01 
 1.0730E+00 
 1.1685E+00 
 1.2724E+00 
 1.3837E+00 
 1.5001E+00 
 1.6176E+00 
 1.7318E+00 
 1.8405E+00 
 1.9440E+00 
 2.0429E+00 
 2.1374E+00 
 2.2253E+00 
 2.3040E+00 
 2.3708E+00 
 2.4247E+00 
 2.4680E+00 
 2.5006E+00 
 2.5162E+00 
 2.5114E+00 
 2.5056E+00 
 2.5254E+00 
 2.5839E+00 
 2.6698E+00 
 2.7695E+00 
 5.3950E-01 
 2.1521E+00 
 2.3630E+00 
 2.3018E+00 
 2.3146E+00 
 2.4371E+00 
 2.9729E+00 
 4.9518E+00 
 8.6536E+00 
 1.1676E+01 
 1.3698E+01 
 1.4678E+01 
 1.4586E+01 
 1.3399E+01 
 1.1105E+01 
 7.6952E+00 
 3.8047E+00 
 1.9938E+00 
 1.4491E+00 
 1.1818E+00 
 9.8811E-01 
 8.6371E-01 
 8.0812E-01 
 8.0351E-01 
 8.2901E-01 
 8.7413E-01 
 9.3613E-01 
 1.0101E+00 
 1.0882E+00 
 1.1663E+00 
 1.2430E+00 
 1.3171E+00 
 1.3872E+00 
 1.4572E+00 
 1.5363E+00 
 1.6365E+00 
 1.7608E+00 
 1.9033E+00 
 2.0491E+00 
 2.1837E+00 
 2.2988E+00 
 2.3923E+00 
 2.4716E+00 
 2.5392E+00 
 2.5829E+00 
 2.5926E+00 
 2.5784E+00 
 2.5574E+00 
 2.5405E+00 
 2.5271E+00 
 2.5155E+00 
 1.5181E+00 
 6.0540E+00 
 6.6444E+00 
 6.4656E+00 
 6.5073E+00 
 6.8683E+00 
 7.9833E+00 
 1.0617E+01 
 1.7988E+01 
 3.1175E+01 
 3.1469E+01 
 1.7387E+01 
 8.2246E+00 
 4.8364E+00 
 3.3351E+00 
 2.4349E+00 
 1.8674E+00 
 1.5111E+00 
 1.2776E+00 
 1.1140E+00 
 9.9574E-01 
 9.1733E-01 
 8.7981E-01 
 8.7920E-01 
 9.0929E-01 
 9.6839E-01 
 1.0551E+00 
 1.1602E+00 
 1.2703E+00 
 1.3782E+00 
 1.4825E+00 
 1.5837E+00 
 1.6816E+00 
 1.7755E+00 
 1.8657E+00 
 1.9542E+00 
 2.0420E+00 
 2.1290E+00 
 2.2133E+00 
 2.2925E+00 
 2.3639E+00 
 2.4260E+00 
 2.4800E+00 
 2.5249E+00 
 2.5539E+00 
 2.5635E+00 
 2.5731E+00 
 2.6099E+00 
 2.6869E+00 
 2.7925E+00 
 2.9124E+00 
 8.0954E-01 
 3.2252E+00 
 3.5324E+00 
 3.4335E+00 
 3.4596E+00 
 3.5100E+00 
 3.5629E+00 
 3.6055E+00 
 3.5732E+00 
 3.4212E+00 
 3.1568E+00 
 2.8295E+00 
 2.5005E+00 
 2.2023E+00 
 1.9450E+00 
 1.7297E+00 
 1.5554E+00 
 1.4202E+00 
 1.3168E+00 
 1.2362E+00 
 1.1735E+00 
 1.1290E+00 
 1.1051E+00 
 1.1012E+00 
 1.1145E+00 
 1.1424E+00 
 1.1831E+00 
 1.2349E+00 
 1.2963E+00 
 1.3665E+00 
 1.4436E+00 
 1.5247E+00 
 1.6060E+00 
 1.6848E+00 
 1.7597E+00 
 1.8307E+00 
 1.8984E+00 
 1.9636E+00 
 2.0269E+00 
 2.0882E+00 
 2.1463E+00 
 2.2002E+00 
 2.2498E+00 
 2.2928E+00 
 2.3214E+00 
 2.3311E+00 
 2.3388E+00 
 2.3687E+00 
 2.4327E+00 
 2.5210E+00 
 2.6214E+00 
 1.8908E-01 
 7.5443E-01 
 8.2449E-01 
 7.9918E-01 
 8.0131E-01 
 8.5874E-01 
 1.0350E+00 
 1.2792E+00 
 2.3658E+00 
 9.5157E+00 
 2.2742E+01 
 3.4025E+01 
 3.8373E+01 
 3.1302E+01 
 1.3533E+01 
 5.1763E+00 
 3.3757E+00 
 2.4260E+00 
 1.6663E+00 
 1.1929E+00 
 9.2638E-01 
 7.8767E-01 
 7.3830E-01 
 7.4881E-01 
 7.9475E-01 
 8.6633E-01 
 9.6227E-01 
 1.0766E+00 
 1.1980E+00 
 1.3194E+00 
 1.4369E+00 
 1.5469E+00 
 1.6462E+00 
 1.7365E+00 
 1.8234E+00 
 1.9152E+00 
 2.0153E+00 
 2.1225E+00 
 2.2291E+00 
 2.3268E+00 
 2.4086E+00 
 2.4715E+00 
 2.5194E+00 
 2.5535E+00 
 2.5690E+00 
 2.5646E+00 
 2.5608E+00 
 2.5849E+00 
 2.6496E+00 
 2.7430E+00 
 2.8507E+00 
 1.6462E-01 
 6.5608E-01 
 7.1473E-01 
 6.8893E-01 
 6.8503E-01 
 7.1934E-01 
 8.4777E-01 
 1.0938E+00 
 1.7825E+00 
 4.9425E+00 
 1.1888E+01 
 2.0209E+01 
 2.6714E+01 
 2.8444E+01 
 2.2704E+01 
 1.0586E+01 
 4.7369E+00 
 2.9113E+00 
 1.9382E+00 
 1.3338E+00 
 9.9800E-01 
 8.3098E-01 
 7.6752E-01 
 7.6513E-01 
 7.9485E-01 
 8.4369E-01 
 9.0803E-01 
 9.8208E-01 
 1.0561E+00 
 1.1244E+00 
 1.1864E+00 
 1.2447E+00 
 1.3026E+00 
 1.3668E+00 
 1.4480E+00 
 1.5593E+00 
 1.7051E+00 
 1.8815E+00 
 2.0732E+00 
 2.2639E+00 
 2.4411E+00 
 2.5976E+00 
 2.7344E+00 
 2.8508E+00 
 2.9405E+00 
 3.0017E+00 
 3.0585E+00 
 3.1432E+00 
 3.2713E+00 
 3.4302E+00 
 3.6045E+00 
 1.0726E+00 
 4.2893E+00 
 4.7043E+00 
 4.5871E+00 
 4.5698E+00 
 4.9078E+00 
 7.5925E+00 
 1.5184E+01 
 2.4916E+01 
 3.4355E+01 
 4.1375E+01 
 4.3993E+01 
 4.0394E+01 
 2.8931E+01 
 1.1781E+01 
 4.4638E+00 
 2.9794E+00 
 2.2706E+00 
 1.6922E+00 
 1.2999E+00 
 1.0481E+00 
 8.9468E-01 
 8.1957E-01 
 7.9869E-01 
 8.0703E-01 
 8.3087E-01 
 8.6642E-01 
 9.1162E-01 
 9.6319E-01 
 1.0188E+00 
 1.0777E+00 
 1.1399E+00 
 1.2052E+00 
 1.2749E+00 
 1.3541E+00 
 1.4519E+00 
 1.5719E+00 
 1.7122E+00 
 1.8613E+00 
 2.0068E+00 
 2.1384E+00 
 2.2490E+00 
 2.3366E+00 
 2.3982E+00 
 2.4271E+00 
 2.4223E+00 
 2.4109E+00 
 2.4283E+00 
 2.4920E+00 
 2.5884E+00 
 2.7012E+00 


!ECH profile set to zero (no ECH)
POINTS 51 GRIDTYPE 14 NAMEXP CAR4 NTIMES 1 
 3.0000E-01 
  0.0000E+00 
  2.0000E-02 
  4.0000E-02 
  6.0000E-02 
  8.0000E-02 
  1.0000E-01 
  1.2000E-01 
  1.4000E-01 
  1.6000E-01 
  1.8000E-01 
  2.0000E-01 
  2.2000E-01 
  2.4000E-01 
  2.6000E-01 
  2.8000E-01 
  3.0000E-01 
  3.2000E-01 
  3.4000E-01 
  3.6000E-01 
  3.8000E-01 
  4.0000E-01 
  4.2000E-01 
  4.4000E-01 
  4.6000E-01 
  4.8000E-01 
  5.0000E-01 
  5.2000E-01 
  5.4000E-01 
  5.6000E-01 
  5.8000E-01 
  6.0000E-01 
  6.2000E-01 
  6.4000E-01 
  6.6000E-01 
  6.8000E-01 
  7.0000E-01 
  7.2000E-01 
  7.4000E-01 
  7.6000E-01 
  7.8000E-01 
  8.0000E-01 
  8.2000E-01 
  8.4000E-01 
  8.6000E-01 
  8.8000E-01 
  9.0000E-01 
  9.2000E-01 
  9.4000E-01 
  9.6000E-01 
  9.8000E-01 
  1.0000E+00 
  0.0000E+00 
 0.0000E+00 
 0.0000E+00 
 0.0000E+00 
 0.0000E+00 
 0.0000E+00 
 0.0000E+00 
 0.0000E+00 
 0.0000E+00 
 0.0000E+00 
 0.0000E+00 
 0.0000E+00 
 0.0000E+00 
 0.0000E+00 
 0.0000E+00 
 0.0000E+00 
 0.0000E+00 
 0.0000E+00 
 0.0000E+00 
 0.0000E+00 
 0.0000E+00 
 0.0000E+00 
 0.0000E+00 
 0.0000E+00 
 0.0000E+00 
 0.0000E+00 
 0.0000E+00 
 0.0000E+00 
 0.0000E+00 
 0.0000E+00 
 0.0000E+00 
 0.0000E+00 
 0.0000E+00 
 0.0000E+00 
 0.0000E+00 
 0.0000E+00 
 0.0000E+00 
 0.0000E+00 
 0.0000E+00 
 0.0000E+00 
 0.0000E+00 
 0.0000E+00 
 0.0000E+00 
 0.0000E+00 
 0.0000E+00 
 0.0000E+00 
 0.0000E+00 
 0.0000E+00 
 0.0000E+00 
 0.0000E+00 
 0.0000E+00 


!ECCD profile set to zero (no ECCD)
POINTS 51 GRIDTYPE 14 NAMEXP CAR6 NTIMES 1 
 3.0000E-01 
  0.0000E+00 
  2.0000E-02 
  4.0000E-02 
  6.0000E-02 
  8.0000E-02 
  1.0000E-01 
  1.2000E-01 
  1.4000E-01 
  1.6000E-01 
  1.8000E-01 
  2.0000E-01 
  2.2000E-01 
  2.4000E-01 
  2.6000E-01 
  2.8000E-01 
  3.0000E-01 
  3.2000E-01 
  3.4000E-01 
  3.6000E-01 
  3.8000E-01 
  4.0000E-01 
  4.2000E-01 
  4.4000E-01 
  4.6000E-01 
  4.8000E-01 
  5.0000E-01 
  5.2000E-01 
  5.4000E-01 
  5.6000E-01 
  5.8000E-01 
  6.0000E-01 
  6.2000E-01 
  6.4000E-01 
  6.6000E-01 
  6.8000E-01 
  7.0000E-01 
  7.2000E-01 
  7.4000E-01 
  7.6000E-01 
  7.8000E-01 
  8.0000E-01 
  8.2000E-01 
  8.4000E-01 
  8.6000E-01 
  8.8000E-01 
  9.0000E-01 
  9.2000E-01 
  9.4000E-01 
  9.6000E-01 
  9.8000E-01 
  1.0000E+00 
  -0.0000E+00 
 -0.0000E+00 
 -0.0000E+00 
 -0.0000E+00 
 -0.0000E+00 
 -0.0000E+00 
 -0.0000E+00 
 -0.0000E+00 
 -0.0000E+00 
 -0.0000E+00 
 -0.0000E+00 
 -0.0000E+00 
 -0.0000E+00 
 -0.0000E+00 
 -0.0000E+00 
 -0.0000E+00 
 -0.0000E+00 
 -0.0000E+00 
 -0.0000E+00 
 -0.0000E+00 
 -0.0000E+00 
 -0.0000E+00 
 -0.0000E+00 
 -0.0000E+00 
 -0.0000E+00 
 -0.0000E+00 
 -0.0000E+00 
 -0.0000E+00 
 -0.0000E+00 
 -0.0000E+00 
 -0.0000E+00 
 -0.0000E+00 
 -0.0000E+00 
 -0.0000E+00 
 -0.0000E+00 
 -0.0000E+00 
 -0.0000E+00 
 -0.0000E+00 
 -0.0000E+00 
 -0.0000E+00 
 -0.0000E+00 
 -0.0000E+00 
 -0.0000E+00 
 -0.0000E+00 
 -0.0000E+00 
 -0.0000E+00 
 -0.0000E+00 
 -0.0000E+00 
 -0.0000E+00 
 -0.0000E+00 
 -0.0000E+00 
END