 -TCV- #36461 t0=0.5
 Param|Time  |  Value  |   Error
|-----|------|---------|--------
T_OFFSET          0.3000
TEND            1.4000
NB1             91.0000
AWALL           0.2800
AB              0.2600
RTOR            0.8800
ELONM           1.6000
TRICH           0.3000
ABC             0.2313
SHIFT           0.0100
ELONG           1.4752
TRIAN           0.3711
UPDWN           0.0000
ZMJ             1.0000
AMJ             2.0000
BTOR            1.4446
ZRD10           0.9800
ZRD30           36461.0000
ZRD6            0.1110
ZRD7            2.0000
ZRD8            0.0010
ZRD1            3.5000
ZRD3            0.3563
 

!Density boundary condition loading in time
NAMEXP ZRD2 NTIMES 1 
-2.0000E-01 
1.9650E-01 
 

!Ip from LIUQE [MA]
NAMEXP IPL NTIMES 12 
3.0000E-01 
3.5000E-01 
4.0000E-01 
4.5000E-01 
5.0000E-01 
5.5000E-01 
6.0000E-01 
6.5000E-01 
7.0000E-01 
7.5000E-01 
8.0000E-01 
8.5000E-01 
2.5657E-01 
2.5680E-01 
2.5627E-01 
2.5651E-01 
2.5643E-01 
2.5555E-01 
2.5608E-01 
2.5598E-01 
2.5599E-01 
2.5629E-01 
2.5706E-01 
2.5649E-01 


!Minor radius [m]
POINTS 51 GRIDTYPE 14 NAMEXP CAR9 NTIMES 1 
 0.0000E+00 
  0.0000E+00 
  2.0000E-02 
  4.0000E-02 
  6.0000E-02 
  8.0000E-02 
  1.0000E-01 
  1.2000E-01 
  1.4000E-01 
  1.6000E-01 
  1.8000E-01 
  2.0000E-01 
  2.2000E-01 
  2.4000E-01 
  2.6000E-01 
  2.8000E-01 
  3.0000E-01 
  3.2000E-01 
  3.4000E-01 
  3.6000E-01 
  3.8000E-01 
  4.0000E-01 
  4.2000E-01 
  4.4000E-01 
  4.6000E-01 
  4.8000E-01 
  5.0000E-01 
  5.2000E-01 
  5.4000E-01 
  5.6000E-01 
  5.8000E-01 
  6.0000E-01 
  6.2000E-01 
  6.4000E-01 
  6.6000E-01 
  6.8000E-01 
  7.0000E-01 
  7.2000E-01 
  7.4000E-01 
  7.6000E-01 
  7.8000E-01 
  8.0000E-01 
  8.2000E-01 
  8.4000E-01 
  8.6000E-01 
  8.8000E-01 
  9.0000E-01 
  9.2000E-01 
  9.4000E-01 
  9.6000E-01 
  9.8000E-01 
  1.0000E+00 
  0.0000E+00 
 5.2000E-03 
 1.0400E-02 
 1.5600E-02 
 2.0800E-02 
 2.6000E-02 
 3.1200E-02 
 3.6400E-02 
 4.1600E-02 
 4.6800E-02 
 5.2000E-02 
 5.7200E-02 
 6.2400E-02 
 6.7600E-02 
 7.2800E-02 
 7.8000E-02 
 8.3200E-02 
 8.8400E-02 
 9.3600E-02 
 9.8800E-02 
 1.0400E-01 
 1.0920E-01 
 1.1440E-01 
 1.1960E-01 
 1.2480E-01 
 1.3000E-01 
 1.3520E-01 
 1.4040E-01 
 1.4560E-01 
 1.5080E-01 
 1.5600E-01 
 1.6120E-01 
 1.6640E-01 
 1.7160E-01 
 1.7680E-01 
 1.8200E-01 
 1.8720E-01 
 1.9240E-01 
 1.9760E-01 
 2.0280E-01 
 2.0800E-01 
 2.1320E-01 
 2.1840E-01 
 2.2360E-01 
 2.2880E-01 
 2.3400E-01 
 2.3920E-01 
 2.4440E-01 
 2.4960E-01 
 2.5480E-01 
 2.6000E-01 


!initial mu from parabolic 1/q
POINTS 51 GRIDTYPE 14 NAMEXP MU NTIMES 1 
 0.0000E+00 
  0.0000E+00 
  2.0000E-02 
  4.0000E-02 
  6.0000E-02 
  8.0000E-02 
  1.0000E-01 
  1.2000E-01 
  1.4000E-01 
  1.6000E-01 
  1.8000E-01 
  2.0000E-01 
  2.2000E-01 
  2.4000E-01 
  2.6000E-01 
  2.8000E-01 
  3.0000E-01 
  3.2000E-01 
  3.4000E-01 
  3.6000E-01 
  3.8000E-01 
  4.0000E-01 
  4.2000E-01 
  4.4000E-01 
  4.6000E-01 
  4.8000E-01 
  5.0000E-01 
  5.2000E-01 
  5.4000E-01 
  5.6000E-01 
  5.8000E-01 
  6.0000E-01 
  6.2000E-01 
  6.4000E-01 
  6.6000E-01 
  6.8000E-01 
  7.0000E-01 
  7.2000E-01 
  7.4000E-01 
  7.6000E-01 
  7.8000E-01 
  8.0000E-01 
  8.2000E-01 
  8.4000E-01 
  8.6000E-01 
  8.8000E-01 
  9.0000E-01 
  9.2000E-01 
  9.4000E-01 
  9.6000E-01 
  9.8000E-01 
  1.0000E+00 
  5.0000E-01 
 4.9960E-01 
 4.9841E-01 
 4.9643E-01 
 4.9368E-01 
 4.9020E-01 
 4.8600E-01 
 4.8114E-01 
 4.7565E-01 
 4.6957E-01 
 4.6296E-01 
 4.5587E-01 
 4.4835E-01 
 4.4045E-01 
 4.3223E-01 
 4.2373E-01 
 4.1501E-01 
 4.0611E-01 
 3.9708E-01 
 3.8796E-01 
 3.7879E-01 
 3.6960E-01 
 3.6044E-01 
 3.5132E-01 
 3.4228E-01 
 3.3333E-01 
 3.2451E-01 
 3.1582E-01 
 3.0728E-01 
 2.9890E-01 
 2.9070E-01 
 2.8268E-01 
 2.7485E-01 
 2.6721E-01 
 2.5977E-01 
 2.5253E-01 
 2.4548E-01 
 2.3864E-01 
 2.3200E-01 
 2.2555E-01 
 2.1930E-01 
 2.1324E-01 
 2.0737E-01 
 2.0168E-01 
 1.9617E-01 
 1.9084E-01 
 1.8568E-01 
 1.8069E-01 
 1.7586E-01 
 1.7119E-01 
 1.6667E-01 


!ne from confinement nodes [1e19m^-3]
POINTS 51 GRIDTYPE 14 NAMEXP NE NTIMES 12 
 3.0030E-01 
  3.5030E-01 
  4.0030E-01 
  4.5030E-01 
  5.0030E-01 
  5.5030E-01 
  6.0030E-01 
  6.5030E-01 
  7.0030E-01 
  7.5030E-01 
  8.0030E-01 
  8.5030E-01 
  0.0000E+00 
  2.0000E-02 
  4.0000E-02 
  6.0000E-02 
  8.0000E-02 
  1.0000E-01 
  1.2000E-01 
  1.4000E-01 
  1.6000E-01 
  1.8000E-01 
  2.0000E-01 
  2.2000E-01 
  2.4000E-01 
  2.6000E-01 
  2.8000E-01 
  3.0000E-01 
  3.2000E-01 
  3.4000E-01 
  3.6000E-01 
  3.8000E-01 
  4.0000E-01 
  4.2000E-01 
  4.4000E-01 
  4.6000E-01 
  4.8000E-01 
  5.0000E-01 
  5.2000E-01 
  5.4000E-01 
  5.6000E-01 
  5.8000E-01 
  6.0000E-01 
  6.2000E-01 
  6.4000E-01 
  6.6000E-01 
  6.8000E-01 
  7.0000E-01 
  7.2000E-01 
  7.4000E-01 
  7.6000E-01 
  7.8000E-01 
  8.0000E-01 
  8.2000E-01 
  8.4000E-01 
  8.6000E-01 
  8.8000E-01 
  9.0000E-01 
  9.2000E-01 
  9.4000E-01 
  9.6000E-01 
  9.8000E-01 
  1.0000E+00 
  6.4490E+00 
 6.4305E+00 
 6.3749E+00 
 6.2825E+00 
 6.1537E+00 
 5.9903E+00 
 5.8186E+00 
 5.6866E+00 
 5.6176E+00 
 5.6124E+00 
 5.6703E+00 
 5.7824E+00 
 5.9312E+00 
 6.0995E+00 
 6.2693E+00 
 6.4193E+00 
 6.5290E+00 
 6.5815E+00 
 6.5789E+00 
 6.5444E+00 
 6.4991E+00 
 6.4527E+00 
 6.3850E+00 
 6.2729E+00 
 6.0957E+00 
 5.8525E+00 
 5.5590E+00 
 5.2320E+00 
 4.8859E+00 
 4.5329E+00 
 4.1829E+00 
 3.8465E+00 
 3.5414E+00 
 3.2961E+00 
 3.1363E+00 
 3.0679E+00 
 3.0606E+00 
 3.0812E+00 
 3.1023E+00 
 3.1121E+00 
 3.1053E+00 
 3.0823E+00 
 3.0436E+00 
 2.9893E+00 
 2.9216E+00 
 2.8447E+00 
 2.7630E+00 
 2.6814E+00 
 2.6040E+00 
 2.5301E+00 
 2.4580E+00 
 7.0057E+00 
 6.9781E+00 
 6.8953E+00 
 6.7577E+00 
 6.5657E+00 
 6.3225E+00 
 6.0561E+00 
 5.8140E+00 
 5.6240E+00 
 5.4904E+00 
 5.4141E+00 
 5.4073E+00 
 5.4878E+00 
 5.6693E+00 
 5.9172E+00 
 6.1648E+00 
 6.3595E+00 
 6.4610E+00 
 6.4823E+00 
 6.4629E+00 
 6.4372E+00 
 6.4122E+00 
 6.3623E+00 
 6.2615E+00 
 6.0904E+00 
 5.8515E+00 
 5.5608E+00 
 5.2326E+00 
 4.8807E+00 
 4.5200E+00 
 4.1620E+00 
 3.8217E+00 
 3.5244E+00 
 3.3039E+00 
 3.1827E+00 
 3.1584E+00 
 3.1917E+00 
 3.2456E+00 
 3.2928E+00 
 3.3219E+00 
 3.3275E+00 
 3.3071E+00 
 3.2599E+00 
 3.1866E+00 
 3.0912E+00 
 2.9805E+00 
 2.8618E+00 
 2.7428E+00 
 2.6294E+00 
 2.5209E+00 
 2.4148E+00 
 6.6308E+00 
 6.6108E+00 
 6.5508E+00 
 6.4511E+00 
 6.3120E+00 
 6.1353E+00 
 5.9426E+00 
 5.7721E+00 
 5.6458E+00 
 5.5603E+00 
 5.5097E+00 
 5.5028E+00 
 5.5572E+00 
 5.6863E+00 
 5.8680E+00 
 6.0493E+00 
 6.1906E+00 
 6.2616E+00 
 6.2697E+00 
 6.2453E+00 
 6.2131E+00 
 6.1797E+00 
 6.1237E+00 
 6.0251E+00 
 5.8674E+00 
 5.6559E+00 
 5.4062E+00 
 5.1331E+00 
 4.8489E+00 
 4.5634E+00 
 4.2840E+00 
 4.0206E+00 
 3.7896E+00 
 3.6145E+00 
 3.5124E+00 
 3.4801E+00 
 3.4878E+00 
 3.5069E+00 
 3.5168E+00 
 3.5115E+00 
 3.4897E+00 
 3.4534E+00 
 3.4046E+00 
 3.3446E+00 
 3.2760E+00 
 3.2016E+00 
 3.1249E+00 
 3.0498E+00 
 2.9792E+00 
 2.9122E+00 
 2.8470E+00 
 6.2563E+00 
 6.2444E+00 
 6.2089E+00 
 6.1499E+00 
 6.0675E+00 
 5.9629E+00 
 5.8502E+00 
 5.7527E+00 
 5.6886E+00 
 5.6556E+00 
 5.6496E+00 
 5.6809E+00 
 5.7638E+00 
 5.9042E+00 
 6.0696E+00 
 6.2160E+00 
 6.3168E+00 
 6.3589E+00 
 6.3552E+00 
 6.3256E+00 
 6.2836E+00 
 6.2264E+00 
 6.1395E+00 
 6.0113E+00 
 5.8357E+00 
 5.6223E+00 
 5.3837E+00 
 5.1303E+00 
 4.8690E+00 
 4.6033E+00 
 4.3351E+00 
 4.0747E+00 
 3.8425E+00 
 3.6639E+00 
 3.5526E+00 
 3.5022E+00 
 3.4892E+00 
 3.4957E+00 
 3.5069E+00 
 3.5102E+00 
 3.5004E+00 
 3.4780E+00 
 3.4440E+00 
 3.3994E+00 
 3.3458E+00 
 3.2847E+00 
 3.2192E+00 
 3.1537E+00 
 3.0916E+00 
 3.0321E+00 
 2.9739E+00 
 6.4401E+00 
 6.4307E+00 
 6.4025E+00 
 6.3557E+00 
 6.2902E+00 
 6.2067E+00 
 6.1103E+00 
 6.0095E+00 
 5.9124E+00 
 5.8268E+00 
 5.7607E+00 
 5.7261E+00 
 5.7365E+00 
 5.8008E+00 
 5.9010E+00 
 6.0005E+00 
 6.0720E+00 
 6.0971E+00 
 6.0826E+00 
 6.0468E+00 
 6.0034E+00 
 5.9536E+00 
 5.8841E+00 
 5.7833E+00 
 5.6428E+00 
 5.4670E+00 
 5.2647E+00 
 5.0438E+00 
 4.8123E+00 
 4.5774E+00 
 4.3453E+00 
 4.1242E+00 
 3.9283E+00 
 3.7756E+00 
 3.6787E+00 
 3.6334E+00 
 3.6195E+00 
 3.6186E+00 
 3.6183E+00 
 3.6156E+00 
 3.6103E+00 
 3.6040E+00 
 3.5974E+00 
 3.5909E+00 
 3.5847E+00 
 3.5788E+00 
 3.5732E+00 
 3.5680E+00 
 3.5632E+00 
 3.5589E+00 
 3.5547E+00 
 6.7368E+00 
 6.7241E+00 
 6.6861E+00 
 6.6228E+00 
 6.5345E+00 
 6.4217E+00 
 6.2923E+00 
 6.1593E+00 
 6.0354E+00 
 5.9329E+00 
 5.8629E+00 
 5.8341E+00 
 5.8540E+00 
 5.9265E+00 
 6.0287E+00 
 6.1237E+00 
 6.1854E+00 
 6.1977E+00 
 6.1682E+00 
 6.1152E+00 
 6.0521E+00 
 5.9807E+00 
 5.8901E+00 
 5.7707E+00 
 5.6160E+00 
 5.4308E+00 
 5.2233E+00 
 5.0011E+00 
 4.7707E+00 
 4.5373E+00 
 4.3050E+00 
 4.0807E+00 
 3.8777E+00 
 3.7143E+00 
 3.6036E+00 
 3.5417E+00 
 3.5117E+00 
 3.4980E+00 
 3.4899E+00 
 3.4834E+00 
 3.4774E+00 
 3.4722E+00 
 3.4675E+00 
 3.4630E+00 
 3.4587E+00 
 3.4546E+00 
 3.4507E+00 
 3.4471E+00 
 3.4438E+00 
 3.4408E+00 
 3.4378E+00 
 6.9247E+00 
 6.9061E+00 
 6.8503E+00 
 6.7575E+00 
 6.6281E+00 
 6.4632E+00 
 6.2802E+00 
 6.1083E+00 
 5.9719E+00 
 5.8744E+00 
 5.8149E+00 
 5.8025E+00 
 5.8495E+00 
 5.9596E+00 
 6.0955E+00 
 6.2079E+00 
 6.2669E+00 
 6.2613E+00 
 6.2116E+00 
 6.1486E+00 
 6.0941E+00 
 6.0458E+00 
 5.9831E+00 
 5.8889E+00 
 5.7517E+00 
 5.5750E+00 
 5.3662E+00 
 5.1323E+00 
 4.8821E+00 
 4.6251E+00 
 4.3696E+00 
 4.1266E+00 
 3.9140E+00 
 3.7521E+00 
 3.6544E+00 
 3.6105E+00 
 3.5976E+00 
 3.5954E+00 
 3.5914E+00 
 3.5803E+00 
 3.5602E+00 
 3.5307E+00 
 3.4919E+00 
 3.4440E+00 
 3.3890E+00 
 3.3295E+00 
 3.2686E+00 
 3.2092E+00 
 3.1533E+00 
 3.1002E+00 
 3.0484E+00 
 6.6913E+00 
 6.6798E+00 
 6.6454E+00 
 6.5879E+00 
 6.5077E+00 
 6.4050E+00 
 6.2855E+00 
 6.1599E+00 
 6.0389E+00 
 5.9327E+00 
 5.8522E+00 
 5.8109E+00 
 5.8230E+00 
 5.8926E+00 
 5.9896E+00 
 6.0760E+00 
 6.1280E+00 
 6.1386E+00 
 6.1184E+00 
 6.0818E+00 
 6.0374E+00 
 5.9811E+00 
 5.9017E+00 
 5.7904E+00 
 5.6434E+00 
 5.4671E+00 
 5.2690E+00 
 5.0555E+00 
 4.8335E+00 
 4.6085E+00 
 4.3856E+00 
 4.1734E+00 
 3.9857E+00 
 3.8373E+00 
 3.7364E+00 
 3.6757E+00 
 3.6412E+00 
 3.6211E+00 
 3.6084E+00 
 3.5999E+00 
 3.5941E+00 
 3.5900E+00 
 3.5869E+00 
 3.5839E+00 
 3.5811E+00 
 3.5783E+00 
 3.5757E+00 
 3.5734E+00 
 3.5712E+00 
 3.5692E+00 
 3.5672E+00 
 6.7852E+00 
 6.7681E+00 
 6.7168E+00 
 6.6314E+00 
 6.5125E+00 
 6.3609E+00 
 6.1936E+00 
 6.0412E+00 
 5.9289E+00 
 5.8551E+00 
 5.8141E+00 
 5.8158E+00 
 5.8769E+00 
 6.0084E+00 
 6.1726E+00 
 6.3169E+00 
 6.4104E+00 
 6.4373E+00 
 6.4151E+00 
 6.3728E+00 
 6.3340E+00 
 6.2969E+00 
 6.2408E+00 
 6.1458E+00 
 5.9994E+00 
 5.8042E+00 
 5.5704E+00 
 5.3066E+00 
 5.0233E+00 
 4.7319E+00 
 4.4425E+00 
 4.1660E+00 
 3.9221E+00 
 3.7338E+00 
 3.6181E+00 
 3.5633E+00 
 3.5458E+00 
 3.5402E+00 
 3.5318E+00 
 3.5140E+00 
 3.4860E+00 
 3.4490E+00 
 3.4033E+00 
 3.3496E+00 
 3.2898E+00 
 3.2264E+00 
 3.1620E+00 
 3.0998E+00 
 3.0416E+00 
 2.9862E+00 
 2.9323E+00 
 6.9420E+00 
 6.9256E+00 
 6.8765E+00 
 6.7947E+00 
 6.6805E+00 
 6.5346E+00 
 6.3688E+00 
 6.2018E+00 
 6.0523E+00 
 5.9377E+00 
 5.8744E+00 
 5.8766E+00 
 5.9593E+00 
 6.1098E+00 
 6.2750E+00 
 6.4013E+00 
 6.4551E+00 
 6.4444E+00 
 6.3988E+00 
 6.3480E+00 
 6.3020E+00 
 6.2443E+00 
 6.1537E+00 
 6.0144E+00 
 5.8251E+00 
 5.5982E+00 
 5.3447E+00 
 5.0746E+00 
 4.7969E+00 
 4.5183E+00 
 4.2470E+00 
 3.9985E+00 
 3.7962E+00 
 3.6585E+00 
 3.5896E+00 
 3.5685E+00 
 3.5731E+00 
 3.5863E+00 
 3.5940E+00 
 3.5863E+00 
 3.5632E+00 
 3.5270E+00 
 3.4798E+00 
 3.4236E+00 
 3.3604E+00 
 3.2922E+00 
 3.2224E+00 
 3.1546E+00 
 3.0909E+00 
 3.0303E+00 
 2.9711E+00 
 6.5336E+00 
 6.5201E+00 
 6.4798E+00 
 6.4128E+00 
 6.3196E+00 
 6.2008E+00 
 6.0735E+00 
 5.9697E+00 
 5.9159E+00 
 5.9157E+00 
 5.9651E+00 
 6.0539E+00 
 6.1689E+00 
 6.2979E+00 
 6.4264E+00 
 6.5328E+00 
 6.5942E+00 
 6.5961E+00 
 6.5531E+00 
 6.4914E+00 
 6.4340E+00 
 6.3814E+00 
 6.3140E+00 
 6.2118E+00 
 6.0612E+00 
 5.8642E+00 
 5.6324E+00 
 5.3757E+00 
 5.1034E+00 
 4.8240E+00 
 4.5450E+00 
 4.2744E+00 
 4.0315E+00 
 3.8420E+00 
 3.7264E+00 
 3.6759E+00 
 3.6662E+00 
 3.6690E+00 
 3.6660E+00 
 3.6478E+00 
 3.6116E+00 
 3.5577E+00 
 3.4890E+00 
 3.4091E+00 
 3.3212E+00 
 3.2288E+00 
 3.1356E+00 
 3.0457E+00 
 2.9618E+00 
 2.8821E+00 
 2.8046E+00 
 7.1336E+00 
 7.1131E+00 
 7.0520E+00 
 6.9504E+00 
 6.8091E+00 
 6.6294E+00 
 6.4367E+00 
 6.2748E+00 
 6.1799E+00 
 6.1562E+00 
 6.1940E+00 
 6.2771E+00 
 6.3872E+00 
 6.5076E+00 
 6.6205E+00 
 6.7046E+00 
 6.7383E+00 
 6.7119E+00 
 6.6467E+00 
 6.5705E+00 
 6.5064E+00 
 6.4463E+00 
 6.3653E+00 
 6.2381E+00 
 6.0521E+00 
 5.8135E+00 
 5.5395E+00 
 5.2433E+00 
 4.9355E+00 
 4.6242E+00 
 4.3159E+00 
 4.0194E+00 
 3.7570E+00 
 3.5542E+00 
 3.4274E+00 
 3.3636E+00 
 3.3387E+00 
 3.3261E+00 
 3.3113E+00 
 3.2874E+00 
 3.2542E+00 
 3.2129E+00 
 3.1636E+00 
 3.1069E+00 
 3.0449E+00 
 2.9797E+00 
 2.9142E+00 
 2.8513E+00 
 2.7925E+00 
 2.7366E+00 
 2.6822E+00 


!te from confinement nodes [keV]
POINTS 51 GRIDTYPE 14 NAMEXP TE NTIMES 12 
 3.0030E-01 
  3.5030E-01 
  4.0030E-01 
  4.5030E-01 
  5.0030E-01 
  5.5030E-01 
  6.0030E-01 
  6.5030E-01 
  7.0030E-01 
  7.5030E-01 
  8.0030E-01 
  8.5030E-01 
  0.0000E+00 
  2.0000E-02 
  4.0000E-02 
  6.0000E-02 
  8.0000E-02 
  1.0000E-01 
  1.2000E-01 
  1.4000E-01 
  1.6000E-01 
  1.8000E-01 
  2.0000E-01 
  2.2000E-01 
  2.4000E-01 
  2.6000E-01 
  2.8000E-01 
  3.0000E-01 
  3.2000E-01 
  3.4000E-01 
  3.6000E-01 
  3.8000E-01 
  4.0000E-01 
  4.2000E-01 
  4.4000E-01 
  4.6000E-01 
  4.8000E-01 
  5.0000E-01 
  5.2000E-01 
  5.4000E-01 
  5.6000E-01 
  5.8000E-01 
  6.0000E-01 
  6.2000E-01 
  6.4000E-01 
  6.6000E-01 
  6.8000E-01 
  7.0000E-01 
  7.2000E-01 
  7.4000E-01 
  7.6000E-01 
  7.8000E-01 
  8.0000E-01 
  8.2000E-01 
  8.4000E-01 
  8.6000E-01 
  8.8000E-01 
  9.0000E-01 
  9.2000E-01 
  9.4000E-01 
  9.6000E-01 
  9.8000E-01 
  1.0000E+00 
  6.2368E-01 
 6.2326E-01 
 6.2203E-01 
 6.1997E-01 
 6.1711E-01 
 6.1347E-01 
 6.0941E-01 
 6.0555E-01 
 6.0243E-01 
 6.0042E-01 
 5.9990E-01 
 6.0058E-01 
 6.0153E-01 
 6.0179E-01 
 6.0059E-01 
 5.9749E-01 
 5.9214E-01 
 5.8422E-01 
 5.7367E-01 
 5.6065E-01 
 5.4535E-01 
 5.2796E-01 
 5.0873E-01 
 4.8795E-01 
 4.6585E-01 
 4.4263E-01 
 4.1845E-01 
 3.9344E-01 
 3.6779E-01 
 3.4185E-01 
 3.1596E-01 
 2.9043E-01 
 2.6559E-01 
 2.4180E-01 
 2.1939E-01 
 1.9857E-01 
 1.7941E-01 
 1.6197E-01 
 1.4624E-01 
 1.3203E-01 
 1.1908E-01 
 1.0710E-01 
 9.5853E-02 
 8.5172E-02 
 7.4961E-02 
 6.5177E-02 
 5.5878E-02 
 4.7248E-02 
 3.9405E-02 
 3.2145E-02 
 2.5176E-02 
 6.9456E-01 
 6.9439E-01 
 6.9389E-01 
 6.9305E-01 
 6.9188E-01 
 6.9039E-01 
 6.8859E-01 
 6.8653E-01 
 6.8423E-01 
 6.8167E-01 
 6.7877E-01 
 6.7492E-01 
 6.6916E-01 
 6.6061E-01 
 6.4858E-01 
 6.3331E-01 
 6.1538E-01 
 5.9536E-01 
 5.7384E-01 
 5.5142E-01 
 5.2862E-01 
 5.0584E-01 
 4.8329E-01 
 4.6116E-01 
 4.3959E-01 
 4.1859E-01 
 3.9807E-01 
 3.7797E-01 
 3.5811E-01 
 3.3817E-01 
 3.1786E-01 
 2.9698E-01 
 2.7555E-01 
 2.5375E-01 
 2.3176E-01 
 2.0990E-01 
 1.8874E-01 
 1.6878E-01 
 1.5037E-01 
 1.3339E-01 
 1.1763E-01 
 1.0282E-01 
 8.8774E-02 
 7.5381E-02 
 6.2564E-02 
 5.0282E-02 
 3.8611E-02 
 2.7782E-02 
 1.7944E-02 
 8.8386E-03 
 1.0000E-04 
 6.4166E-01 
 6.4161E-01 
 6.4146E-01 
 6.4121E-01 
 6.4086E-01 
 6.4040E-01 
 6.3977E-01 
 6.3883E-01 
 6.3761E-01 
 6.3637E-01 
 6.3534E-01 
 6.3414E-01 
 6.3201E-01 
 6.2827E-01 
 6.2227E-01 
 6.1376E-01 
 6.0269E-01 
 5.8908E-01 
 5.7312E-01 
 5.5509E-01 
 5.3529E-01 
 5.1408E-01 
 4.9203E-01 
 4.6963E-01 
 4.4733E-01 
 4.2519E-01 
 4.0310E-01 
 3.8095E-01 
 3.5867E-01 
 3.3619E-01 
 3.1344E-01 
 2.9045E-01 
 2.6734E-01 
 2.4439E-01 
 2.2187E-01 
 2.0014E-01 
 1.7980E-01 
 1.6140E-01 
 1.4526E-01 
 1.3121E-01 
 1.1893E-01 
 1.0803E-01 
 9.8221E-02 
 8.9275E-02 
 8.1036E-02 
 7.3385E-02 
 6.6296E-02 
 5.9839E-02 
 5.4036E-02 
 4.8701E-02 
 4.3601E-02 
 6.1287E-01 
 6.1273E-01 
 6.1230E-01 
 6.1158E-01 
 6.1058E-01 
 6.0930E-01 
 6.0780E-01 
 6.0617E-01 
 6.0455E-01 
 6.0323E-01 
 6.0241E-01 
 6.0167E-01 
 6.0047E-01 
 5.9828E-01 
 5.9456E-01 
 5.8903E-01 
 5.8169E-01 
 5.7253E-01 
 5.6139E-01 
 5.4814E-01 
 5.3269E-01 
 5.1524E-01 
 4.9617E-01 
 4.7583E-01 
 4.5455E-01 
 4.3270E-01 
 4.1061E-01 
 3.8860E-01 
 3.6690E-01 
 3.4566E-01 
 3.2506E-01 
 3.0515E-01 
 2.8590E-01 
 2.6720E-01 
 2.4899E-01 
 2.3130E-01 
 2.1419E-01 
 1.9773E-01 
 1.8196E-01 
 1.6691E-01 
 1.5258E-01 
 1.3891E-01 
 1.2587E-01 
 1.1344E-01 
 1.0158E-01 
 9.0228E-02 
 7.9469E-02 
 6.9514E-02 
 6.0468E-02 
 5.2077E-02 
 4.4013E-02 
 6.3918E-01 
 6.3889E-01 
 6.3800E-01 
 6.3652E-01 
 6.3446E-01 
 6.3185E-01 
 6.2891E-01 
 6.2605E-01 
 6.2364E-01 
 6.2203E-01 
 6.2142E-01 
 6.2117E-01 
 6.2025E-01 
 6.1774E-01 
 6.1296E-01 
 6.0585E-01 
 5.9678E-01 
 5.8599E-01 
 5.7346E-01 
 5.5903E-01 
 5.4260E-01 
 5.2430E-01 
 5.0446E-01 
 4.8342E-01 
 4.6144E-01 
 4.3869E-01 
 4.1526E-01 
 3.9128E-01 
 3.6689E-01 
 3.4232E-01 
 3.1775E-01 
 2.9339E-01 
 2.6947E-01 
 2.4621E-01 
 2.2384E-01 
 2.0264E-01 
 1.8302E-01 
 1.6533E-01 
 1.4970E-01 
 1.3592E-01 
 1.2369E-01 
 1.1268E-01 
 1.0262E-01 
 9.3348E-02 
 8.4722E-02 
 7.6650E-02 
 6.9131E-02 
 6.2259E-02 
 5.6064E-02 
 5.0352E-02 
 4.4882E-02 
 7.0763E-01 
 7.0742E-01 
 7.0679E-01 
 7.0574E-01 
 7.0429E-01 
 7.0242E-01 
 7.0016E-01 
 6.9755E-01 
 6.9462E-01 
 6.9140E-01 
 6.8781E-01 
 6.8322E-01 
 6.7678E-01 
 6.6769E-01 
 6.5526E-01 
 6.3952E-01 
 6.2114E-01 
 6.0077E-01 
 5.7897E-01 
 5.5626E-01 
 5.3311E-01 
 5.0983E-01 
 4.8656E-01 
 4.6346E-01 
 4.4060E-01 
 4.1783E-01 
 3.9490E-01 
 3.7162E-01 
 3.4799E-01 
 3.2420E-01 
 3.0042E-01 
 2.7682E-01 
 2.5361E-01 
 2.3096E-01 
 2.0906E-01 
 1.8823E-01 
 1.6890E-01 
 1.5150E-01 
 1.3617E-01 
 1.2272E-01 
 1.1086E-01 
 1.0025E-01 
 9.0642E-02 
 8.1855E-02 
 7.3745E-02 
 6.6204E-02 
 5.9222E-02 
 5.2869E-02 
 4.7155E-02 
 4.1891E-02 
 3.6852E-02 
 7.4083E-01 
 7.4000E-01 
 7.3753E-01 
 7.3341E-01 
 7.2768E-01 
 7.2039E-01 
 7.1213E-01 
 7.0390E-01 
 6.9654E-01 
 6.9030E-01 
 6.8503E-01 
 6.7992E-01 
 6.7399E-01 
 6.6634E-01 
 6.5611E-01 
 6.4287E-01 
 6.2668E-01 
 6.0773E-01 
 5.8636E-01 
 5.6298E-01 
 5.3799E-01 
 5.1195E-01 
 4.8553E-01 
 4.5932E-01 
 4.3373E-01 
 4.0876E-01 
 3.8427E-01 
 3.6015E-01 
 3.3633E-01 
 3.1273E-01 
 2.8930E-01 
 2.6607E-01 
 2.4317E-01 
 2.2082E-01 
 1.9921E-01 
 1.7870E-01 
 1.5975E-01 
 1.4279E-01 
 1.2790E-01 
 1.1487E-01 
 1.0339E-01 
 9.3118E-02 
 8.3823E-02 
 7.5320E-02 
 6.7477E-02 
 6.0189E-02 
 5.3452E-02 
 4.7331E-02 
 4.1826E-02 
 3.6751E-02 
 3.1892E-02 
 6.3642E-01 
 6.3627E-01 
 6.3583E-01 
 6.3510E-01 
 6.3408E-01 
 6.3279E-01 
 6.3148E-01 
 6.3068E-01 
 6.3088E-01 
 6.3255E-01 
 6.3570E-01 
 6.3900E-01 
 6.4095E-01 
 6.4017E-01 
 6.3527E-01 
 6.2556E-01 
 6.1151E-01 
 5.9391E-01 
 5.7357E-01 
 5.5128E-01 
 5.2774E-01 
 5.0356E-01 
 4.7924E-01 
 4.5525E-01 
 4.3187E-01 
 4.0904E-01 
 3.8664E-01 
 3.6461E-01 
 3.4296E-01 
 3.2177E-01 
 3.0109E-01 
 2.8090E-01 
 2.6106E-01 
 2.4140E-01 
 2.2187E-01 
 2.0271E-01 
 1.8431E-01 
 1.6698E-01 
 1.5081E-01 
 1.3569E-01 
 1.2147E-01 
 1.0797E-01 
 9.5126E-02 
 8.2862E-02 
 7.1136E-02 
 5.9917E-02 
 4.9318E-02 
 3.9539E-02 
 3.0653E-02 
 2.2398E-02 
 1.4459E-02 
 6.5460E-01 
 6.5395E-01 
 6.5199E-01 
 6.4873E-01 
 6.4419E-01 
 6.3841E-01 
 6.3190E-01 
 6.2556E-01 
 6.2027E-01 
 6.1683E-01 
 6.1567E-01 
 6.1598E-01 
 6.1642E-01 
 6.1576E-01 
 6.1273E-01 
 6.0664E-01 
 5.9749E-01 
 5.8539E-01 
 5.7059E-01 
 5.5337E-01 
 5.3400E-01 
 5.1287E-01 
 4.9042E-01 
 4.6707E-01 
 4.4316E-01 
 4.1882E-01 
 3.9409E-01 
 3.6904E-01 
 3.4383E-01 
 3.1872E-01 
 2.9393E-01 
 2.6969E-01 
 2.4622E-01 
 2.2374E-01 
 2.0242E-01 
 1.8250E-01 
 1.6425E-01 
 1.4790E-01 
 1.3346E-01 
 1.2075E-01 
 1.0948E-01 
 9.9326E-02 
 9.0072E-02 
 8.1546E-02 
 7.3631E-02 
 6.6235E-02 
 5.9374E-02 
 5.3128E-02 
 4.7495E-02 
 4.2290E-02 
 3.7298E-02 
 6.7046E-01 
 6.7011E-01 
 6.6905E-01 
 6.6731E-01 
 6.6488E-01 
 6.6180E-01 
 6.5837E-01 
 6.5509E-01 
 6.5246E-01 
 6.5071E-01 
 6.4925E-01 
 6.4724E-01 
 6.4392E-01 
 6.3852E-01 
 6.3029E-01 
 6.1864E-01 
 6.0365E-01 
 5.8582E-01 
 5.6582E-01 
 5.4422E-01 
 5.2159E-01 
 4.9839E-01 
 4.7505E-01 
 4.5192E-01 
 4.2918E-01 
 4.0683E-01 
 3.8488E-01 
 3.6333E-01 
 3.4218E-01 
 3.2140E-01 
 3.0103E-01 
 2.8116E-01 
 2.6201E-01 
 2.4373E-01 
 2.2642E-01 
 2.1004E-01 
 1.9453E-01 
 1.7986E-01 
 1.6597E-01 
 1.5284E-01 
 1.4038E-01 
 1.2855E-01 
 1.1730E-01 
 1.0659E-01 
 9.6374E-02 
 8.6613E-02 
 7.7417E-02 
 6.8956E-02 
 6.1266E-02 
 5.4111E-02 
 4.7224E-02 
 6.1238E-01 
 6.1219E-01 
 6.1162E-01 
 6.1068E-01 
 6.0938E-01 
 6.0772E-01 
 6.0592E-01 
 6.0440E-01 
 6.0350E-01 
 6.0335E-01 
 6.0390E-01 
 6.0470E-01 
 6.0507E-01 
 6.0439E-01 
 6.0210E-01 
 5.9782E-01 
 5.9123E-01 
 5.8211E-01 
 5.7052E-01 
 5.5668E-01 
 5.4077E-01 
 5.2302E-01 
 5.0368E-01 
 4.8298E-01 
 4.6113E-01 
 4.3831E-01 
 4.1466E-01 
 3.9030E-01 
 3.6549E-01 
 3.4061E-01 
 3.1600E-01 
 2.9199E-01 
 2.6898E-01 
 2.4742E-01 
 2.2767E-01 
 2.0998E-01 
 1.9455E-01 
 1.8158E-01 
 1.7093E-01 
 1.6220E-01 
 1.5470E-01 
 1.4774E-01 
 1.4114E-01 
 1.3481E-01 
 1.2875E-01 
 1.2296E-01 
 1.1749E-01 
 1.1244E-01 
 1.0786E-01 
 1.0359E-01 
 9.9483E-02 
 7.0729E-01 
 7.0693E-01 
 7.0585E-01 
 7.0404E-01 
 7.0153E-01 
 6.9832E-01 
 6.9445E-01 
 6.9003E-01 
 6.8515E-01 
 6.7997E-01 
 6.7452E-01 
 6.6831E-01 
 6.6067E-01 
 6.5101E-01 
 6.3899E-01 
 6.2484E-01 
 6.0899E-01 
 5.9174E-01 
 5.7309E-01 
 5.5303E-01 
 5.3154E-01 
 5.0891E-01 
 4.8560E-01 
 4.6203E-01 
 4.3849E-01 
 4.1501E-01 
 3.9148E-01 
 3.6786E-01 
 3.4411E-01 
 3.2023E-01 
 2.9621E-01 
 2.7214E-01 
 2.4842E-01 
 2.2548E-01 
 2.0368E-01 
 1.8323E-01 
 1.6424E-01 
 1.4681E-01 
 1.3085E-01 
 1.1623E-01 
 1.0268E-01 
 8.9964E-02 
 7.7929E-02 
 6.6465E-02 
 5.5513E-02 
 4.5048E-02 
 3.5190E-02 
 2.6120E-02 
 1.7869E-02 
 1.0188E-02 
 2.7900E-03 


!ti from confinement nodes [keV]
POINTS 51 GRIDTYPE 14 NAMEXP TI NTIMES 12 
 3.0030E-01 
  3.5030E-01 
  4.0030E-01 
  4.5030E-01 
  5.0030E-01 
  5.5030E-01 
  6.0030E-01 
  6.5030E-01 
  7.0030E-01 
  7.5030E-01 
  8.0030E-01 
  8.5030E-01 
  0.0000E+00 
  2.0000E-02 
  4.0000E-02 
  6.0000E-02 
  8.0000E-02 
  1.0000E-01 
  1.2000E-01 
  1.4000E-01 
  1.6000E-01 
  1.8000E-01 
  2.0000E-01 
  2.2000E-01 
  2.4000E-01 
  2.6000E-01 
  2.8000E-01 
  3.0000E-01 
  3.2000E-01 
  3.4000E-01 
  3.6000E-01 
  3.8000E-01 
  4.0000E-01 
  4.2000E-01 
  4.4000E-01 
  4.6000E-01 
  4.8000E-01 
  5.0000E-01 
  5.2000E-01 
  5.4000E-01 
  5.6000E-01 
  5.8000E-01 
  6.0000E-01 
  6.2000E-01 
  6.4000E-01 
  6.6000E-01 
  6.8000E-01 
  7.0000E-01 
  7.2000E-01 
  7.4000E-01 
  7.6000E-01 
  7.8000E-01 
  8.0000E-01 
  8.2000E-01 
  8.4000E-01 
  8.6000E-01 
  8.8000E-01 
  9.0000E-01 
  9.2000E-01 
  9.4000E-01 
  9.6000E-01 
  9.8000E-01 
  1.0000E+00 
  6.8091E-01 
 6.8046E-01 
 6.7911E-01 
 6.7686E-01 
 6.7374E-01 
 6.6976E-01 
 6.6532E-01 
 6.6112E-01 
 6.5771E-01 
 6.5552E-01 
 6.5494E-01 
 6.5569E-01 
 6.5673E-01 
 6.5701E-01 
 6.5570E-01 
 6.5232E-01 
 6.4647E-01 
 6.3782E-01 
 6.2631E-01 
 6.1210E-01 
 5.9539E-01 
 5.7640E-01 
 5.5541E-01 
 5.3272E-01 
 5.0859E-01 
 4.8325E-01 
 4.5685E-01 
 4.2954E-01 
 4.0154E-01 
 3.7322E-01 
 3.4495E-01 
 3.1708E-01 
 2.8996E-01 
 2.6399E-01 
 2.3953E-01 
 2.1680E-01 
 1.9588E-01 
 1.7683E-01 
 1.5965E-01 
 1.4414E-01 
 1.3001E-01 
 1.1693E-01 
 1.0465E-01 
 9.2988E-02 
 8.1839E-02 
 7.1158E-02 
 6.1006E-02 
 5.1584E-02 
 4.3021E-02 
 3.5094E-02 
 2.7486E-02 
 7.6871E-01 
 7.6853E-01 
 7.6797E-01 
 7.6705E-01 
 7.6575E-01 
 7.6410E-01 
 7.6211E-01 
 7.5983E-01 
 7.5729E-01 
 7.5445E-01 
 7.5125E-01 
 7.4698E-01 
 7.4060E-01 
 7.3114E-01 
 7.1783E-01 
 7.0092E-01 
 6.8108E-01 
 6.5893E-01 
 6.3511E-01 
 6.1029E-01 
 5.8506E-01 
 5.5985E-01 
 5.3489E-01 
 5.1039E-01 
 4.8652E-01 
 4.6328E-01 
 4.4057E-01 
 4.1833E-01 
 3.9634E-01 
 3.7428E-01 
 3.5179E-01 
 3.2869E-01 
 3.0497E-01 
 2.8084E-01 
 2.5650E-01 
 2.3231E-01 
 2.0889E-01 
 1.8680E-01 
 1.6642E-01 
 1.4763E-01 
 1.3019E-01 
 1.1380E-01 
 9.8252E-02 
 8.3429E-02 
 6.9243E-02 
 5.5650E-02 
 4.2733E-02 
 3.0748E-02 
 1.9857E-02 
 9.7762E-03 
 1.0000E-04 
 6.9808E-01 
 6.9803E-01 
 6.9786E-01 
 6.9759E-01 
 6.9721E-01 
 6.9671E-01 
 6.9602E-01 
 6.9500E-01 
 6.9368E-01 
 6.9233E-01 
 6.9121E-01 
 6.8990E-01 
 6.8759E-01 
 6.8351E-01 
 6.7699E-01 
 6.6772E-01 
 6.5569E-01 
 6.4088E-01 
 6.2351E-01 
 6.0390E-01 
 5.8235E-01 
 5.5929E-01 
 5.3529E-01 
 5.1093E-01 
 4.8666E-01 
 4.6257E-01 
 4.3854E-01 
 4.1445E-01 
 3.9021E-01 
 3.6575E-01 
 3.4101E-01 
 3.1598E-01 
 2.9084E-01 
 2.6588E-01 
 2.4138E-01 
 2.1774E-01 
 1.9561E-01 
 1.7559E-01 
 1.5804E-01 
 1.4275E-01 
 1.2939E-01 
 1.1753E-01 
 1.0686E-01 
 9.7125E-02 
 8.8161E-02 
 7.9838E-02 
 7.2126E-02 
 6.5101E-02 
 5.8787E-02 
 5.2983E-02 
 4.7435E-02 
 6.9107E-01 
 6.9091E-01 
 6.9042E-01 
 6.8961E-01 
 6.8848E-01 
 6.8704E-01 
 6.8535E-01 
 6.8352E-01 
 6.8168E-01 
 6.8019E-01 
 6.7927E-01 
 6.7844E-01 
 6.7709E-01 
 6.7461E-01 
 6.7042E-01 
 6.6418E-01 
 6.5591E-01 
 6.4557E-01 
 6.3302E-01 
 6.1807E-01 
 6.0065E-01 
 5.8098E-01 
 5.5948E-01 
 5.3654E-01 
 5.1255E-01 
 4.8790E-01 
 4.6300E-01 
 4.3819E-01 
 4.1371E-01 
 3.8976E-01 
 3.6653E-01 
 3.4408E-01 
 3.2238E-01 
 3.0129E-01 
 2.8076E-01 
 2.6081E-01 
 2.4152E-01 
 2.2296E-01 
 2.0518E-01 
 1.8821E-01 
 1.7205E-01 
 1.5663E-01 
 1.4193E-01 
 1.2792E-01 
 1.1454E-01 
 1.0174E-01 
 8.9608E-02 
 7.8383E-02 
 6.8183E-02 
 5.8722E-02 
 4.9629E-02 
 7.1449E-01 
 7.1416E-01 
 7.1316E-01 
 7.1151E-01 
 7.0921E-01 
 7.0629E-01 
 7.0301E-01 
 6.9981E-01 
 6.9711E-01 
 6.9531E-01 
 6.9463E-01 
 6.9435E-01 
 6.9332E-01 
 6.9052E-01 
 6.8518E-01 
 6.7722E-01 
 6.6709E-01 
 6.5503E-01 
 6.4102E-01 
 6.2489E-01 
 6.0653E-01 
 5.8607E-01 
 5.6390E-01 
 5.4037E-01 
 5.1580E-01 
 4.9037E-01 
 4.6419E-01 
 4.3738E-01 
 4.1012E-01 
 3.8265E-01 
 3.5519E-01 
 3.2796E-01 
 3.0121E-01 
 2.7522E-01 
 2.5021E-01 
 2.2652E-01 
 2.0458E-01 
 1.8480E-01 
 1.6734E-01 
 1.5194E-01 
 1.3827E-01 
 1.2595E-01 
 1.1471E-01 
 1.0435E-01 
 9.4704E-02 
 8.5680E-02 
 7.7276E-02 
 6.9594E-02 
 6.2669E-02 
 5.6284E-02 
 5.0169E-02 
 8.0317E-01 
 8.0293E-01 
 8.0222E-01 
 8.0103E-01 
 7.9938E-01 
 7.9726E-01 
 7.9470E-01 
 7.9174E-01 
 7.8841E-01 
 7.8475E-01 
 7.8068E-01 
 7.7547E-01 
 7.6815E-01 
 7.5784E-01 
 7.4373E-01 
 7.2586E-01 
 7.0501E-01 
 6.8188E-01 
 6.5714E-01 
 6.3137E-01 
 6.0510E-01 
 5.7867E-01 
 5.5226E-01 
 5.2603E-01 
 5.0009E-01 
 4.7424E-01 
 4.4822E-01 
 4.2180E-01 
 3.9497E-01 
 3.6797E-01 
 3.4098E-01 
 3.1420E-01 
 2.8785E-01 
 2.6215E-01 
 2.3729E-01 
 2.1364E-01 
 1.9171E-01 
 1.7196E-01 
 1.5455E-01 
 1.3929E-01 
 1.2583E-01 
 1.1378E-01 
 1.0288E-01 
 9.2907E-02 
 8.3702E-02 
 7.5142E-02 
 6.7218E-02 
 6.0008E-02 
 5.3522E-02 
 4.7547E-02 
 4.1828E-02 
 8.4669E-01 
 8.4574E-01 
 8.4291E-01 
 8.3821E-01 
 8.3166E-01 
 8.2333E-01 
 8.1389E-01 
 8.0448E-01 
 7.9607E-01 
 7.8893E-01 
 7.8291E-01 
 7.7708E-01 
 7.7030E-01 
 7.6156E-01 
 7.4986E-01 
 7.3473E-01 
 7.1623E-01 
 6.9457E-01 
 6.7015E-01 
 6.4343E-01 
 6.1487E-01 
 5.8511E-01 
 5.5491E-01 
 5.2495E-01 
 4.9571E-01 
 4.6717E-01 
 4.3918E-01 
 4.1161E-01 
 3.8439E-01 
 3.5742E-01 
 3.3064E-01 
 3.0409E-01 
 2.7792E-01 
 2.5238E-01 
 2.2767E-01 
 2.0423E-01 
 1.8258E-01 
 1.6319E-01 
 1.4618E-01 
 1.3129E-01 
 1.1816E-01 
 1.0642E-01 
 9.5800E-02 
 8.6082E-02 
 7.7118E-02 
 6.8789E-02 
 6.1089E-02 
 5.4094E-02 
 4.7802E-02 
 4.2003E-02 
 3.6449E-02 
 7.3055E-01 
 7.3038E-01 
 7.2987E-01 
 7.2903E-01 
 7.2786E-01 
 7.2638E-01 
 7.2488E-01 
 7.2396E-01 
 7.2418E-01 
 7.2611E-01 
 7.2972E-01 
 7.3351E-01 
 7.3575E-01 
 7.3485E-01 
 7.2923E-01 
 7.1809E-01 
 7.0195E-01 
 6.8175E-01 
 6.5840E-01 
 6.3281E-01 
 6.0579E-01 
 5.7803E-01 
 5.5012E-01 
 5.2258E-01 
 4.9575E-01 
 4.6954E-01 
 4.4383E-01 
 4.1854E-01 
 3.9369E-01 
 3.6936E-01 
 3.4562E-01 
 3.2244E-01 
 2.9967E-01 
 2.7711E-01 
 2.5469E-01 
 2.3270E-01 
 2.1157E-01 
 1.9167E-01 
 1.7311E-01 
 1.5576E-01 
 1.3943E-01 
 1.2394E-01 
 1.0920E-01 
 9.5118E-02 
 8.1657E-02 
 6.8779E-02 
 5.6613E-02 
 4.5387E-02 
 3.5186E-02 
 2.5711E-02 
 1.6598E-02 
 7.4907E-01 
 7.4832E-01 
 7.4607E-01 
 7.4234E-01 
 7.3716E-01 
 7.3054E-01 
 7.2309E-01 
 7.1584E-01 
 7.0979E-01 
 7.0584E-01 
 7.0452E-01 
 7.0487E-01 
 7.0538E-01 
 7.0463E-01 
 7.0115E-01 
 6.9418E-01 
 6.8371E-01 
 6.6987E-01 
 6.5293E-01 
 6.3322E-01 
 6.1106E-01 
 5.8688E-01 
 5.6119E-01 
 5.3447E-01 
 5.0711E-01 
 4.7926E-01 
 4.5097E-01 
 4.2230E-01 
 3.9345E-01 
 3.6471E-01 
 3.3635E-01 
 3.0861E-01 
 2.8175E-01 
 2.5602E-01 
 2.3163E-01 
 2.0884E-01 
 1.8795E-01 
 1.6924E-01 
 1.5272E-01 
 1.3818E-01 
 1.2528E-01 
 1.1366E-01 
 1.0307E-01 
 9.3314E-02 
 8.4257E-02 
 7.5793E-02 
 6.7943E-02 
 6.0795E-02 
 5.4349E-02 
 4.8393E-02 
 4.2681E-02 
 7.7361E-01 
 7.7320E-01 
 7.7198E-01 
 7.6997E-01 
 7.6717E-01 
 7.6362E-01 
 7.5966E-01 
 7.5588E-01 
 7.5284E-01 
 7.5082E-01 
 7.4914E-01 
 7.4682E-01 
 7.4298E-01 
 7.3676E-01 
 7.2726E-01 
 7.1382E-01 
 6.9651E-01 
 6.7595E-01 
 6.5286E-01 
 6.2795E-01 
 6.0184E-01 
 5.7507E-01 
 5.4813E-01 
 5.2144E-01 
 4.9520E-01 
 4.6942E-01 
 4.4410E-01 
 4.1923E-01 
 3.9482E-01 
 3.7085E-01 
 3.4734E-01 
 3.2442E-01 
 3.0232E-01 
 2.8123E-01 
 2.6125E-01 
 2.4235E-01 
 2.2446E-01 
 2.0753E-01 
 1.9151E-01 
 1.7635E-01 
 1.6198E-01 
 1.4832E-01 
 1.3534E-01 
 1.2299E-01 
 1.1120E-01 
 9.9938E-02 
 8.9327E-02 
 7.9565E-02 
 7.0691E-02 
 6.2436E-02 
 5.4489E-02 
 7.1032E-01 
 7.1010E-01 
 7.0944E-01 
 7.0835E-01 
 7.0684E-01 
 7.0492E-01 
 7.0284E-01 
 7.0107E-01 
 7.0003E-01 
 6.9985E-01 
 7.0049E-01 
 7.0142E-01 
 7.0185E-01 
 7.0105E-01 
 6.9840E-01 
 6.9344E-01 
 6.8580E-01 
 6.7521E-01 
 6.6177E-01 
 6.4571E-01 
 6.2726E-01 
 6.0668E-01 
 5.8424E-01 
 5.6023E-01 
 5.3489E-01 
 5.0842E-01 
 4.8098E-01 
 4.5272E-01 
 4.2395E-01 
 3.9509E-01 
 3.6654E-01 
 3.3869E-01 
 3.1200E-01 
 2.8699E-01 
 2.6408E-01 
 2.4356E-01 
 2.2567E-01 
 2.1062E-01 
 1.9827E-01 
 1.8815E-01 
 1.7944E-01 
 1.7138E-01 
 1.6371E-01 
 1.5637E-01 
 1.4935E-01 
 1.4263E-01 
 1.3628E-01 
 1.3043E-01 
 1.2511E-01 
 1.2016E-01 
 1.1540E-01 
 8.1602E-01 
 8.1561E-01 
 8.1436E-01 
 8.1228E-01 
 8.0937E-01 
 8.0567E-01 
 8.0121E-01 
 7.9611E-01 
 7.9048E-01 
 7.8451E-01 
 7.7821E-01 
 7.7105E-01 
 7.6224E-01 
 7.5109E-01 
 7.3722E-01 
 7.2090E-01 
 7.0261E-01 
 6.8270E-01 
 6.6119E-01 
 6.3805E-01 
 6.1325E-01 
 5.8715E-01 
 5.6025E-01 
 5.3306E-01 
 5.0589E-01 
 4.7880E-01 
 4.5167E-01 
 4.2441E-01 
 3.9701E-01 
 3.6946E-01 
 3.4175E-01 
 3.1398E-01 
 2.8661E-01 
 2.6014E-01 
 2.3499E-01 
 2.1139E-01 
 1.8949E-01 
 1.6937E-01 
 1.5097E-01 
 1.3410E-01 
 1.1847E-01 
 1.0379E-01 
 8.9909E-02 
 7.6683E-02 
 6.4047E-02 
 5.1973E-02 
 4.0600E-02 
 3.0135E-02 
 2.0616E-02 
 1.1754E-02 
 3.2189E-03 


!chie from confinement nodes
POINTS 51 GRIDTYPE 14 NAMEXP CAR5 NTIMES 12 
 3.0030E-01 
  3.5030E-01 
  4.0030E-01 
  4.5030E-01 
  5.0030E-01 
  5.5030E-01 
  6.0030E-01 
  6.5030E-01 
  7.0030E-01 
  7.5030E-01 
  8.0030E-01 
  8.5030E-01 
  0.0000E+00 
  2.0000E-02 
  4.0000E-02 
  6.0000E-02 
  8.0000E-02 
  1.0000E-01 
  1.2000E-01 
  1.4000E-01 
  1.6000E-01 
  1.8000E-01 
  2.0000E-01 
  2.2000E-01 
  2.4000E-01 
  2.6000E-01 
  2.8000E-01 
  3.0000E-01 
  3.2000E-01 
  3.4000E-01 
  3.6000E-01 
  3.8000E-01 
  4.0000E-01 
  4.2000E-01 
  4.4000E-01 
  4.6000E-01 
  4.8000E-01 
  5.0000E-01 
  5.2000E-01 
  5.4000E-01 
  5.6000E-01 
  5.8000E-01 
  6.0000E-01 
  6.2000E-01 
  6.4000E-01 
  6.6000E-01 
  6.8000E-01 
  7.0000E-01 
  7.2000E-01 
  7.4000E-01 
  7.6000E-01 
  7.8000E-01 
  8.0000E-01 
  8.2000E-01 
  8.4000E-01 
  8.6000E-01 
  8.8000E-01 
  9.0000E-01 
  9.2000E-01 
  9.4000E-01 
  9.6000E-01 
  9.8000E-01 
  1.0000E+00 
  3.8598E-01 
 1.4916E+00 
 1.7030E+00 
 1.6607E+00 
 1.6769E+00 
 1.7930E+00 
 2.1375E+00 
 2.6149E+00 
 3.7014E+00 
 1.1890E+01 
 3.8149E+01 
 6.9177E+01 
 8.3670E+01 
 6.1726E+01 
 1.4573E+01 
 1.9935E+00 
 2.0974E+00 
 2.1031E+00 
 1.7056E+00 
 1.4412E+00 
 1.2966E+00 
 1.2047E+00 
 1.1452E+00 
 1.1136E+00 
 1.1068E+00 
 1.1208E+00 
 1.1522E+00 
 1.2012E+00 
 1.2723E+00 
 1.3709E+00 
 1.5014E+00 
 1.6680E+00 
 1.8717E+00 
 2.1013E+00 
 2.3370E+00 
 2.5641E+00 
 2.7905E+00 
 3.0294E+00 
 3.2891E+00 
 3.5550E+00 
 3.8088E+00 
 4.0350E+00 
 4.2328E+00 
 4.4162E+00 
 4.5954E+00 
 4.7775E+00 
 4.9874E+00 
 5.2746E+00 
 5.6755E+00 
 6.1634E+00 
 6.6949E+00 
 8.8308E-01 
 3.4127E+00 
 3.8993E+00 
 3.8188E+00 
 3.8925E+00 
 4.0534E+00 
 4.2873E+00 
 4.5535E+00 
 4.7817E+00 
 4.8938E+00 
 4.4697E+00 
 3.4387E+00 
 2.4131E+00 
 1.6980E+00 
 1.2843E+00 
 1.0694E+00 
 9.5751E-01 
 9.0371E-01 
 8.8918E-01 
 9.0152E-01 
 9.3074E-01 
 9.7049E-01 
 1.0217E+00 
 1.0892E+00 
 1.1753E+00 
 1.2788E+00 
 1.3980E+00 
 1.5280E+00 
 1.6582E+00 
 1.7796E+00 
 1.8943E+00 
 2.0078E+00 
 2.1181E+00 
 2.2087E+00 
 2.2732E+00 
 2.3237E+00 
 2.3924E+00 
 2.4952E+00 
 2.6300E+00 
 2.7788E+00 
 2.9261E+00 
 3.0663E+00 
 3.1978E+00 
 3.3229E+00 
 3.4608E+00 
 3.6460E+00 
 3.9323E+00 
 4.3985E+00 
 5.0991E+00 
 5.9761E+00 
 6.9413E+00 
 3.1571E+00 
 1.2230E+01 
 1.3814E+01 
 1.3454E+01 
 1.3618E+01 
 1.3120E+01 
 1.1161E+01 
 9.2653E+00 
 9.3222E+00 
 1.1928E+01 
 1.3774E+01 
 1.0559E+01 
 6.2181E+00 
 3.6725E+00 
 2.4821E+00 
 1.8882E+00 
 1.5431E+00 
 1.3307E+00 
 1.2028E+00 
 1.1244E+00 
 1.0766E+00 
 1.0563E+00 
 1.0653E+00 
 1.1030E+00 
 1.1623E+00 
 1.2323E+00 
 1.3066E+00 
 1.3841E+00 
 1.4642E+00 
 1.5463E+00 
 1.6321E+00 
 1.7243E+00 
 1.8221E+00 
 1.9175E+00 
 2.0125E+00 
 2.1260E+00 
 2.2940E+00 
 2.5376E+00 
 2.8590E+00 
 3.2334E+00 
 3.6328E+00 
 4.0320E+00 
 4.4190E+00 
 4.7917E+00 
 5.1465E+00 
 5.4792E+00 
 5.8147E+00 
 6.2105E+00 
 6.7085E+00 
 7.2851E+00 
 7.9009E+00 
 1.2596E+00 
 4.9121E+00 
 5.5223E+00 
 5.3619E+00 
 5.3983E+00 
 5.5858E+00 
 5.9630E+00 
 6.5505E+00 
 8.4644E+00 
 1.4430E+01 
 2.1409E+01 
 1.9183E+01 
 1.1640E+01 
 6.5092E+00 
 4.1271E+00 
 3.0562E+00 
 2.4853E+00 
 2.1078E+00 
 1.8279E+00 
 1.6155E+00 
 1.4636E+00 
 1.3689E+00 
 1.3199E+00 
 1.3060E+00 
 1.3235E+00 
 1.3707E+00 
 1.4453E+00 
 1.5453E+00 
 1.6708E+00 
 1.8245E+00 
 2.0064E+00 
 2.2054E+00 
 2.4013E+00 
 2.5717E+00 
 2.7066E+00 
 2.8097E+00 
 2.8948E+00 
 2.9758E+00 
 3.0633E+00 
 3.1623E+00 
 3.2724E+00 
 3.3899E+00 
 3.5129E+00 
 3.6409E+00 
 3.7714E+00 
 3.9021E+00 
 4.0531E+00 
 4.2641E+00 
 4.5611E+00 
 4.9221E+00 
 5.3150E+00 
 5.8611E-01 
 2.2826E+00 
 2.5689E+00 
 2.4882E+00 
 2.4943E+00 
 2.6384E+00 
 3.0423E+00 
 3.4806E+00 
 5.0585E+00 
 1.8273E+01 
 4.5989E+01 
 4.2167E+01 
 1.4474E+01 
 4.4208E+00 
 2.9188E+00 
 2.4745E+00 
 2.1163E+00 
 1.8699E+00 
 1.6859E+00 
 1.5336E+00 
 1.4140E+00 
 1.3337E+00 
 1.2903E+00 
 1.2754E+00 
 1.2812E+00 
 1.3012E+00 
 1.3327E+00 
 1.3766E+00 
 1.4353E+00 
 1.5103E+00 
 1.6020E+00 
 1.7094E+00 
 1.8287E+00 
 1.9536E+00 
 2.0869E+00 
 2.2452E+00 
 2.4543E+00 
 2.7251E+00 
 3.0506E+00 
 3.4018E+00 
 3.7505E+00 
 4.0730E+00 
 4.3614E+00 
 4.6172E+00 
 4.8396E+00 
 5.0281E+00 
 5.2115E+00 
 5.4467E+00 
 5.7732E+00 
 6.1694E+00 
 6.6004E+00 
 8.2627E-01 
 3.2315E+00 
 3.6169E+00 
 3.5116E+00 
 3.5359E+00 
 3.6060E+00 
 3.7057E+00 
 3.8355E+00 
 3.9986E+00 
 4.1267E+00 
 3.8601E+00 
 3.1298E+00 
 2.3560E+00 
 1.7699E+00 
 1.3919E+00 
 1.1871E+00 
 1.0879E+00 
 1.0442E+00 
 1.0351E+00 
 1.0506E+00 
 1.0824E+00 
 1.1244E+00 
 1.1760E+00 
 1.2384E+00 
 1.3057E+00 
 1.3684E+00 
 1.4236E+00 
 1.4781E+00 
 1.5422E+00 
 1.6228E+00 
 1.7211E+00 
 1.8359E+00 
 1.9617E+00 
 2.0925E+00 
 2.2337E+00 
 2.4069E+00 
 2.6406E+00 
 2.9475E+00 
 3.3195E+00 
 3.7265E+00 
 4.1385E+00 
 4.5287E+00 
 4.8876E+00 
 5.2130E+00 
 5.5012E+00 
 5.7499E+00 
 5.9934E+00 
 6.2953E+00 
 6.6979E+00 
 7.1761E+00 
 7.6920E+00 
 2.1137E-01 
 8.3087E-01 
 9.2929E-01 
 9.0664E-01 
 9.1686E-01 
 9.6700E-01 
 1.1120E+00 
 1.4057E+00 
 1.8907E+00 
 2.5615E+00 
 3.1464E+00 
 3.2161E+00 
 2.7882E+00 
 2.2031E+00 
 1.7184E+00 
 1.4077E+00 
 1.2239E+00 
 1.1157E+00 
 1.0539E+00 
 1.0197E+00 
 1.0058E+00 
 1.0144E+00 
 1.0487E+00 
 1.1082E+00 
 1.1853E+00 
 1.2706E+00 
 1.3609E+00 
 1.4568E+00 
 1.5583E+00 
 1.6655E+00 
 1.7798E+00 
 1.9038E+00 
 2.0339E+00 
 2.1660E+00 
 2.3067E+00 
 2.4823E+00 
 2.7238E+00 
 3.0449E+00 
 3.4367E+00 
 3.8708E+00 
 4.3208E+00 
 4.7649E+00 
 5.1963E+00 
 5.6134E+00 
 6.0121E+00 
 6.3900E+00 
 6.7840E+00 
 7.2573E+00 
 7.8481E+00 
 8.5251E+00 
 9.2451E+00 
 1.2655E+00 
 4.9782E+00 
 5.5661E+00 
 5.4388E+00 
 5.3139E+00 
 5.2084E+00 
 1.0119E+01 
 2.9647E+01 
 4.6066E+01 
 5.3550E+01 
 5.3086E+01 
 4.5652E+01 
 3.2188E+01 
 1.4068E+01 
 2.6678E+00 
 1.3180E+00 
 1.3911E+00 
 1.2714E+00 
 1.1626E+00 
 1.1223E+00 
 1.1216E+00 
 1.1468E+00 
 1.1975E+00 
 1.2728E+00 
 1.3637E+00 
 1.4604E+00 
 1.5611E+00 
 1.6702E+00 
 1.7936E+00 
 1.9340E+00 
 2.0856E+00 
 2.2319E+00 
 2.3553E+00 
 2.4506E+00 
 2.5360E+00 
 2.6378E+00 
 2.7746E+00 
 2.9400E+00 
 3.1173E+00 
 3.2847E+00 
 3.4315E+00 
 3.5538E+00 
 3.6575E+00 
 3.7505E+00 
 3.8364E+00 
 3.9192E+00 
 4.0263E+00 
 4.1998E+00 
 4.4635E+00 
 4.7928E+00 
 5.1547E+00 
 2.9055E-01 
 1.1471E+00 
 1.2757E+00 
 1.2439E+00 
 1.2552E+00 
 1.3300E+00 
 1.5496E+00 
 1.8023E+00 
 2.5666E+00 
 9.7332E+00 
 2.6906E+01 
 4.1266E+01 
 4.2026E+01 
 2.1574E+01 
 4.5575E+00 
 2.1056E+00 
 2.0355E+00 
 1.7641E+00 
 1.5223E+00 
 1.3813E+00 
 1.2964E+00 
 1.2468E+00 
 1.2277E+00 
 1.2351E+00 
 1.2625E+00 
 1.3029E+00 
 1.3541E+00 
 1.4203E+00 
 1.5073E+00 
 1.6191E+00 
 1.7575E+00 
 1.9221E+00 
 2.1059E+00 
 2.2998E+00 
 2.5003E+00 
 2.7258E+00 
 3.0010E+00 
 3.3450E+00 
 3.7516E+00 
 4.1972E+00 
 4.6536E+00 
 5.0960E+00 
 5.5192E+00 
 5.9223E+00 
 6.3030E+00 
 6.6625E+00 
 7.0432E+00 
 7.5103E+00 
 8.0999E+00 
 8.7778E+00 
 9.5000E+00 
 5.5038E-01 
 2.1838E+00 
 2.4162E+00 
 2.3583E+00 
 2.3840E+00 
 2.5203E+00 
 2.9323E+00 
 4.0178E+00 
 6.8023E+00 
 1.0437E+01 
 1.0712E+01 
 7.6298E+00 
 4.7700E+00 
 3.0880E+00 
 2.1588E+00 
 1.6517E+00 
 1.3912E+00 
 1.2636E+00 
 1.2044E+00 
 1.1829E+00 
 1.1860E+00 
 1.2119E+00 
 1.2625E+00 
 1.3366E+00 
 1.4287E+00 
 1.5346E+00 
 1.6542E+00 
 1.7873E+00 
 1.9334E+00 
 2.0953E+00 
 2.2786E+00 
 2.4875E+00 
 2.7125E+00 
 2.9331E+00 
 3.1279E+00 
 3.2931E+00 
 3.4366E+00 
 3.5739E+00 
 3.7156E+00 
 3.8681E+00 
 4.0294E+00 
 4.1966E+00 
 4.3683E+00 
 4.5430E+00 
 4.7178E+00 
 4.8940E+00 
 5.1044E+00 
 5.3949E+00 
 5.7864E+00 
 6.2493E+00 
 6.7478E+00 
 1.0382E+00 
 4.0957E+00 
 4.5644E+00 
 4.4541E+00 
 4.4821E+00 
 4.6821E+00 
 5.7279E+00 
 1.0663E+01 
 2.2619E+01 
 3.4262E+01 
 4.1895E+01 
 4.3169E+01 
 3.5906E+01 
 1.9005E+01 
 6.3369E+00 
 3.4912E+00 
 2.7645E+00 
 2.2432E+00 
 1.9000E+00 
 1.6959E+00 
 1.5627E+00 
 1.4714E+00 
 1.4124E+00 
 1.3813E+00 
 1.3739E+00 
 1.3854E+00 
 1.4129E+00 
 1.4591E+00 
 1.5298E+00 
 1.6298E+00 
 1.7630E+00 
 1.9364E+00 
 2.1531E+00 
 2.4126E+00 
 2.7187E+00 
 3.1137E+00 
 3.6535E+00 
 4.3817E+00 
 5.2314E+00 
 6.0580E+00 
 6.7474E+00 
 7.2313E+00 
 7.5847E+00 
 7.9077E+00 
 8.2320E+00 
 8.5723E+00 
 8.9808E+00 
 9.5317E+00 
 1.0263E+01 
 1.1125E+01 
 1.2051E+01 
 5.3605E-01 
 2.1296E+00 
 2.3474E+00 
 2.2913E+00 
 2.3240E+00 
 2.3927E+00 
 2.4952E+00 
 2.6221E+00 
 2.7810E+00 
 2.9525E+00 
 2.9501E+00 
 2.6653E+00 
 2.2450E+00 
 1.8592E+00 
 1.5943E+00 
 1.4476E+00 
 1.3726E+00 
 1.3289E+00 
 1.2933E+00 
 1.2592E+00 
 1.2330E+00 
 1.2266E+00 
 1.2470E+00 
 1.2937E+00 
 1.3597E+00 
 1.4362E+00 
 1.5189E+00 
 1.6084E+00 
 1.7053E+00 
 1.8106E+00 
 1.9312E+00 
 2.0798E+00 
 2.2617E+00 
 2.4676E+00 
 2.6820E+00 
 2.9029E+00 
 3.1366E+00 
 3.3919E+00 
 3.6609E+00 
 3.9281E+00 
 4.1771E+00 
 4.3982E+00 
 4.5980E+00 
 4.7862E+00 
 4.9744E+00 
 5.1787E+00 
 5.4429E+00 
 5.8215E+00 
 6.3367E+00 
 6.9479E+00 
 7.6071E+00 


!ECH profile set to zero (no ECH)
POINTS 51 GRIDTYPE 14 NAMEXP CAR4 NTIMES 1 
 3.0000E-01 
  0.0000E+00 
  2.0000E-02 
  4.0000E-02 
  6.0000E-02 
  8.0000E-02 
  1.0000E-01 
  1.2000E-01 
  1.4000E-01 
  1.6000E-01 
  1.8000E-01 
  2.0000E-01 
  2.2000E-01 
  2.4000E-01 
  2.6000E-01 
  2.8000E-01 
  3.0000E-01 
  3.2000E-01 
  3.4000E-01 
  3.6000E-01 
  3.8000E-01 
  4.0000E-01 
  4.2000E-01 
  4.4000E-01 
  4.6000E-01 
  4.8000E-01 
  5.0000E-01 
  5.2000E-01 
  5.4000E-01 
  5.6000E-01 
  5.8000E-01 
  6.0000E-01 
  6.2000E-01 
  6.4000E-01 
  6.6000E-01 
  6.8000E-01 
  7.0000E-01 
  7.2000E-01 
  7.4000E-01 
  7.6000E-01 
  7.8000E-01 
  8.0000E-01 
  8.2000E-01 
  8.4000E-01 
  8.6000E-01 
  8.8000E-01 
  9.0000E-01 
  9.2000E-01 
  9.4000E-01 
  9.6000E-01 
  9.8000E-01 
  1.0000E+00 
  0.0000E+00 
 0.0000E+00 
 0.0000E+00 
 0.0000E+00 
 0.0000E+00 
 0.0000E+00 
 0.0000E+00 
 0.0000E+00 
 0.0000E+00 
 0.0000E+00 
 0.0000E+00 
 0.0000E+00 
 0.0000E+00 
 0.0000E+00 
 0.0000E+00 
 0.0000E+00 
 0.0000E+00 
 0.0000E+00 
 0.0000E+00 
 0.0000E+00 
 0.0000E+00 
 0.0000E+00 
 0.0000E+00 
 0.0000E+00 
 0.0000E+00 
 0.0000E+00 
 0.0000E+00 
 0.0000E+00 
 0.0000E+00 
 0.0000E+00 
 0.0000E+00 
 0.0000E+00 
 0.0000E+00 
 0.0000E+00 
 0.0000E+00 
 0.0000E+00 
 0.0000E+00 
 0.0000E+00 
 0.0000E+00 
 0.0000E+00 
 0.0000E+00 
 0.0000E+00 
 0.0000E+00 
 0.0000E+00 
 0.0000E+00 
 0.0000E+00 
 0.0000E+00 
 0.0000E+00 
 0.0000E+00 
 0.0000E+00 
 0.0000E+00 


!ECCD profile set to zero (no ECCD)
POINTS 51 GRIDTYPE 14 NAMEXP CAR6 NTIMES 1 
 3.0000E-01 
  0.0000E+00 
  2.0000E-02 
  4.0000E-02 
  6.0000E-02 
  8.0000E-02 
  1.0000E-01 
  1.2000E-01 
  1.4000E-01 
  1.6000E-01 
  1.8000E-01 
  2.0000E-01 
  2.2000E-01 
  2.4000E-01 
  2.6000E-01 
  2.8000E-01 
  3.0000E-01 
  3.2000E-01 
  3.4000E-01 
  3.6000E-01 
  3.8000E-01 
  4.0000E-01 
  4.2000E-01 
  4.4000E-01 
  4.6000E-01 
  4.8000E-01 
  5.0000E-01 
  5.2000E-01 
  5.4000E-01 
  5.6000E-01 
  5.8000E-01 
  6.0000E-01 
  6.2000E-01 
  6.4000E-01 
  6.6000E-01 
  6.8000E-01 
  7.0000E-01 
  7.2000E-01 
  7.4000E-01 
  7.6000E-01 
  7.8000E-01 
  8.0000E-01 
  8.2000E-01 
  8.4000E-01 
  8.6000E-01 
  8.8000E-01 
  9.0000E-01 
  9.2000E-01 
  9.4000E-01 
  9.6000E-01 
  9.8000E-01 
  1.0000E+00 
  -0.0000E+00 
 -0.0000E+00 
 -0.0000E+00 
 -0.0000E+00 
 -0.0000E+00 
 -0.0000E+00 
 -0.0000E+00 
 -0.0000E+00 
 -0.0000E+00 
 -0.0000E+00 
 -0.0000E+00 
 -0.0000E+00 
 -0.0000E+00 
 -0.0000E+00 
 -0.0000E+00 
 -0.0000E+00 
 -0.0000E+00 
 -0.0000E+00 
 -0.0000E+00 
 -0.0000E+00 
 -0.0000E+00 
 -0.0000E+00 
 -0.0000E+00 
 -0.0000E+00 
 -0.0000E+00 
 -0.0000E+00 
 -0.0000E+00 
 -0.0000E+00 
 -0.0000E+00 
 -0.0000E+00 
 -0.0000E+00 
 -0.0000E+00 
 -0.0000E+00 
 -0.0000E+00 
 -0.0000E+00 
 -0.0000E+00 
 -0.0000E+00 
 -0.0000E+00 
 -0.0000E+00 
 -0.0000E+00 
 -0.0000E+00 
 -0.0000E+00 
 -0.0000E+00 
 -0.0000E+00 
 -0.0000E+00 
 -0.0000E+00 
 -0.0000E+00 
 -0.0000E+00 
 -0.0000E+00 
 -0.0000E+00 
 -0.0000E+00 
END