 -TCV- #36526 t0=0.5
 Param|Time  |  Value  |   Error
|-----|------|---------|--------
T_OFFSET          0.3000
TEND            1.6000
NB1             91.0000
AWALL           0.2800
AB              0.2600
RTOR            0.8800
ELONM           1.6000
TRICH           0.3000
ABC             0.2368
SHIFT           0.0100
ELONG           1.4066
TRIAN           0.2629
UPDWN           0.0000
ZMJ             1.0000
AMJ             2.0000
BTOR            1.4450
ZRD10           0.9800
ZRD30           36526.0000
ZRD6            0.1110
ZRD7            2.0000
ZRD8            0.0010
ZRD1            3.5000
ZRD3            0.3563
 

!Density boundary condition loading in time
NAMEXP ZRD2 NTIMES 1 
-2.0000E-01 
1.9650E-01 
 

!Ip from LIUQE [MA]
NAMEXP IPL NTIMES 32 
3.0000E-01 
3.2500E-01 
3.5000E-01 
3.7500E-01 
4.0000E-01 
4.2500E-01 
4.5000E-01 
4.7500E-01 
5.0000E-01 
5.2500E-01 
5.5000E-01 
5.7500E-01 
6.0000E-01 
6.2500E-01 
6.5000E-01 
6.7500E-01 
7.0000E-01 
7.2500E-01 
7.5000E-01 
7.7500E-01 
8.0000E-01 
8.2500E-01 
8.5000E-01 
8.7500E-01 
9.0000E-01 
9.2500E-01 
9.5000E-01 
9.7500E-01 
1.0000E+00 
1.0250E+00 
1.0500E+00 
1.0750E+00 
2.7645E-01 
2.7671E-01 
2.7645E-01 
2.7709E-01 
2.7632E-01 
2.7651E-01 
2.7741E-01 
2.7720E-01 
2.7638E-01 
2.7701E-01 
2.7692E-01 
2.7715E-01 
2.7636E-01 
2.7663E-01 
2.7737E-01 
2.7650E-01 
2.7633E-01 
2.7666E-01 
2.7730E-01 
2.7714E-01 
2.7637E-01 
2.7698E-01 
2.7728E-01 
2.7748E-01 
2.7685E-01 
2.7734E-01 
2.7779E-01 
2.7866E-01 
2.8008E-01 
2.8023E-01 
2.8060E-01 
2.8078E-01 


!Minor radius [m]
POINTS 51 GRIDTYPE 14 NAMEXP CAR9 NTIMES 1 
 0.0000E+00 
  0.0000E+00 
  2.0000E-02 
  4.0000E-02 
  6.0000E-02 
  8.0000E-02 
  1.0000E-01 
  1.2000E-01 
  1.4000E-01 
  1.6000E-01 
  1.8000E-01 
  2.0000E-01 
  2.2000E-01 
  2.4000E-01 
  2.6000E-01 
  2.8000E-01 
  3.0000E-01 
  3.2000E-01 
  3.4000E-01 
  3.6000E-01 
  3.8000E-01 
  4.0000E-01 
  4.2000E-01 
  4.4000E-01 
  4.6000E-01 
  4.8000E-01 
  5.0000E-01 
  5.2000E-01 
  5.4000E-01 
  5.6000E-01 
  5.8000E-01 
  6.0000E-01 
  6.2000E-01 
  6.4000E-01 
  6.6000E-01 
  6.8000E-01 
  7.0000E-01 
  7.2000E-01 
  7.4000E-01 
  7.6000E-01 
  7.8000E-01 
  8.0000E-01 
  8.2000E-01 
  8.4000E-01 
  8.6000E-01 
  8.8000E-01 
  9.0000E-01 
  9.2000E-01 
  9.4000E-01 
  9.6000E-01 
  9.8000E-01 
  1.0000E+00 
  0.0000E+00 
 5.2000E-03 
 1.0400E-02 
 1.5600E-02 
 2.0800E-02 
 2.6000E-02 
 3.1200E-02 
 3.6400E-02 
 4.1600E-02 
 4.6800E-02 
 5.2000E-02 
 5.7200E-02 
 6.2400E-02 
 6.7600E-02 
 7.2800E-02 
 7.8000E-02 
 8.3200E-02 
 8.8400E-02 
 9.3600E-02 
 9.8800E-02 
 1.0400E-01 
 1.0920E-01 
 1.1440E-01 
 1.1960E-01 
 1.2480E-01 
 1.3000E-01 
 1.3520E-01 
 1.4040E-01 
 1.4560E-01 
 1.5080E-01 
 1.5600E-01 
 1.6120E-01 
 1.6640E-01 
 1.7160E-01 
 1.7680E-01 
 1.8200E-01 
 1.8720E-01 
 1.9240E-01 
 1.9760E-01 
 2.0280E-01 
 2.0800E-01 
 2.1320E-01 
 2.1840E-01 
 2.2360E-01 
 2.2880E-01 
 2.3400E-01 
 2.3920E-01 
 2.4440E-01 
 2.4960E-01 
 2.5480E-01 
 2.6000E-01 


!initial mu from parabolic 1/q
POINTS 51 GRIDTYPE 14 NAMEXP MU NTIMES 1 
 0.0000E+00 
  0.0000E+00 
  2.0000E-02 
  4.0000E-02 
  6.0000E-02 
  8.0000E-02 
  1.0000E-01 
  1.2000E-01 
  1.4000E-01 
  1.6000E-01 
  1.8000E-01 
  2.0000E-01 
  2.2000E-01 
  2.4000E-01 
  2.6000E-01 
  2.8000E-01 
  3.0000E-01 
  3.2000E-01 
  3.4000E-01 
  3.6000E-01 
  3.8000E-01 
  4.0000E-01 
  4.2000E-01 
  4.4000E-01 
  4.6000E-01 
  4.8000E-01 
  5.0000E-01 
  5.2000E-01 
  5.4000E-01 
  5.6000E-01 
  5.8000E-01 
  6.0000E-01 
  6.2000E-01 
  6.4000E-01 
  6.6000E-01 
  6.8000E-01 
  7.0000E-01 
  7.2000E-01 
  7.4000E-01 
  7.6000E-01 
  7.8000E-01 
  8.0000E-01 
  8.2000E-01 
  8.4000E-01 
  8.6000E-01 
  8.8000E-01 
  9.0000E-01 
  9.2000E-01 
  9.4000E-01 
  9.6000E-01 
  9.8000E-01 
  1.0000E+00 
  5.0000E-01 
 4.9960E-01 
 4.9841E-01 
 4.9643E-01 
 4.9368E-01 
 4.9020E-01 
 4.8600E-01 
 4.8114E-01 
 4.7565E-01 
 4.6957E-01 
 4.6296E-01 
 4.5587E-01 
 4.4835E-01 
 4.4045E-01 
 4.3223E-01 
 4.2373E-01 
 4.1501E-01 
 4.0611E-01 
 3.9708E-01 
 3.8796E-01 
 3.7879E-01 
 3.6960E-01 
 3.6044E-01 
 3.5132E-01 
 3.4228E-01 
 3.3333E-01 
 3.2451E-01 
 3.1582E-01 
 3.0728E-01 
 2.9890E-01 
 2.9070E-01 
 2.8268E-01 
 2.7485E-01 
 2.6721E-01 
 2.5977E-01 
 2.5253E-01 
 2.4548E-01 
 2.3864E-01 
 2.3200E-01 
 2.2555E-01 
 2.1930E-01 
 2.1324E-01 
 2.0737E-01 
 2.0168E-01 
 1.9617E-01 
 1.9084E-01 
 1.8568E-01 
 1.8069E-01 
 1.7586E-01 
 1.7119E-01 
 1.6667E-01 


!ne from confinement nodes [1e19m^-3]
POINTS 51 GRIDTYPE 14 NAMEXP NE NTIMES 32 
 3.0030E-01 
  3.2530E-01 
  3.5030E-01 
  3.7530E-01 
  4.0030E-01 
  4.2530E-01 
  4.5030E-01 
  4.7530E-01 
  5.0030E-01 
  5.2530E-01 
  5.5030E-01 
  5.7530E-01 
  6.0030E-01 
  6.2530E-01 
  6.5030E-01 
  6.7530E-01 
  7.0030E-01 
  7.2530E-01 
  7.5030E-01 
  7.7530E-01 
  8.0030E-01 
  8.2530E-01 
  8.5030E-01 
  8.7530E-01 
  9.0030E-01 
  9.2530E-01 
  9.5030E-01 
  9.7530E-01 
  1.0003E+00 
  1.0253E+00 
  1.0503E+00 
  1.0753E+00 
  0.0000E+00 
  2.0000E-02 
  4.0000E-02 
  6.0000E-02 
  8.0000E-02 
  1.0000E-01 
  1.2000E-01 
  1.4000E-01 
  1.6000E-01 
  1.8000E-01 
  2.0000E-01 
  2.2000E-01 
  2.4000E-01 
  2.6000E-01 
  2.8000E-01 
  3.0000E-01 
  3.2000E-01 
  3.4000E-01 
  3.6000E-01 
  3.8000E-01 
  4.0000E-01 
  4.2000E-01 
  4.4000E-01 
  4.6000E-01 
  4.8000E-01 
  5.0000E-01 
  5.2000E-01 
  5.4000E-01 
  5.6000E-01 
  5.8000E-01 
  6.0000E-01 
  6.2000E-01 
  6.4000E-01 
  6.6000E-01 
  6.8000E-01 
  7.0000E-01 
  7.2000E-01 
  7.4000E-01 
  7.6000E-01 
  7.8000E-01 
  8.0000E-01 
  8.2000E-01 
  8.4000E-01 
  8.6000E-01 
  8.8000E-01 
  9.0000E-01 
  9.2000E-01 
  9.4000E-01 
  9.6000E-01 
  9.8000E-01 
  1.0000E+00 
  5.7653E+00 
 5.7654E+00 
 5.7656E+00 
 5.7661E+00 
 5.7669E+00 
 5.7678E+00 
 5.7690E+00 
 5.7707E+00 
 5.7741E+00 
 5.7792E+00 
 5.7849E+00 
 5.7903E+00 
 5.7950E+00 
 5.7982E+00 
 5.7992E+00 
 5.7971E+00 
 5.7912E+00 
 5.7806E+00 
 5.7652E+00 
 5.7445E+00 
 5.7180E+00 
 5.6840E+00 
 5.6387E+00 
 5.5787E+00 
 5.5018E+00 
 5.4084E+00 
 5.3000E+00 
 5.1777E+00 
 5.0427E+00 
 4.8956E+00 
 4.7365E+00 
 4.5658E+00 
 4.3850E+00 
 4.1968E+00 
 4.0037E+00 
 3.8080E+00 
 3.6119E+00 
 3.4172E+00 
 3.2257E+00 
 3.0389E+00 
 2.8578E+00 
 2.6835E+00 
 2.5167E+00 
 2.3576E+00 
 2.2058E+00 
 2.0606E+00 
 1.9215E+00 
 1.7894E+00 
 1.6653E+00 
 1.5476E+00 
 1.4330E+00 
 5.7295E+00 
 5.7298E+00 
 5.7308E+00 
 5.7324E+00 
 5.7346E+00 
 5.7374E+00 
 5.7408E+00 
 5.7449E+00 
 5.7497E+00 
 5.7547E+00 
 5.7586E+00 
 5.7602E+00 
 5.7591E+00 
 5.7549E+00 
 5.7477E+00 
 5.7374E+00 
 5.7242E+00 
 5.7081E+00 
 5.6887E+00 
 5.6659E+00 
 5.6395E+00 
 5.6077E+00 
 5.5672E+00 
 5.5145E+00 
 5.4472E+00 
 5.3643E+00 
 5.2661E+00 
 5.1531E+00 
 5.0259E+00 
 4.8852E+00 
 4.7318E+00 
 4.5665E+00 
 4.3904E+00 
 4.2063E+00 
 4.0168E+00 
 3.8246E+00 
 3.6319E+00 
 3.4405E+00 
 3.2523E+00 
 3.0685E+00 
 2.8903E+00 
 2.7187E+00 
 2.5542E+00 
 2.3971E+00 
 2.2472E+00 
 2.1036E+00 
 1.9661E+00 
 1.8357E+00 
 1.7135E+00 
 1.5977E+00 
 1.4851E+00 
 5.8080E+00 
 5.8083E+00 
 5.8090E+00 
 5.8103E+00 
 5.8120E+00 
 5.8142E+00 
 5.8170E+00 
 5.8201E+00 
 5.8234E+00 
 5.8264E+00 
 5.8278E+00 
 5.8264E+00 
 5.8215E+00 
 5.8125E+00 
 5.7987E+00 
 5.7801E+00 
 5.7562E+00 
 5.7270E+00 
 5.6920E+00 
 5.6506E+00 
 5.6022E+00 
 5.5456E+00 
 5.4794E+00 
 5.4023E+00 
 5.3133E+00 
 5.2124E+00 
 5.1000E+00 
 4.9768E+00 
 4.8433E+00 
 4.7002E+00 
 4.5481E+00 
 4.3877E+00 
 4.2199E+00 
 4.0466E+00 
 3.8697E+00 
 3.6909E+00 
 3.5119E+00 
 3.3341E+00 
 3.1588E+00 
 2.9872E+00 
 2.8202E+00 
 2.6585E+00 
 2.5027E+00 
 2.3531E+00 
 2.2097E+00 
 2.0720E+00 
 1.9400E+00 
 1.8148E+00 
 1.6975E+00 
 1.5864E+00 
 1.4783E+00 
 5.7707E+00 
 5.7708E+00 
 5.7710E+00 
 5.7713E+00 
 5.7719E+00 
 5.7725E+00 
 5.7734E+00 
 5.7746E+00 
 5.7770E+00 
 5.7807E+00 
 5.7840E+00 
 5.7847E+00 
 5.7810E+00 
 5.7715E+00 
 5.7561E+00 
 5.7352E+00 
 5.7093E+00 
 5.6788E+00 
 5.6436E+00 
 5.6046E+00 
 5.5623E+00 
 5.5141E+00 
 5.4552E+00 
 5.3815E+00 
 5.2900E+00 
 5.1821E+00 
 5.0609E+00 
 4.9293E+00 
 4.7895E+00 
 4.6418E+00 
 4.4865E+00 
 4.3239E+00 
 4.1545E+00 
 3.9792E+00 
 3.7986E+00 
 3.6139E+00 
 3.4268E+00 
 3.2393E+00 
 3.0531E+00 
 2.8699E+00 
 2.6913E+00 
 2.5187E+00 
 2.3530E+00 
 2.1946E+00 
 2.0433E+00 
 1.8983E+00 
 1.7596E+00 
 1.6284E+00 
 1.5057E+00 
 1.3896E+00 
 1.2769E+00 
 5.7343E+00 
 5.7339E+00 
 5.7326E+00 
 5.7307E+00 
 5.7280E+00 
 5.7246E+00 
 5.7205E+00 
 5.7166E+00 
 5.7153E+00 
 5.7181E+00 
 5.7228E+00 
 5.7264E+00 
 5.7256E+00 
 5.7176E+00 
 5.7029E+00 
 5.6826E+00 
 5.6579E+00 
 5.6293E+00 
 5.5954E+00 
 5.5561E+00 
 5.5113E+00 
 5.4579E+00 
 5.3906E+00 
 5.3051E+00 
 5.1988E+00 
 5.0759E+00 
 4.9428E+00 
 4.8053E+00 
 4.6664E+00 
 4.5248E+00 
 4.3787E+00 
 4.2266E+00 
 4.0675E+00 
 3.9007E+00 
 3.7254E+00 
 3.5420E+00 
 3.3533E+00 
 3.1623E+00 
 2.9719E+00 
 2.7846E+00 
 2.6023E+00 
 2.4269E+00 
 2.2595E+00 
 2.1001E+00 
 1.9483E+00 
 1.8031E+00 
 1.6643E+00 
 1.5330E+00 
 1.4102E+00 
 1.2941E+00 
 1.1812E+00 
 5.4506E+00 
 5.4524E+00 
 5.4579E+00 
 5.4669E+00 
 5.4796E+00 
 5.4957E+00 
 5.5148E+00 
 5.5334E+00 
 5.5492E+00 
 5.5612E+00 
 5.5710E+00 
 5.5800E+00 
 5.5849E+00 
 5.5824E+00 
 5.5728E+00 
 5.5576E+00 
 5.5382E+00 
 5.5146E+00 
 5.4850E+00 
 5.4480E+00 
 5.4028E+00 
 5.3463E+00 
 5.2747E+00 
 5.1848E+00 
 5.0749E+00 
 4.9493E+00 
 4.8151E+00 
 4.6783E+00 
 4.5419E+00 
 4.4040E+00 
 4.2628E+00 
 4.1170E+00 
 3.9656E+00 
 3.8084E+00 
 3.6453E+00 
 3.4768E+00 
 3.3048E+00 
 3.1311E+00 
 2.9575E+00 
 2.7854E+00 
 2.6163E+00 
 2.4516E+00 
 2.2922E+00 
 2.1390E+00 
 1.9920E+00 
 1.8508E+00 
 1.7158E+00 
 1.5883E+00 
 1.4697E+00 
 1.3579E+00 
 1.2495E+00 
 5.5517E+00 
 5.5514E+00 
 5.5507E+00 
 5.5494E+00 
 5.5476E+00 
 5.5453E+00 
 5.5422E+00 
 5.5372E+00 
 5.5298E+00 
 5.5202E+00 
 5.5110E+00 
 5.5049E+00 
 5.4999E+00 
 5.4933E+00 
 5.4835E+00 
 5.4694E+00 
 5.4497E+00 
 5.4222E+00 
 5.3832E+00 
 5.3318E+00 
 5.2684E+00 
 5.1931E+00 
 5.1062E+00 
 5.0079E+00 
 4.8996E+00 
 4.7838E+00 
 4.6636E+00 
 4.5408E+00 
 4.4162E+00 
 4.2879E+00 
 4.1541E+00 
 4.0137E+00 
 3.8663E+00 
 3.7122E+00 
 3.5518E+00 
 3.3859E+00 
 3.2171E+00 
 3.0477E+00 
 2.8797E+00 
 2.7146E+00 
 2.5537E+00 
 2.3978E+00 
 2.2479E+00 
 2.1046E+00 
 1.9678E+00 
 1.8368E+00 
 1.7114E+00 
 1.5931E+00 
 1.4829E+00 
 1.3791E+00 
 1.2785E+00 
 5.4630E+00 
 5.4607E+00 
 5.4538E+00 
 5.4422E+00 
 5.4262E+00 
 5.4055E+00 
 5.3806E+00 
 5.3529E+00 
 5.3258E+00 
 5.3038E+00 
 5.2886E+00 
 5.2794E+00 
 5.2747E+00 
 5.2727E+00 
 5.2721E+00 
 5.2720E+00 
 5.2714E+00 
 5.2671E+00 
 5.2553E+00 
 5.2353E+00 
 5.2065E+00 
 5.1654E+00 
 5.1080E+00 
 5.0309E+00 
 4.9337E+00 
 4.8214E+00 
 4.6998E+00 
 4.5732E+00 
 4.4431E+00 
 4.3079E+00 
 4.1663E+00 
 4.0180E+00 
 3.8634E+00 
 3.7039E+00 
 3.5406E+00 
 3.3747E+00 
 3.2074E+00 
 3.0397E+00 
 2.8728E+00 
 2.7079E+00 
 2.5460E+00 
 2.3882E+00 
 2.2355E+00 
 2.0885E+00 
 1.9475E+00 
 1.8122E+00 
 1.6829E+00 
 1.5612E+00 
 1.4481E+00 
 1.3416E+00 
 1.2384E+00 
 5.3115E+00 
 5.3101E+00 
 5.3060E+00 
 5.2993E+00 
 5.2898E+00 
 5.2778E+00 
 5.2633E+00 
 5.2477E+00 
 5.2333E+00 
 5.2223E+00 
 5.2138E+00 
 5.2062E+00 
 5.2002E+00 
 5.1964E+00 
 5.1937E+00 
 5.1910E+00 
 5.1873E+00 
 5.1802E+00 
 5.1669E+00 
 5.1476E+00 
 5.1218E+00 
 5.0857E+00 
 5.0347E+00 
 4.9651E+00 
 4.8764E+00 
 4.7739E+00 
 4.6634E+00 
 4.5492E+00 
 4.4327E+00 
 4.3121E+00 
 4.1862E+00 
 4.0538E+00 
 3.9129E+00 
 3.7616E+00 
 3.5992E+00 
 3.4275E+00 
 3.2502E+00 
 3.0708E+00 
 2.8917E+00 
 2.7148E+00 
 2.5416E+00 
 2.3728E+00 
 2.2094E+00 
 2.0520E+00 
 1.9010E+00 
 1.7561E+00 
 1.6176E+00 
 1.4872E+00 
 1.3661E+00 
 1.2520E+00 
 1.1415E+00 
 5.1993E+00 
 5.1974E+00 
 5.1915E+00 
 5.1817E+00 
 5.1681E+00 
 5.1507E+00 
 5.1304E+00 
 5.1121E+00 
 5.0995E+00 
 5.0933E+00 
 5.0903E+00 
 5.0876E+00 
 5.0850E+00 
 5.0825E+00 
 5.0789E+00 
 5.0728E+00 
 5.0630E+00 
 5.0457E+00 
 5.0185E+00 
 4.9872E+00 
 4.9557E+00 
 4.9199E+00 
 4.8741E+00 
 4.8140E+00 
 4.7377E+00 
 4.6479E+00 
 4.5474E+00 
 4.4385E+00 
 4.3219E+00 
 4.1974E+00 
 4.0649E+00 
 3.9250E+00 
 3.7784E+00 
 3.6266E+00 
 3.4709E+00 
 3.3131E+00 
 3.1553E+00 
 2.9992E+00 
 2.8461E+00 
 2.6970E+00 
 2.5527E+00 
 2.4135E+00 
 2.2798E+00 
 2.1521E+00 
 2.0304E+00 
 1.9141E+00 
 1.8035E+00 
 1.7001E+00 
 1.6048E+00 
 1.5153E+00 
 1.4287E+00 
 5.1442E+00 
 5.1419E+00 
 5.1348E+00 
 5.1230E+00 
 5.1066E+00 
 5.0857E+00 
 5.0611E+00 
 5.0386E+00 
 5.0220E+00 
 5.0123E+00 
 5.0088E+00 
 5.0101E+00 
 5.0131E+00 
 5.0154E+00 
 5.0150E+00 
 5.0103E+00 
 4.9998E+00 
 4.9811E+00 
 4.9527E+00 
 4.9168E+00 
 4.8747E+00 
 4.8250E+00 
 4.7658E+00 
 4.6959E+00 
 4.6151E+00 
 4.5245E+00 
 4.4253E+00 
 4.3187E+00 
 4.2051E+00 
 4.0852E+00 
 3.9594E+00 
 3.8280E+00 
 3.6915E+00 
 3.5501E+00 
 3.4043E+00 
 3.2555E+00 
 3.1055E+00 
 2.9558E+00 
 2.8077E+00 
 2.6622E+00 
 2.5199E+00 
 2.3809E+00 
 2.2457E+00 
 2.1146E+00 
 1.9878E+00 
 1.8651E+00 
 1.7474E+00 
 1.6368E+00 
 1.5347E+00 
 1.4389E+00 
 1.3463E+00 
 5.0629E+00 
 5.0610E+00 
 5.0554E+00 
 5.0461E+00 
 5.0331E+00 
 5.0165E+00 
 4.9966E+00 
 4.9754E+00 
 4.9554E+00 
 4.9390E+00 
 4.9273E+00 
 4.9203E+00 
 4.9160E+00 
 4.9127E+00 
 4.9093E+00 
 4.9051E+00 
 4.8989E+00 
 4.8885E+00 
 4.8716E+00 
 4.8459E+00 
 4.8095E+00 
 4.7618E+00 
 4.7021E+00 
 4.6305E+00 
 4.5482E+00 
 4.4564E+00 
 4.3556E+00 
 4.2461E+00 
 4.1279E+00 
 4.0011E+00 
 3.8657E+00 
 3.7228E+00 
 3.5741E+00 
 3.4213E+00 
 3.2667E+00 
 3.1133E+00 
 2.9641E+00 
 2.8209E+00 
 2.6841E+00 
 2.5530E+00 
 2.4268E+00 
 2.3051E+00 
 2.1876E+00 
 2.0741E+00 
 1.9643E+00 
 1.8581E+00 
 1.7563E+00 
 1.6609E+00 
 1.5731E+00 
 1.4908E+00 
 1.4112E+00 
 4.8883E+00 
 4.8865E+00 
 4.8810E+00 
 4.8720E+00 
 4.8594E+00 
 4.8434E+00 
 4.8242E+00 
 4.8046E+00 
 4.7883E+00 
 4.7788E+00 
 4.7768E+00 
 4.7825E+00 
 4.7938E+00 
 4.8085E+00 
 4.8249E+00 
 4.8416E+00 
 4.8560E+00 
 4.8638E+00 
 4.8602E+00 
 4.8394E+00 
 4.7988E+00 
 4.7408E+00 
 4.6683E+00 
 4.5843E+00 
 4.4925E+00 
 4.3951E+00 
 4.2932E+00 
 4.1866E+00 
 4.0746E+00 
 3.9562E+00 
 3.8307E+00 
 3.6982E+00 
 3.5588E+00 
 3.4132E+00 
 3.2631E+00 
 3.1110E+00 
 2.9599E+00 
 2.8119E+00 
 2.6678E+00 
 2.5276E+00 
 2.3914E+00 
 2.2591E+00 
 2.1309E+00 
 2.0068E+00 
 1.8869E+00 
 1.7710E+00 
 1.6602E+00 
 1.5565E+00 
 1.4610E+00 
 1.3714E+00 
 1.2849E+00 
 4.7999E+00 
 4.7980E+00 
 4.7923E+00 
 4.7828E+00 
 4.7697E+00 
 4.7529E+00 
 4.7336E+00 
 4.7149E+00 
 4.6983E+00 
 4.6849E+00 
 4.6764E+00 
 4.6736E+00 
 4.6754E+00 
 4.6803E+00 
 4.6871E+00 
 4.6947E+00 
 4.7014E+00 
 4.7045E+00 
 4.7010E+00 
 4.6884E+00 
 4.6641E+00 
 4.6261E+00 
 4.5724E+00 
 4.5018E+00 
 4.4159E+00 
 4.3201E+00 
 4.2203E+00 
 4.1182E+00 
 4.0123E+00 
 3.9003E+00 
 3.7807E+00 
 3.6536E+00 
 3.5199E+00 
 3.3812E+00 
 3.2393E+00 
 3.0960E+00 
 2.9534E+00 
 2.8128E+00 
 2.6750E+00 
 2.5400E+00 
 2.4080E+00 
 2.2791E+00 
 2.1537E+00 
 2.0320E+00 
 1.9140E+00 
 1.7998E+00 
 1.6906E+00 
 1.5886E+00 
 1.4950E+00 
 1.4075E+00 
 1.3232E+00 
 4.7823E+00 
 4.7805E+00 
 4.7751E+00 
 4.7661E+00 
 4.7536E+00 
 4.7376E+00 
 4.7188E+00 
 4.7001E+00 
 4.6841E+00 
 4.6720E+00 
 4.6635E+00 
 4.6581E+00 
 4.6554E+00 
 4.6544E+00 
 4.6539E+00 
 4.6532E+00 
 4.6507E+00 
 4.6441E+00 
 4.6309E+00 
 4.6091E+00 
 4.5768E+00 
 4.5327E+00 
 4.4756E+00 
 4.4047E+00 
 4.3214E+00 
 4.2299E+00 
 4.1344E+00 
 4.0362E+00 
 3.9341E+00 
 3.8264E+00 
 3.7119E+00 
 3.5906E+00 
 3.4630E+00 
 3.3305E+00 
 3.1941E+00 
 3.0556E+00 
 2.9165E+00 
 2.7779E+00 
 2.6410E+00 
 2.5061E+00 
 2.3736E+00 
 2.2440E+00 
 2.1175E+00 
 1.9946E+00 
 1.8754E+00 
 1.7600E+00 
 1.6496E+00 
 1.5463E+00 
 1.4516E+00 
 1.3632E+00 
 1.2779E+00 
 4.6090E+00 
 4.6080E+00 
 4.6053E+00 
 4.6007E+00 
 4.5943E+00 
 4.5862E+00 
 4.5767E+00 
 4.5667E+00 
 4.5570E+00 
 4.5485E+00 
 4.5418E+00 
 4.5374E+00 
 4.5351E+00 
 4.5341E+00 
 4.5341E+00 
 4.5346E+00 
 4.5349E+00 
 4.5335E+00 
 4.5290E+00 
 4.5192E+00 
 4.5007E+00 
 4.4709E+00 
 4.4271E+00 
 4.3677E+00 
 4.2938E+00 
 4.2091E+00 
 4.1174E+00 
 4.0195E+00 
 3.9150E+00 
 3.8030E+00 
 3.6832E+00 
 3.5565E+00 
 3.4243E+00 
 3.2885E+00 
 3.1507E+00 
 3.0128E+00 
 2.8764E+00 
 2.7426E+00 
 2.6119E+00 
 2.4842E+00 
 2.3594E+00 
 2.2375E+00 
 2.1186E+00 
 2.0028E+00 
 1.8902E+00 
 1.7810E+00 
 1.6765E+00 
 1.5790E+00 
 1.4896E+00 
 1.4061E+00 
 1.3256E+00 
 4.5370E+00 
 4.5375E+00 
 4.5393E+00 
 4.5421E+00 
 4.5461E+00 
 4.5512E+00 
 4.5574E+00 
 4.5645E+00 
 4.5722E+00 
 4.5801E+00 
 4.5875E+00 
 4.5940E+00 
 4.5987E+00 
 4.6009E+00 
 4.5996E+00 
 4.5940E+00 
 4.5834E+00 
 4.5670E+00 
 4.5438E+00 
 4.5132E+00 
 4.4745E+00 
 4.4270E+00 
 4.3705E+00 
 4.3047E+00 
 4.2299E+00 
 4.1468E+00 
 4.0560E+00 
 3.9581E+00 
 3.8533E+00 
 3.7420E+00 
 3.6246E+00 
 3.5018E+00 
 3.3746E+00 
 3.2440E+00 
 3.1110E+00 
 2.9769E+00 
 2.8427E+00 
 2.7095E+00 
 2.5778E+00 
 2.4485E+00 
 2.3219E+00 
 2.1985E+00 
 2.0788E+00 
 1.9633E+00 
 1.8519E+00 
 1.7446E+00 
 1.6424E+00 
 1.5473E+00 
 1.4601E+00 
 1.3785E+00 
 1.2998E+00 
 4.4302E+00 
 4.4295E+00 
 4.4277E+00 
 4.4246E+00 
 4.4203E+00 
 4.4148E+00 
 4.4089E+00 
 4.4038E+00 
 4.4004E+00 
 4.3994E+00 
 4.4016E+00 
 4.4079E+00 
 4.4181E+00 
 4.4317E+00 
 4.4481E+00 
 4.4666E+00 
 4.4860E+00 
 4.5035E+00 
 4.5165E+00 
 4.5202E+00 
 4.5106E+00 
 4.4851E+00 
 4.4418E+00 
 4.3798E+00 
 4.3012E+00 
 4.2106E+00 
 4.1121E+00 
 4.0073E+00 
 3.8959E+00 
 3.7776E+00 
 3.6521E+00 
 3.5204E+00 
 3.3838E+00 
 3.2441E+00 
 3.1031E+00 
 2.9628E+00 
 2.8253E+00 
 2.6917E+00 
 2.5626E+00 
 2.4380E+00 
 2.3179E+00 
 2.2022E+00 
 2.0910E+00 
 1.9845E+00 
 1.8824E+00 
 1.7843E+00 
 1.6911E+00 
 1.6044E+00 
 1.5248E+00 
 1.4504E+00 
 1.3786E+00 
 4.4896E+00 
 4.4881E+00 
 4.4836E+00 
 4.4762E+00 
 4.4659E+00 
 4.4526E+00 
 4.4383E+00 
 4.4262E+00 
 4.4176E+00 
 4.4128E+00 
 4.4123E+00 
 4.4164E+00 
 4.4255E+00 
 4.4388E+00 
 4.4546E+00 
 4.4718E+00 
 4.4886E+00 
 4.5031E+00 
 4.5132E+00 
 4.5139E+00 
 4.5006E+00 
 4.4712E+00 
 4.4239E+00 
 4.3575E+00 
 4.2734E+00 
 4.1772E+00 
 4.0742E+00 
 3.9664E+00 
 3.8534E+00 
 3.7345E+00 
 3.6096E+00 
 3.4790E+00 
 3.3435E+00 
 3.2045E+00 
 3.0637E+00 
 2.9236E+00 
 2.7865E+00 
 2.6540E+00 
 2.5267E+00 
 2.4046E+00 
 2.2875E+00 
 2.1754E+00 
 2.0681E+00 
 1.9657E+00 
 1.8678E+00 
 1.7741E+00 
 1.6850E+00 
 1.6022E+00 
 1.5262E+00 
 1.4552E+00 
 1.3866E+00 
 4.4557E+00 
 4.4546E+00 
 4.4509E+00 
 4.4450E+00 
 4.4367E+00 
 4.4260E+00 
 4.4135E+00 
 4.4006E+00 
 4.3892E+00 
 4.3808E+00 
 4.3766E+00 
 4.3773E+00 
 4.3828E+00 
 4.3918E+00 
 4.4025E+00 
 4.4133E+00 
 4.4227E+00 
 4.4293E+00 
 4.4318E+00 
 4.4282E+00 
 4.4157E+00 
 4.3921E+00 
 4.3551E+00 
 4.3035E+00 
 4.2380E+00 
 4.1603E+00 
 4.0720E+00 
 3.9741E+00 
 3.8671E+00 
 3.7514E+00 
 3.6276E+00 
 3.4972E+00 
 3.3619E+00 
 3.2238E+00 
 3.0849E+00 
 2.9472E+00 
 2.8127E+00 
 2.6823E+00 
 2.5566E+00 
 2.4354E+00 
 2.3188E+00 
 2.2067E+00 
 2.0992E+00 
 1.9964E+00 
 1.8979E+00 
 1.8035E+00 
 1.7138E+00 
 1.6305E+00 
 1.5540E+00 
 1.4825E+00 
 1.4135E+00 
 4.4199E+00 
 4.4202E+00 
 4.4213E+00 
 4.4232E+00 
 4.4258E+00 
 4.4290E+00 
 4.4330E+00 
 4.4378E+00 
 4.4431E+00 
 4.4488E+00 
 4.4545E+00 
 4.4597E+00 
 4.4638E+00 
 4.4657E+00 
 4.4645E+00 
 4.4593E+00 
 4.4492E+00 
 4.4336E+00 
 4.4118E+00 
 4.3834E+00 
 4.3476E+00 
 4.3043E+00 
 4.2529E+00 
 4.1936E+00 
 4.1266E+00 
 4.0521E+00 
 3.9701E+00 
 3.8810E+00 
 3.7848E+00 
 3.6819E+00 
 3.5728E+00 
 3.4579E+00 
 3.3379E+00 
 3.2138E+00 
 3.0867E+00 
 2.9580E+00 
 2.8291E+00 
 2.7009E+00 
 2.5741E+00 
 2.4491E+00 
 2.3262E+00 
 2.2057E+00 
 2.0881E+00 
 1.9736E+00 
 1.8624E+00 
 1.7543E+00 
 1.6505E+00 
 1.5530E+00 
 1.4628E+00 
 1.3779E+00 
 1.2956E+00 
 4.3489E+00 
 4.3486E+00 
 4.3477E+00 
 4.3463E+00 
 4.3443E+00 
 4.3418E+00 
 4.3386E+00 
 4.3355E+00 
 4.3342E+00 
 4.3361E+00 
 4.3420E+00 
 4.3520E+00 
 4.3654E+00 
 4.3805E+00 
 4.3956E+00 
 4.4091E+00 
 4.4197E+00 
 4.4256E+00 
 4.4256E+00 
 4.4177E+00 
 4.3993E+00 
 4.3683E+00 
 4.3225E+00 
 4.2624E+00 
 4.1908E+00 
 4.1099E+00 
 4.0215E+00 
 3.9260E+00 
 3.8239E+00 
 3.7155E+00 
 3.6010E+00 
 3.4809E+00 
 3.3557E+00 
 3.2262E+00 
 3.0939E+00 
 2.9606E+00 
 2.8281E+00 
 2.6973E+00 
 2.5683E+00 
 2.4408E+00 
 2.3145E+00 
 2.1893E+00 
 2.0652E+00 
 1.9425E+00 
 1.8211E+00 
 1.7014E+00 
 1.5849E+00 
 1.4742E+00 
 1.3708E+00 
 1.2727E+00 
 1.1773E+00 
 4.3887E+00 
 4.3885E+00 
 4.3882E+00 
 4.3876E+00 
 4.3867E+00 
 4.3856E+00 
 4.3835E+00 
 4.3792E+00 
 4.3756E+00 
 4.3746E+00 
 4.3768E+00 
 4.3824E+00 
 4.3908E+00 
 4.4005E+00 
 4.4100E+00 
 4.4179E+00 
 4.4228E+00 
 4.4229E+00 
 4.4168E+00 
 4.4026E+00 
 4.3783E+00 
 4.3419E+00 
 4.2918E+00 
 4.2281E+00 
 4.1528E+00 
 4.0685E+00 
 3.9768E+00 
 3.8787E+00 
 3.7746E+00 
 3.6649E+00 
 3.5500E+00 
 3.4304E+00 
 3.3067E+00 
 3.1796E+00 
 3.0505E+00 
 2.9206E+00 
 2.7910E+00 
 2.6623E+00 
 2.5347E+00 
 2.4084E+00 
 2.2832E+00 
 2.1591E+00 
 2.0364E+00 
 1.9152E+00 
 1.7956E+00 
 1.6780E+00 
 1.5637E+00 
 1.4554E+00 
 1.3544E+00 
 1.2587E+00 
 1.1657E+00 
 4.2843E+00 
 4.2850E+00 
 4.2870E+00 
 4.2905E+00 
 4.2953E+00 
 4.3014E+00 
 4.3088E+00 
 4.3176E+00 
 4.3276E+00 
 4.3388E+00 
 4.3508E+00 
 4.3634E+00 
 4.3762E+00 
 4.3887E+00 
 4.4002E+00 
 4.4103E+00 
 4.4170E+00 
 4.4183E+00 
 4.4123E+00 
 4.3972E+00 
 4.3711E+00 
 4.3325E+00 
 4.2802E+00 
 4.2144E+00 
 4.1368E+00 
 4.0492E+00 
 3.9531E+00 
 3.8497E+00 
 3.7400E+00 
 3.6251E+00 
 3.5060E+00 
 3.3836E+00 
 3.2588E+00 
 3.1325E+00 
 3.0059E+00 
 2.8799E+00 
 2.7552E+00 
 2.6326E+00 
 2.5125E+00 
 2.3954E+00 
 2.2817E+00 
 2.1716E+00 
 2.0656E+00 
 1.9638E+00 
 1.8663E+00 
 1.7726E+00 
 1.6838E+00 
 1.6012E+00 
 1.5255E+00 
 1.4547E+00 
 1.3863E+00 
 4.3533E+00 
 4.3535E+00 
 4.3540E+00 
 4.3548E+00 
 4.3559E+00 
 4.3573E+00 
 4.3590E+00 
 4.3609E+00 
 4.3630E+00 
 4.3646E+00 
 4.3652E+00 
 4.3641E+00 
 4.3626E+00 
 4.3630E+00 
 4.3672E+00 
 4.3765E+00 
 4.3881E+00 
 4.3979E+00 
 4.4024E+00 
 4.3977E+00 
 4.3794E+00 
 4.3437E+00 
 4.2876E+00 
 4.2130E+00 
 4.1262E+00 
 4.0334E+00 
 3.9385E+00 
 3.8411E+00 
 3.7397E+00 
 3.6331E+00 
 3.5205E+00 
 3.4019E+00 
 3.2777E+00 
 3.1494E+00 
 3.0193E+00 
 2.8893E+00 
 2.7609E+00 
 2.6350E+00 
 2.5123E+00 
 2.3930E+00 
 2.2772E+00 
 2.1652E+00 
 2.0574E+00 
 1.9539E+00 
 1.8546E+00 
 1.7593E+00 
 1.6689E+00 
 1.5848E+00 
 1.5077E+00 
 1.4356E+00 
 1.3660E+00 
 4.3821E+00 
 4.3814E+00 
 4.3791E+00 
 4.3754E+00 
 4.3701E+00 
 4.3635E+00 
 4.3558E+00 
 4.3481E+00 
 4.3403E+00 
 4.3309E+00 
 4.3184E+00 
 4.3017E+00 
 4.2824E+00 
 4.2651E+00 
 4.2547E+00 
 4.2540E+00 
 4.2599E+00 
 4.2678E+00 
 4.2739E+00 
 4.2747E+00 
 4.2675E+00 
 4.2498E+00 
 4.2196E+00 
 4.1766E+00 
 4.1222E+00 
 4.0577E+00 
 3.9838E+00 
 3.9008E+00 
 3.8093E+00 
 3.7094E+00 
 3.6017E+00 
 3.4867E+00 
 3.3649E+00 
 3.2377E+00 
 3.1075E+00 
 2.9766E+00 
 2.8467E+00 
 2.7189E+00 
 2.5939E+00 
 2.4721E+00 
 2.3538E+00 
 2.2394E+00 
 2.1292E+00 
 2.0235E+00 
 1.9221E+00 
 1.8249E+00 
 1.7325E+00 
 1.6466E+00 
 1.5679E+00 
 1.4943E+00 
 1.4233E+00 
 4.4132E+00 
 4.4138E+00 
 4.4156E+00 
 4.4187E+00 
 4.4229E+00 
 4.4282E+00 
 4.4346E+00 
 4.4415E+00 
 4.4483E+00 
 4.4532E+00 
 4.4543E+00 
 4.4496E+00 
 4.4382E+00 
 4.4224E+00 
 4.4049E+00 
 4.3873E+00 
 4.3690E+00 
 4.3484E+00 
 4.3246E+00 
 4.2962E+00 
 4.2622E+00 
 4.2215E+00 
 4.1733E+00 
 4.1176E+00 
 4.0546E+00 
 3.9848E+00 
 3.9085E+00 
 3.8258E+00 
 3.7369E+00 
 3.6419E+00 
 3.5410E+00 
 3.4347E+00 
 3.3233E+00 
 3.2076E+00 
 3.0885E+00 
 2.9671E+00 
 2.8443E+00 
 2.7208E+00 
 2.5969E+00 
 2.4728E+00 
 2.3486E+00 
 2.2247E+00 
 2.1014E+00 
 1.9792E+00 
 1.8581E+00 
 1.7380E+00 
 1.6206E+00 
 1.5085E+00 
 1.4034E+00 
 1.3032E+00 
 1.2056E+00 
 4.4253E+00 
 4.4237E+00 
 4.4189E+00 
 4.4108E+00 
 4.3997E+00 
 4.3854E+00 
 4.3683E+00 
 4.3488E+00 
 4.3274E+00 
 4.3052E+00 
 4.2835E+00 
 4.2635E+00 
 4.2465E+00 
 4.2340E+00 
 4.2272E+00 
 4.2266E+00 
 4.2299E+00 
 4.2339E+00 
 4.2358E+00 
 4.2333E+00 
 4.2247E+00 
 4.2083E+00 
 4.1828E+00 
 4.1474E+00 
 4.1022E+00 
 4.0469E+00 
 3.9820E+00 
 3.9078E+00 
 3.8249E+00 
 3.7340E+00 
 3.6357E+00 
 3.5308E+00 
 3.4201E+00 
 3.3045E+00 
 3.1851E+00 
 3.0627E+00 
 2.9381E+00 
 2.8120E+00 
 2.6850E+00 
 2.5575E+00 
 2.4299E+00 
 2.3027E+00 
 2.1764E+00 
 2.0516E+00 
 1.9283E+00 
 1.8066E+00 
 1.6881E+00 
 1.5753E+00 
 1.4698E+00 
 1.3695E+00 
 1.2719E+00 
 4.3475E+00 
 4.3478E+00 
 4.3487E+00 
 4.3502E+00 
 4.3523E+00 
 4.3550E+00 
 4.3584E+00 
 4.3630E+00 
 4.3690E+00 
 4.3768E+00 
 4.3866E+00 
 4.3985E+00 
 4.4117E+00 
 4.4247E+00 
 4.4362E+00 
 4.4449E+00 
 4.4489E+00 
 4.4472E+00 
 4.4387E+00 
 4.4220E+00 
 4.3950E+00 
 4.3562E+00 
 4.3044E+00 
 4.2403E+00 
 4.1666E+00 
 4.0859E+00 
 4.0001E+00 
 3.9091E+00 
 3.8126E+00 
 3.7101E+00 
 3.6016E+00 
 3.4876E+00 
 3.3686E+00 
 3.2457E+00 
 3.1200E+00 
 2.9926E+00 
 2.8647E+00 
 2.7366E+00 
 2.6086E+00 
 2.4803E+00 
 2.3519E+00 
 2.2234E+00 
 2.0951E+00 
 1.9673E+00 
 1.8401E+00 
 1.7134E+00 
 1.5889E+00 
 1.4697E+00 
 1.3573E+00 
 1.2499E+00 
 1.1451E+00 
 4.3950E+00 
 4.3939E+00 
 4.3907E+00 
 4.3853E+00 
 4.3778E+00 
 4.3682E+00 
 4.3561E+00 
 4.3409E+00 
 4.3213E+00 
 4.2990E+00 
 4.2797E+00 
 4.2676E+00 
 4.2641E+00 
 4.2698E+00 
 4.2849E+00 
 4.3090E+00 
 4.3388E+00 
 4.3708E+00 
 4.4016E+00 
 4.4255E+00 
 4.4360E+00 
 4.4272E+00 
 4.3941E+00 
 4.3382E+00 
 4.2662E+00 
 4.1837E+00 
 4.0939E+00 
 3.9970E+00 
 3.8921E+00 
 3.7788E+00 
 3.6569E+00 
 3.5278E+00 
 3.3930E+00 
 3.2549E+00 
 3.1161E+00 
 2.9791E+00 
 2.8459E+00 
 2.7175E+00 
 2.5937E+00 
 2.4742E+00 
 2.3587E+00 
 2.2471E+00 
 2.1394E+00 
 2.0356E+00 
 1.9356E+00 
 1.8395E+00 
 1.7481E+00 
 1.6631E+00 
 1.5852E+00 
 1.5123E+00 
 1.4419E+00 
 4.3713E+00 
 4.3713E+00 
 4.3713E+00 
 4.3714E+00 
 4.3715E+00 
 4.3716E+00 
 4.3715E+00 
 4.3710E+00 
 4.3696E+00 
 4.3685E+00 
 4.3701E+00 
 4.3761E+00 
 4.3858E+00 
 4.3977E+00 
 4.4106E+00 
 4.4230E+00 
 4.4332E+00 
 4.4396E+00 
 4.4408E+00 
 4.4344E+00 
 4.4177E+00 
 4.3883E+00 
 4.3442E+00 
 4.2865E+00 
 4.2187E+00 
 4.1439E+00 
 4.0643E+00 
 3.9794E+00 
 3.8884E+00 
 3.7906E+00 
 3.6858E+00 
 3.5743E+00 
 3.4571E+00 
 3.3353E+00 
 3.2102E+00 
 3.0835E+00 
 2.9564E+00 
 2.8292E+00 
 2.7017E+00 
 2.5734E+00 
 2.4438E+00 
 2.3124E+00 
 2.1794E+00 
 2.0449E+00 
 1.9095E+00 
 1.7739E+00 
 1.6406E+00 
 1.5128E+00 
 1.3926E+00 
 1.2780E+00 
 1.1662E+00 
 4.4784E+00 
 4.4771E+00 
 4.4733E+00 
 4.4671E+00 
 4.4583E+00 
 4.4473E+00 
 4.4346E+00 
 4.4215E+00 
 4.4088E+00 
 4.3976E+00 
 4.3895E+00 
 4.3859E+00 
 4.3866E+00 
 4.3910E+00 
 4.3986E+00 
 4.4084E+00 
 4.4183E+00 
 4.4259E+00 
 4.4289E+00 
 4.4248E+00 
 4.4107E+00 
 4.3844E+00 
 4.3440E+00 
 4.2907E+00 
 4.2274E+00 
 4.1566E+00 
 4.0795E+00 
 3.9960E+00 
 3.9058E+00 
 3.8089E+00 
 3.7052E+00 
 3.5953E+00 
 3.4799E+00 
 3.3598E+00 
 3.2362E+00 
 3.1101E+00 
 2.9821E+00 
 2.8524E+00 
 2.7210E+00 
 2.5875E+00 
 2.4517E+00 
 2.3135E+00 
 2.1733E+00 
 2.0315E+00 
 1.8887E+00 
 1.7458E+00 
 1.6054E+00 
 1.4711E+00 
 1.3449E+00 
 1.2245E+00 
 1.1071E+00 


!te from confinement nodes [keV]
POINTS 51 GRIDTYPE 14 NAMEXP TE NTIMES 32 
 3.0030E-01 
  3.2530E-01 
  3.5030E-01 
  3.7530E-01 
  4.0030E-01 
  4.2530E-01 
  4.5030E-01 
  4.7530E-01 
  5.0030E-01 
  5.2530E-01 
  5.5030E-01 
  5.7530E-01 
  6.0030E-01 
  6.2530E-01 
  6.5030E-01 
  6.7530E-01 
  7.0030E-01 
  7.2530E-01 
  7.5030E-01 
  7.7530E-01 
  8.0030E-01 
  8.2530E-01 
  8.5030E-01 
  8.7530E-01 
  9.0030E-01 
  9.2530E-01 
  9.5030E-01 
  9.7530E-01 
  1.0003E+00 
  1.0253E+00 
  1.0503E+00 
  1.0753E+00 
  0.0000E+00 
  2.0000E-02 
  4.0000E-02 
  6.0000E-02 
  8.0000E-02 
  1.0000E-01 
  1.2000E-01 
  1.4000E-01 
  1.6000E-01 
  1.8000E-01 
  2.0000E-01 
  2.2000E-01 
  2.4000E-01 
  2.6000E-01 
  2.8000E-01 
  3.0000E-01 
  3.2000E-01 
  3.4000E-01 
  3.6000E-01 
  3.8000E-01 
  4.0000E-01 
  4.2000E-01 
  4.4000E-01 
  4.6000E-01 
  4.8000E-01 
  5.0000E-01 
  5.2000E-01 
  5.4000E-01 
  5.6000E-01 
  5.8000E-01 
  6.0000E-01 
  6.2000E-01 
  6.4000E-01 
  6.6000E-01 
  6.8000E-01 
  7.0000E-01 
  7.2000E-01 
  7.4000E-01 
  7.6000E-01 
  7.8000E-01 
  8.0000E-01 
  8.2000E-01 
  8.4000E-01 
  8.6000E-01 
  8.8000E-01 
  9.0000E-01 
  9.2000E-01 
  9.4000E-01 
  9.6000E-01 
  9.8000E-01 
  1.0000E+00 
  8.2323E-01 
 8.2290E-01 
 8.2188E-01 
 8.2021E-01 
 8.1788E-01 
 8.1490E-01 
 8.1128E-01 
 8.0712E-01 
 8.0284E-01 
 7.9910E-01 
 7.9658E-01 
 7.9566E-01 
 7.9626E-01 
 7.9819E-01 
 8.0062E-01 
 8.0228E-01 
 8.0200E-01 
 7.9878E-01 
 7.9210E-01 
 7.8178E-01 
 7.6786E-01 
 7.5067E-01 
 7.3094E-01 
 7.0935E-01 
 6.8659E-01 
 6.6284E-01 
 6.3784E-01 
 6.1119E-01 
 5.8268E-01 
 5.5264E-01 
 5.2156E-01 
 4.8993E-01 
 4.5823E-01 
 4.2688E-01 
 3.9626E-01 
 3.6666E-01 
 3.3819E-01 
 3.1084E-01 
 2.8451E-01 
 2.5918E-01 
 2.3485E-01 
 2.1154E-01 
 1.8927E-01 
 1.6804E-01 
 1.4779E-01 
 1.2840E-01 
 1.0982E-01 
 9.2190E-02 
 7.5625E-02 
 5.9902E-02 
 4.4600E-02 
 7.7927E-01 
 7.7927E-01 
 7.7929E-01 
 7.7931E-01 
 7.7935E-01 
 7.7940E-01 
 7.7946E-01 
 7.7956E-01 
 7.7983E-01 
 7.8045E-01 
 7.8172E-01 
 7.8373E-01 
 7.8625E-01 
 7.8900E-01 
 7.9151E-01 
 7.9325E-01 
 7.9374E-01 
 7.9254E-01 
 7.8927E-01 
 7.8357E-01 
 7.7510E-01 
 7.6364E-01 
 7.4901E-01 
 7.3110E-01 
 7.0992E-01 
 6.8589E-01 
 6.5957E-01 
 6.3145E-01 
 6.0197E-01 
 5.7159E-01 
 5.4070E-01 
 5.0965E-01 
 4.7874E-01 
 4.4822E-01 
 4.1828E-01 
 3.8910E-01 
 3.6075E-01 
 3.3326E-01 
 3.0661E-01 
 2.8083E-01 
 2.5591E-01 
 2.3186E-01 
 2.0868E-01 
 1.8640E-01 
 1.6500E-01 
 1.4443E-01 
 1.2471E-01 
 1.0601E-01 
 8.8477E-02 
 7.1871E-02 
 5.5727E-02 
 8.2451E-01 
 8.2436E-01 
 8.2389E-01 
 8.2311E-01 
 8.2203E-01 
 8.2064E-01 
 8.1896E-01 
 8.1698E-01 
 8.1473E-01 
 8.1253E-01 
 8.1119E-01 
 8.1112E-01 
 8.1191E-01 
 8.1303E-01 
 8.1363E-01 
 8.1270E-01 
 8.0933E-01 
 8.0273E-01 
 7.9230E-01 
 7.7767E-01 
 7.5869E-01 
 7.3583E-01 
 7.1019E-01 
 6.8276E-01 
 6.5466E-01 
 6.2657E-01 
 5.9850E-01 
 5.7021E-01 
 5.4164E-01 
 5.1300E-01 
 4.8454E-01 
 4.5651E-01 
 4.2911E-01 
 4.0245E-01 
 3.7660E-01 
 3.5161E-01 
 3.2752E-01 
 3.0437E-01 
 2.8216E-01 
 2.6094E-01 
 2.4072E-01 
 2.2156E-01 
 2.0348E-01 
 1.8650E-01 
 1.7060E-01 
 1.5575E-01 
 1.4192E-01 
 1.2918E-01 
 1.1758E-01 
 1.0684E-01 
 9.6535E-02 
 8.3226E-01 
 8.3211E-01 
 8.3166E-01 
 8.3092E-01 
 8.2989E-01 
 8.2858E-01 
 8.2698E-01 
 8.2521E-01 
 8.2360E-01 
 8.2257E-01 
 8.2261E-01 
 8.2388E-01 
 8.2572E-01 
 8.2722E-01 
 8.2702E-01 
 8.2363E-01 
 8.1567E-01 
 8.0213E-01 
 7.8265E-01 
 7.5730E-01 
 7.2664E-01 
 6.9240E-01 
 6.5715E-01 
 6.2315E-01 
 5.9264E-01 
 5.6586E-01 
 5.4169E-01 
 5.1881E-01 
 4.9639E-01 
 4.7423E-01 
 4.5224E-01 
 4.3037E-01 
 4.0862E-01 
 3.8708E-01 
 3.6585E-01 
 3.4499E-01 
 3.2456E-01 
 3.0462E-01 
 2.8521E-01 
 2.6637E-01 
 2.4816E-01 
 2.3061E-01 
 2.1378E-01 
 1.9770E-01 
 1.8240E-01 
 1.6784E-01 
 1.5407E-01 
 1.4119E-01 
 1.2932E-01 
 1.1820E-01 
 1.0746E-01 
 8.6593E-01 
 8.6599E-01 
 8.6618E-01 
 8.6649E-01 
 8.6692E-01 
 8.6748E-01 
 8.6815E-01 
 8.6893E-01 
 8.6980E-01 
 8.7073E-01 
 8.7177E-01 
 8.7273E-01 
 8.7285E-01 
 8.7123E-01 
 8.6673E-01 
 8.5813E-01 
 8.4438E-01 
 8.2446E-01 
 7.9781E-01 
 7.6525E-01 
 7.2874E-01 
 6.9065E-01 
 6.5365E-01 
 6.2006E-01 
 5.9180E-01 
 5.6802E-01 
 5.4650E-01 
 5.2511E-01 
 5.0263E-01 
 4.7921E-01 
 4.5519E-01 
 4.3084E-01 
 4.0646E-01 
 3.8236E-01 
 3.5883E-01 
 3.3605E-01 
 3.1410E-01 
 2.9300E-01 
 2.7277E-01 
 2.5341E-01 
 2.3494E-01 
 2.1736E-01 
 2.0070E-01 
 1.8494E-01 
 1.7008E-01 
 1.5607E-01 
 1.4291E-01 
 1.3070E-01 
 1.1950E-01 
 1.0907E-01 
 9.9029E-02 
 8.4975E-01 
 8.4992E-01 
 8.5045E-01 
 8.5132E-01 
 8.5253E-01 
 8.5408E-01 
 8.5591E-01 
 8.5769E-01 
 8.5938E-01 
 8.6108E-01 
 8.6308E-01 
 8.6562E-01 
 8.6830E-01 
 8.7032E-01 
 8.7030E-01 
 8.6674E-01 
 8.5835E-01 
 8.4366E-01 
 8.2150E-01 
 7.9272E-01 
 7.5950E-01 
 7.2434E-01 
 6.8985E-01 
 6.5831E-01 
 6.3153E-01 
 6.0831E-01 
 5.8609E-01 
 5.6258E-01 
 5.3669E-01 
 5.0905E-01 
 4.8033E-01 
 4.5111E-01 
 4.2196E-01 
 3.9342E-01 
 3.6595E-01 
 3.3980E-01 
 3.1492E-01 
 2.9119E-01 
 2.6848E-01 
 2.4672E-01 
 2.2587E-01 
 2.0589E-01 
 1.8675E-01 
 1.6845E-01 
 1.5094E-01 
 1.3415E-01 
 1.1810E-01 
 1.0297E-01 
 8.8879E-02 
 7.5597E-02 
 6.2718E-02 
 8.9396E-01 
 8.9389E-01 
 8.9368E-01 
 8.9334E-01 
 8.9286E-01 
 8.9225E-01 
 8.9147E-01 
 8.9039E-01 
 8.8898E-01 
 8.8739E-01 
 8.8592E-01 
 8.8474E-01 
 8.8322E-01 
 8.8049E-01 
 8.7548E-01 
 8.6710E-01 
 8.5443E-01 
 8.3677E-01 
 8.1412E-01 
 7.8733E-01 
 7.5774E-01 
 7.2696E-01 
 6.9670E-01 
 6.6845E-01 
 6.4319E-01 
 6.1967E-01 
 5.9585E-01 
 5.7009E-01 
 5.4174E-01 
 5.1157E-01 
 4.8036E-01 
 4.4876E-01 
 4.1740E-01 
 3.8687E-01 
 3.5764E-01 
 3.2999E-01 
 3.0382E-01 
 2.7900E-01 
 2.5539E-01 
 2.3291E-01 
 2.1147E-01 
 1.9099E-01 
 1.7144E-01 
 1.5278E-01 
 1.3494E-01 
 1.1783E-01 
 1.0147E-01 
 8.6030E-02 
 7.1661E-02 
 5.8115E-02 
 4.4980E-02 
 8.5209E-01 
 8.5199E-01 
 8.5168E-01 
 8.5117E-01 
 8.5046E-01 
 8.4955E-01 
 8.4843E-01 
 8.4709E-01 
 8.4593E-01 
 8.4565E-01 
 8.4644E-01 
 8.4798E-01 
 8.4950E-01 
 8.4993E-01 
 8.4788E-01 
 8.4192E-01 
 8.3084E-01 
 8.1377E-01 
 7.9064E-01 
 7.6217E-01 
 7.2975E-01 
 6.9558E-01 
 6.6203E-01 
 6.3110E-01 
 6.0406E-01 
 5.7963E-01 
 5.5604E-01 
 5.3190E-01 
 5.0663E-01 
 4.8045E-01 
 4.5354E-01 
 4.2616E-01 
 3.9876E-01 
 3.7188E-01 
 3.4596E-01 
 3.2114E-01 
 2.9730E-01 
 2.7429E-01 
 2.5200E-01 
 2.3041E-01 
 2.0953E-01 
 1.8937E-01 
 1.6996E-01 
 1.5133E-01 
 1.3345E-01 
 1.1629E-01 
 9.9894E-02 
 8.4460E-02 
 7.0125E-02 
 5.6619E-02 
 4.3527E-02 
 8.3297E-01 
 8.3290E-01 
 8.3268E-01 
 8.3232E-01 
 8.3181E-01 
 8.3116E-01 
 8.3037E-01 
 8.2948E-01 
 8.2891E-01 
 8.2931E-01 
 8.3097E-01 
 8.3370E-01 
 8.3663E-01 
 8.3861E-01 
 8.3808E-01 
 8.3348E-01 
 8.2347E-01 
 8.0716E-01 
 7.8461E-01 
 7.5674E-01 
 7.2511E-01 
 6.9190E-01 
 6.5939E-01 
 6.2954E-01 
 6.0354E-01 
 5.7994E-01 
 5.5677E-01 
 5.3252E-01 
 5.0668E-01 
 4.7970E-01 
 4.5191E-01 
 4.2371E-01 
 3.9562E-01 
 3.6820E-01 
 3.4190E-01 
 3.1690E-01 
 2.9304E-01 
 2.7018E-01 
 2.4819E-01 
 2.2701E-01 
 2.0659E-01 
 1.8694E-01 
 1.6805E-01 
 1.4992E-01 
 1.3253E-01 
 1.1583E-01 
 9.9877E-02 
 8.4861E-02 
 7.0915E-02 
 5.7775E-02 
 4.5037E-02 
 8.1512E-01 
 8.1484E-01 
 8.1399E-01 
 8.1259E-01 
 8.1064E-01 
 8.0814E-01 
 8.0511E-01 
 8.0170E-01 
 7.9853E-01 
 7.9642E-01 
 7.9643E-01 
 7.9928E-01 
 8.0470E-01 
 8.1169E-01 
 8.1839E-01 
 8.2296E-01 
 8.2377E-01 
 8.1975E-01 
 8.1057E-01 
 7.9669E-01 
 7.7881E-01 
 7.5757E-01 
 7.3360E-01 
 7.0744E-01 
 6.7939E-01 
 6.4939E-01 
 6.1727E-01 
 5.8313E-01 
 5.4752E-01 
 5.1131E-01 
 4.7521E-01 
 4.3988E-01 
 4.0598E-01 
 3.7407E-01 
 3.4455E-01 
 3.1740E-01 
 2.9226E-01 
 2.6883E-01 
 2.4685E-01 
 2.2613E-01 
 2.0654E-01 
 1.8799E-01 
 1.7041E-01 
 1.5375E-01 
 1.3793E-01 
 1.2286E-01 
 1.0854E-01 
 9.5158E-02 
 8.2813E-02 
 7.1233E-02 
 6.0036E-02 
 8.0973E-01 
 8.0958E-01 
 8.0913E-01 
 8.0838E-01 
 8.0735E-01 
 8.0602E-01 
 8.0442E-01 
 8.0265E-01 
 8.0114E-01 
 8.0057E-01 
 8.0192E-01 
 8.0587E-01 
 8.1208E-01 
 8.1950E-01 
 8.2630E-01 
 8.3066E-01 
 8.3104E-01 
 8.2635E-01 
 8.1626E-01 
 8.0122E-01 
 7.8195E-01 
 7.5921E-01 
 7.3373E-01 
 7.0615E-01 
 6.7684E-01 
 6.4581E-01 
 6.1300E-01 
 5.7859E-01 
 5.4311E-01 
 5.0735E-01 
 4.7194E-01 
 4.3742E-01 
 4.0429E-01 
 3.7296E-01 
 3.4367E-01 
 3.1639E-01 
 2.9086E-01 
 2.6684E-01 
 2.4418E-01 
 2.2272E-01 
 2.0237E-01 
 1.8308E-01 
 1.6482E-01 
 1.4755E-01 
 1.3121E-01 
 1.1569E-01 
 1.0101E-01 
 8.7312E-02 
 7.4677E-02 
 6.2824E-02 
 5.1362E-02 
 8.1648E-01 
 8.1618E-01 
 8.1527E-01 
 8.1374E-01 
 8.1161E-01 
 8.0888E-01 
 8.0546E-01 
 8.0110E-01 
 7.9642E-01 
 7.9250E-01 
 7.9101E-01 
 7.9311E-01 
 7.9837E-01 
 8.0512E-01 
 8.1106E-01 
 8.1408E-01 
 8.1260E-01 
 8.0628E-01 
 7.9532E-01 
 7.8021E-01 
 7.6172E-01 
 7.4062E-01 
 7.1768E-01 
 6.9344E-01 
 6.6780E-01 
 6.4018E-01 
 6.1018E-01 
 5.7795E-01 
 5.4417E-01 
 5.0968E-01 
 4.7516E-01 
 4.4121E-01 
 4.0843E-01 
 3.7730E-01 
 3.4805E-01 
 3.2067E-01 
 2.9498E-01 
 2.7083E-01 
 2.4804E-01 
 2.2640E-01 
 2.0583E-01 
 1.8632E-01 
 1.6785E-01 
 1.5041E-01 
 1.3393E-01 
 1.1830E-01 
 1.0353E-01 
 8.9792E-02 
 7.7141E-02 
 6.5276E-02 
 5.3805E-02 
 7.8258E-01 
 7.8242E-01 
 7.8193E-01 
 7.8111E-01 
 7.7997E-01 
 7.7852E-01 
 7.7668E-01 
 7.7427E-01 
 7.7194E-01 
 7.7077E-01 
 7.7247E-01 
 7.7820E-01 
 7.8734E-01 
 7.9782E-01 
 8.0717E-01 
 8.1305E-01 
 8.1387E-01 
 8.0941E-01 
 7.9992E-01 
 7.8565E-01 
 7.6714E-01 
 7.4518E-01 
 7.2052E-01 
 6.9378E-01 
 6.6533E-01 
 6.3534E-01 
 6.0399E-01 
 5.7161E-01 
 5.3864E-01 
 5.0552E-01 
 4.7261E-01 
 4.4026E-01 
 4.0884E-01 
 3.7864E-01 
 3.4981E-01 
 3.2241E-01 
 2.9641E-01 
 2.7178E-01 
 2.4843E-01 
 2.2621E-01 
 2.0505E-01 
 1.8489E-01 
 1.6570E-01 
 1.4746E-01 
 1.3009E-01 
 1.1350E-01 
 9.7752E-02 
 8.3062E-02 
 6.9535E-02 
 5.6853E-02 
 4.4593E-02 
 8.4527E-01 
 8.4507E-01 
 8.4444E-01 
 8.4340E-01 
 8.4194E-01 
 8.4009E-01 
 8.3777E-01 
 8.3495E-01 
 8.3180E-01 
 8.2852E-01 
 8.2525E-01 
 8.2210E-01 
 8.1890E-01 
 8.1513E-01 
 8.1010E-01 
 8.0318E-01 
 7.9395E-01 
 7.8230E-01 
 7.6823E-01 
 7.5182E-01 
 7.3325E-01 
 7.1271E-01 
 6.9040E-01 
 6.6649E-01 
 6.4113E-01 
 6.1448E-01 
 5.8673E-01 
 5.5812E-01 
 5.2895E-01 
 4.9952E-01 
 4.7008E-01 
 4.4085E-01 
 4.1205E-01 
 3.8386E-01 
 3.5641E-01 
 3.2978E-01 
 3.0403E-01 
 2.7920E-01 
 2.5530E-01 
 2.3230E-01 
 2.1018E-01 
 1.8893E-01 
 1.6856E-01 
 1.4907E-01 
 1.3042E-01 
 1.1254E-01 
 9.5538E-02 
 7.9687E-02 
 6.5144E-02 
 5.1554E-02 
 3.8439E-02 
 8.2968E-01 
 8.2962E-01 
 8.2942E-01 
 8.2909E-01 
 8.2862E-01 
 8.2802E-01 
 8.2718E-01 
 8.2580E-01 
 8.2376E-01 
 8.2125E-01 
 8.1885E-01 
 8.1704E-01 
 8.1590E-01 
 8.1475E-01 
 8.1252E-01 
 8.0824E-01 
 8.0117E-01 
 7.9107E-01 
 7.7783E-01 
 7.6157E-01 
 7.4261E-01 
 7.2133E-01 
 6.9807E-01 
 6.7312E-01 
 6.4664E-01 
 6.1861E-01 
 5.8902E-01 
 5.5814E-01 
 5.2646E-01 
 4.9451E-01 
 4.6271E-01 
 4.3145E-01 
 4.0105E-01 
 3.7179E-01 
 3.4379E-01 
 3.1707E-01 
 2.9156E-01 
 2.6724E-01 
 2.4403E-01 
 2.2188E-01 
 2.0071E-01 
 1.8049E-01 
 1.6121E-01 
 1.4285E-01 
 1.2536E-01 
 1.0864E-01 
 9.2755E-02 
 7.7966E-02 
 6.4396E-02 
 5.1713E-02 
 3.9472E-02 
 8.0876E-01 
 8.0870E-01 
 8.0853E-01 
 8.0824E-01 
 8.0783E-01 
 8.0731E-01 
 8.0661E-01 
 8.0566E-01 
 8.0454E-01 
 8.0339E-01 
 8.0243E-01 
 8.0180E-01 
 8.0133E-01 
 8.0042E-01 
 7.9832E-01 
 7.9437E-01 
 7.8804E-01 
 7.7900E-01 
 7.6702E-01 
 7.5213E-01 
 7.3466E-01 
 7.1495E-01 
 6.9334E-01 
 6.7004E-01 
 6.4511E-01 
 6.1859E-01 
 5.9058E-01 
 5.6137E-01 
 5.3136E-01 
 5.0093E-01 
 4.7041E-01 
 4.4008E-01 
 4.1019E-01 
 3.8094E-01 
 3.5246E-01 
 3.2487E-01 
 2.9823E-01 
 2.7260E-01 
 2.4799E-01 
 2.2439E-01 
 2.0180E-01 
 1.8022E-01 
 1.5967E-01 
 1.4017E-01 
 1.2163E-01 
 1.0396E-01 
 8.7239E-02 
 7.1708E-02 
 5.7464E-02 
 4.4139E-02 
 3.1273E-02 
 8.0163E-01 
 8.0157E-01 
 8.0139E-01 
 8.0109E-01 
 8.0066E-01 
 8.0012E-01 
 7.9940E-01 
 7.9857E-01 
 7.9791E-01 
 7.9774E-01 
 7.9839E-01 
 8.0003E-01 
 8.0231E-01 
 8.0436E-01 
 8.0521E-01 
 8.0395E-01 
 7.9982E-01 
 7.9227E-01 
 7.8082E-01 
 7.6534E-01 
 7.4640E-01 
 7.2482E-01 
 7.0141E-01 
 6.7666E-01 
 6.5061E-01 
 6.2315E-01 
 5.9429E-01 
 5.6428E-01 
 5.3352E-01 
 5.0242E-01 
 4.7129E-01 
 4.4045E-01 
 4.1015E-01 
 3.8059E-01 
 3.5194E-01 
 3.2426E-01 
 2.9762E-01 
 2.7206E-01 
 2.4757E-01 
 2.2414E-01 
 2.0175E-01 
 1.8039E-01 
 1.6007E-01 
 1.4079E-01 
 1.2248E-01 
 1.0502E-01 
 8.8506E-02 
 7.3165E-02 
 5.9096E-02 
 4.5933E-02 
 3.3225E-02 
 7.5847E-01 
 7.5850E-01 
 7.5859E-01 
 7.5874E-01 
 7.5895E-01 
 7.5922E-01 
 7.5955E-01 
 7.6011E-01 
 7.6119E-01 
 7.6305E-01 
 7.6595E-01 
 7.6998E-01 
 7.7474E-01 
 7.7953E-01 
 7.8357E-01 
 7.8620E-01 
 7.8673E-01 
 7.8451E-01 
 7.7893E-01 
 7.6962E-01 
 7.5668E-01 
 7.4042E-01 
 7.2118E-01 
 6.9919E-01 
 6.7456E-01 
 6.4754E-01 
 6.1840E-01 
 5.8758E-01 
 5.5562E-01 
 5.2303E-01 
 4.9026E-01 
 4.5768E-01 
 4.2562E-01 
 3.9434E-01 
 3.6402E-01 
 3.3478E-01 
 3.0667E-01 
 2.7975E-01 
 2.5402E-01 
 2.2945E-01 
 2.0602E-01 
 1.8369E-01 
 1.6247E-01 
 1.4236E-01 
 1.2326E-01 
 1.0505E-01 
 8.7817E-02 
 7.1805E-02 
 5.7117E-02 
 4.3375E-02 
 3.0106E-02 
 8.0140E-01 
 8.0143E-01 
 8.0154E-01 
 8.0171E-01 
 8.0196E-01 
 8.0227E-01 
 8.0262E-01 
 8.0306E-01 
 8.0381E-01 
 8.0506E-01 
 8.0696E-01 
 8.0949E-01 
 8.1227E-01 
 8.1455E-01 
 8.1553E-01 
 8.1452E-01 
 8.1087E-01 
 8.0405E-01 
 7.9360E-01 
 7.7926E-01 
 7.6117E-01 
 7.3968E-01 
 7.1510E-01 
 6.8771E-01 
 6.5774E-01 
 6.2550E-01 
 5.9136E-01 
 5.5593E-01 
 5.2000E-01 
 4.8427E-01 
 4.4935E-01 
 4.1576E-01 
 3.8400E-01 
 3.5439E-01 
 3.2695E-01 
 3.0136E-01 
 2.7726E-01 
 2.5443E-01 
 2.3270E-01 
 2.1199E-01 
 1.9224E-01 
 1.7340E-01 
 1.5547E-01 
 1.3843E-01 
 1.2219E-01 
 1.0667E-01 
 9.1961E-02 
 7.8285E-02 
 6.5740E-02 
 5.4006E-02 
 4.2677E-02 
 7.7844E-01 
 7.7852E-01 
 7.7874E-01 
 7.7912E-01 
 7.7963E-01 
 7.8029E-01 
 7.8104E-01 
 7.8188E-01 
 7.8298E-01 
 7.8453E-01 
 7.8676E-01 
 7.8975E-01 
 7.9318E-01 
 7.9639E-01 
 7.9869E-01 
 7.9949E-01 
 7.9824E-01 
 7.9447E-01 
 7.8778E-01 
 7.7791E-01 
 7.6476E-01 
 7.4826E-01 
 7.2840E-01 
 7.0510E-01 
 6.7837E-01 
 6.4858E-01 
 6.1623E-01 
 5.8204E-01 
 5.4680E-01 
 5.1123E-01 
 4.7595E-01 
 4.4149E-01 
 4.0834E-01 
 3.7683E-01 
 3.4704E-01 
 3.1885E-01 
 2.9210E-01 
 2.6671E-01 
 2.4259E-01 
 2.1967E-01 
 1.9791E-01 
 1.7726E-01 
 1.5774E-01 
 1.3933E-01 
 1.2190E-01 
 1.0533E-01 
 8.9663E-02 
 7.5125E-02 
 6.1790E-02 
 4.9310E-02 
 3.7259E-02 
 8.3431E-01 
 8.3428E-01 
 8.3418E-01 
 8.3403E-01 
 8.3382E-01 
 8.3354E-01 
 8.3314E-01 
 8.3253E-01 
 8.3169E-01 
 8.3062E-01 
 8.2931E-01 
 8.2768E-01 
 8.2541E-01 
 8.2206E-01 
 8.1717E-01 
 8.1035E-01 
 8.0132E-01 
 7.8991E-01 
 7.7601E-01 
 7.5962E-01 
 7.4087E-01 
 7.1993E-01 
 6.9694E-01 
 6.7203E-01 
 6.4529E-01 
 6.1685E-01 
 5.8691E-01 
 5.5583E-01 
 5.2408E-01 
 4.9207E-01 
 4.6014E-01 
 4.2865E-01 
 3.9792E-01 
 3.6821E-01 
 3.3967E-01 
 3.1238E-01 
 2.8638E-01 
 2.6171E-01 
 2.3841E-01 
 2.1650E-01 
 1.9599E-01 
 1.7688E-01 
 1.5919E-01 
 1.4292E-01 
 1.2796E-01 
 1.1420E-01 
 1.0163E-01 
 9.0363E-02 
 8.0386E-02 
 7.1314E-02 
 6.2694E-02 
 8.2887E-01 
 8.2878E-01 
 8.2850E-01 
 8.2803E-01 
 8.2739E-01 
 8.2656E-01 
 8.2553E-01 
 8.2427E-01 
 8.2272E-01 
 8.2082E-01 
 8.1847E-01 
 8.1553E-01 
 8.1172E-01 
 8.0668E-01 
 8.0008E-01 
 7.9164E-01 
 7.8115E-01 
 7.6850E-01 
 7.5360E-01 
 7.3648E-01 
 7.1726E-01 
 6.9607E-01 
 6.7306E-01 
 6.4832E-01 
 6.2196E-01 
 5.9414E-01 
 5.6508E-01 
 5.3513E-01 
 5.0472E-01 
 4.7421E-01 
 4.4394E-01 
 4.1421E-01 
 3.8534E-01 
 3.5756E-01 
 3.3098E-01 
 3.0563E-01 
 2.8152E-01 
 2.5864E-01 
 2.3699E-01 
 2.1657E-01 
 1.9736E-01 
 1.7934E-01 
 1.6251E-01 
 1.4685E-01 
 1.3228E-01 
 1.1868E-01 
 1.0610E-01 
 9.4674E-02 
 8.4418E-02 
 7.4987E-02 
 6.5968E-02 
 8.6870E-01 
 8.6836E-01 
 8.6732E-01 
 8.6559E-01 
 8.6318E-01 
 8.6010E-01 
 8.5617E-01 
 8.5103E-01 
 8.4503E-01 
 8.3852E-01 
 8.3164E-01 
 8.2442E-01 
 8.1645E-01 
 8.0715E-01 
 7.9599E-01 
 7.8248E-01 
 7.6663E-01 
 7.4877E-01 
 7.2925E-01 
 7.0868E-01 
 6.8793E-01 
 6.6775E-01 
 6.4891E-01 
 6.3103E-01 
 6.1259E-01 
 5.9240E-01 
 5.6982E-01 
 5.4503E-01 
 5.1854E-01 
 4.9085E-01 
 4.6237E-01 
 4.3351E-01 
 4.0466E-01 
 3.7615E-01 
 3.4824E-01 
 3.2116E-01 
 2.9511E-01 
 2.7021E-01 
 2.4656E-01 
 2.2423E-01 
 2.0325E-01 
 1.8365E-01 
 1.6547E-01 
 1.4869E-01 
 1.3324E-01 
 1.1899E-01 
 1.0597E-01 
 9.4277E-02 
 8.3910E-02 
 7.4471E-02 
 6.5496E-02 
 8.1462E-01 
 8.1446E-01 
 8.1396E-01 
 8.1313E-01 
 8.1198E-01 
 8.1051E-01 
 8.0888E-01 
 8.0756E-01 
 8.0704E-01 
 8.0763E-01 
 8.0957E-01 
 8.1290E-01 
 8.1662E-01 
 8.1909E-01 
 8.1882E-01 
 8.1449E-01 
 8.0544E-01 
 7.9143E-01 
 7.7230E-01 
 7.4960E-01 
 7.2611E-01 
 7.0440E-01 
 6.8675E-01 
 6.7210E-01 
 6.5685E-01 
 6.3784E-01 
 6.1344E-01 
 5.8469E-01 
 5.5316E-01 
 5.2029E-01 
 4.8713E-01 
 4.5421E-01 
 4.2184E-01 
 3.9026E-01 
 3.5967E-01 
 3.3023E-01 
 3.0205E-01 
 2.7518E-01 
 2.4961E-01 
 2.2530E-01 
 2.0220E-01 
 1.8028E-01 
 1.5954E-01 
 1.3995E-01 
 1.2138E-01 
 1.0368E-01 
 8.6935E-02 
 7.1399E-02 
 5.7149E-02 
 4.3809E-02 
 3.0924E-02 
 8.2849E-01 
 8.2832E-01 
 8.2778E-01 
 8.2690E-01 
 8.2568E-01 
 8.2411E-01 
 8.2233E-01 
 8.2067E-01 
 8.1949E-01 
 8.1915E-01 
 8.2005E-01 
 8.2239E-01 
 8.2545E-01 
 8.2779E-01 
 8.2810E-01 
 8.2522E-01 
 8.1837E-01 
 8.0708E-01 
 7.9095E-01 
 7.7069E-01 
 7.4783E-01 
 7.2378E-01 
 6.9980E-01 
 6.7587E-01 
 6.5092E-01 
 6.2393E-01 
 5.9443E-01 
 5.6312E-01 
 5.3085E-01 
 4.9841E-01 
 4.6635E-01 
 4.3492E-01 
 4.0423E-01 
 3.7441E-01 
 3.4557E-01 
 3.1779E-01 
 2.9113E-01 
 2.6562E-01 
 2.4126E-01 
 2.1802E-01 
 1.9589E-01 
 1.7486E-01 
 1.5496E-01 
 1.3617E-01 
 1.1837E-01 
 1.0141E-01 
 8.5367E-02 
 7.0479E-02 
 5.6824E-02 
 4.4040E-02 
 3.1692E-02 
 8.3584E-01 
 8.3568E-01 
 8.3521E-01 
 8.3442E-01 
 8.3333E-01 
 8.3193E-01 
 8.3024E-01 
 8.2829E-01 
 8.2608E-01 
 8.2367E-01 
 8.2109E-01 
 8.1838E-01 
 8.1526E-01 
 8.1116E-01 
 8.0552E-01 
 7.9787E-01 
 7.8792E-01 
 7.7551E-01 
 7.6050E-01 
 7.4299E-01 
 7.2326E-01 
 7.0158E-01 
 6.7820E-01 
 6.5333E-01 
 6.2708E-01 
 5.9962E-01 
 5.7116E-01 
 5.4196E-01 
 5.1232E-01 
 4.8247E-01 
 4.5265E-01 
 4.2308E-01 
 3.9397E-01 
 3.6551E-01 
 3.3786E-01 
 3.1113E-01 
 2.8543E-01 
 2.6078E-01 
 2.3715E-01 
 2.1451E-01 
 1.9281E-01 
 1.7202E-01 
 1.5213E-01 
 1.3315E-01 
 1.1500E-01 
 9.7609E-02 
 8.1106E-02 
 6.5765E-02 
 5.1701E-02 
 3.8549E-02 
 2.5851E-02 
 8.5524E-01 
 8.5526E-01 
 8.5532E-01 
 8.5541E-01 
 8.5554E-01 
 8.5571E-01 
 8.5589E-01 
 8.5605E-01 
 8.5614E-01 
 8.5603E-01 
 8.5562E-01 
 8.5478E-01 
 8.5323E-01 
 8.5060E-01 
 8.4653E-01 
 8.4071E-01 
 8.3290E-01 
 8.2294E-01 
 8.1071E-01 
 7.9614E-01 
 7.7922E-01 
 7.5997E-01 
 7.3843E-01 
 7.1460E-01 
 6.8848E-01 
 6.6004E-01 
 6.2937E-01 
 5.9704E-01 
 5.6368E-01 
 5.2989E-01 
 4.9617E-01 
 4.6292E-01 
 4.3049E-01 
 3.9913E-01 
 3.6902E-01 
 3.4027E-01 
 3.1296E-01 
 2.8712E-01 
 2.6271E-01 
 2.3970E-01 
 2.1801E-01 
 1.9761E-01 
 1.7845E-01 
 1.6052E-01 
 1.4369E-01 
 1.2785E-01 
 1.1307E-01 
 9.9536E-02 
 8.7290E-02 
 7.5958E-02 
 6.5083E-02 
 8.1178E-01 
 8.1195E-01 
 8.1244E-01 
 8.1326E-01 
 8.1441E-01 
 8.1586E-01 
 8.1759E-01 
 8.1949E-01 
 8.2147E-01 
 8.2333E-01 
 8.2485E-01 
 8.2580E-01 
 8.2574E-01 
 8.2413E-01 
 8.2047E-01 
 8.1431E-01 
 8.0545E-01 
 7.9384E-01 
 7.7950E-01 
 7.6254E-01 
 7.4319E-01 
 7.2168E-01 
 6.9820E-01 
 6.7290E-01 
 6.4582E-01 
 6.1715E-01 
 5.8720E-01 
 5.5638E-01 
 5.2506E-01 
 4.9359E-01 
 4.6225E-01 
 4.3133E-01 
 4.0108E-01 
 3.7171E-01 
 3.4337E-01 
 3.1619E-01 
 2.9024E-01 
 2.6559E-01 
 2.4230E-01 
 2.2037E-01 
 1.9984E-01 
 1.8069E-01 
 1.6293E-01 
 1.4655E-01 
 1.3143E-01 
 1.1742E-01 
 1.0453E-01 
 9.2885E-02 
 8.2474E-02 
 7.2931E-02 
 6.3821E-02 
 8.0519E-01 
 8.0524E-01 
 8.0541E-01 
 8.0568E-01 
 8.0605E-01 
 8.0653E-01 
 8.0708E-01 
 8.0769E-01 
 8.0830E-01 
 8.0880E-01 
 8.0907E-01 
 8.0895E-01 
 8.0811E-01 
 8.0610E-01 
 8.0252E-01 
 7.9699E-01 
 7.8925E-01 
 7.7908E-01 
 7.6633E-01 
 7.5105E-01 
 7.3340E-01 
 7.1352E-01 
 6.9160E-01 
 6.6772E-01 
 6.4192E-01 
 6.1434E-01 
 5.8525E-01 
 5.5507E-01 
 5.2420E-01 
 4.9305E-01 
 4.6193E-01 
 4.3115E-01 
 4.0095E-01 
 3.7155E-01 
 3.4312E-01 
 3.1577E-01 
 2.8959E-01 
 2.6469E-01 
 2.4110E-01 
 2.1891E-01 
 1.9812E-01 
 1.7876E-01 
 1.6085E-01 
 1.4439E-01 
 1.2924E-01 
 1.1526E-01 
 1.0244E-01 
 9.0887E-02 
 8.0593E-02 
 7.1177E-02 
 6.2201E-02 
 7.8075E-01 
 7.8091E-01 
 7.8140E-01 
 7.8221E-01 
 7.8334E-01 
 7.8478E-01 
 7.8660E-01 
 7.8885E-01 
 7.9162E-01 
 7.9488E-01 
 7.9865E-01 
 8.0282E-01 
 8.0692E-01 
 8.1023E-01 
 8.1206E-01 
 8.1182E-01 
 8.0914E-01 
 8.0378E-01 
 7.9557E-01 
 7.8456E-01 
 7.7094E-01 
 7.5490E-01 
 7.3664E-01 
 7.1603E-01 
 6.9264E-01 
 6.6606E-01 
 6.3616E-01 
 6.0367E-01 
 5.6948E-01 
 5.3435E-01 
 4.9895E-01 
 4.6381E-01 
 4.2935E-01 
 3.9589E-01 
 3.6362E-01 
 3.3263E-01 
 3.0302E-01 
 2.7490E-01 
 2.4835E-01 
 2.2349E-01 
 2.0035E-01 
 1.7900E-01 
 1.5945E-01 
 1.4170E-01 
 1.2560E-01 
 1.1096E-01 
 9.7714E-02 
 8.5944E-02 
 7.5585E-02 
 6.6213E-02 
 5.7333E-02 
 8.2755E-01 
 8.2751E-01 
 8.2738E-01 
 8.2718E-01 
 8.2690E-01 
 8.2653E-01 
 8.2612E-01 
 8.2570E-01 
 8.2529E-01 
 8.2482E-01 
 8.2417E-01 
 8.2313E-01 
 8.2106E-01 
 8.1700E-01 
 8.1005E-01 
 7.9952E-01 
 7.8564E-01 
 7.6902E-01 
 7.5029E-01 
 7.3038E-01 
 7.1036E-01 
 6.9117E-01 
 6.7365E-01 
 6.5706E-01 
 6.3946E-01 
 6.1936E-01 
 5.9592E-01 
 5.6965E-01 
 5.4131E-01 
 5.1158E-01 
 4.8107E-01 
 4.5028E-01 
 4.1961E-01 
 3.8943E-01 
 3.5995E-01 
 3.3137E-01 
 3.0384E-01 
 2.7748E-01 
 2.5242E-01 
 2.2877E-01 
 2.0656E-01 
 1.8585E-01 
 1.6667E-01 
 1.4901E-01 
 1.3277E-01 
 1.1781E-01 
 1.0415E-01 
 9.1888E-02 
 8.1006E-02 
 7.1091E-02 
 6.1660E-02 
 8.5019E-01 
 8.4996E-01 
 8.4925E-01 
 8.4807E-01 
 8.4642E-01 
 8.4432E-01 
 8.4177E-01 
 8.3876E-01 
 8.3531E-01 
 8.3144E-01 
 8.2716E-01 
 8.2245E-01 
 8.1720E-01 
 8.1116E-01 
 8.0415E-01 
 7.9602E-01 
 7.8687E-01 
 7.7686E-01 
 7.6615E-01 
 7.5498E-01 
 7.4361E-01 
 7.3227E-01 
 7.2111E-01 
 7.0926E-01 
 6.9519E-01 
 6.7757E-01 
 6.5570E-01 
 6.3031E-01 
 6.0230E-01 
 5.7245E-01 
 5.4146E-01 
 5.0986E-01 
 4.7811E-01 
 4.4660E-01 
 4.1562E-01 
 3.8545E-01 
 3.5629E-01 
 3.2828E-01 
 3.0151E-01 
 2.7605E-01 
 2.5190E-01 
 2.2909E-01 
 2.0764E-01 
 1.8755E-01 
 1.6871E-01 
 1.5100E-01 
 1.3450E-01 
 1.1943E-01 
 1.0581E-01 
 9.3210E-02 
 8.1123E-02 


!ti from confinement nodes [keV]
POINTS 51 GRIDTYPE 14 NAMEXP TI NTIMES 32 
 3.0030E-01 
  3.2530E-01 
  3.5030E-01 
  3.7530E-01 
  4.0030E-01 
  4.2530E-01 
  4.5030E-01 
  4.7530E-01 
  5.0030E-01 
  5.2530E-01 
  5.5030E-01 
  5.7530E-01 
  6.0030E-01 
  6.2530E-01 
  6.5030E-01 
  6.7530E-01 
  7.0030E-01 
  7.2530E-01 
  7.5030E-01 
  7.7530E-01 
  8.0030E-01 
  8.2530E-01 
  8.5030E-01 
  8.7530E-01 
  9.0030E-01 
  9.2530E-01 
  9.5030E-01 
  9.7530E-01 
  1.0003E+00 
  1.0253E+00 
  1.0503E+00 
  1.0753E+00 
  0.0000E+00 
  2.0000E-02 
  4.0000E-02 
  6.0000E-02 
  8.0000E-02 
  1.0000E-01 
  1.2000E-01 
  1.4000E-01 
  1.6000E-01 
  1.8000E-01 
  2.0000E-01 
  2.2000E-01 
  2.4000E-01 
  2.6000E-01 
  2.8000E-01 
  3.0000E-01 
  3.2000E-01 
  3.4000E-01 
  3.6000E-01 
  3.8000E-01 
  4.0000E-01 
  4.2000E-01 
  4.4000E-01 
  4.6000E-01 
  4.8000E-01 
  5.0000E-01 
  5.2000E-01 
  5.4000E-01 
  5.6000E-01 
  5.8000E-01 
  6.0000E-01 
  6.2000E-01 
  6.4000E-01 
  6.6000E-01 
  6.8000E-01 
  7.0000E-01 
  7.2000E-01 
  7.4000E-01 
  7.6000E-01 
  7.8000E-01 
  8.0000E-01 
  8.2000E-01 
  8.4000E-01 
  8.6000E-01 
  8.8000E-01 
  9.0000E-01 
  9.2000E-01 
  9.4000E-01 
  9.6000E-01 
  9.8000E-01 
  1.0000E+00 
  4.7504E-01 
 4.7485E-01 
 4.7427E-01 
 4.7330E-01 
 4.7196E-01 
 4.7024E-01 
 4.6815E-01 
 4.6575E-01 
 4.6328E-01 
 4.6112E-01 
 4.5967E-01 
 4.5914E-01 
 4.5948E-01 
 4.6059E-01 
 4.6200E-01 
 4.6295E-01 
 4.6279E-01 
 4.6094E-01 
 4.5708E-01 
 4.5112E-01 
 4.4309E-01 
 4.3317E-01 
 4.2179E-01 
 4.0933E-01 
 3.9620E-01 
 3.8249E-01 
 3.6807E-01 
 3.5269E-01 
 3.3624E-01 
 3.1890E-01 
 3.0097E-01 
 2.8272E-01 
 2.6442E-01 
 2.4633E-01 
 2.2866E-01 
 2.1158E-01 
 1.9515E-01 
 1.7937E-01 
 1.6418E-01 
 1.4956E-01 
 1.3552E-01 
 1.2207E-01 
 1.0922E-01 
 9.6966E-02 
 8.5280E-02 
 7.4094E-02 
 6.3374E-02 
 5.3198E-02 
 4.3639E-02 
 3.4566E-02 
 2.5737E-02 
 4.4495E-01 
 4.4495E-01 
 4.4496E-01 
 4.4497E-01 
 4.4499E-01 
 4.4502E-01 
 4.4506E-01 
 4.4511E-01 
 4.4527E-01 
 4.4562E-01 
 4.4634E-01 
 4.4749E-01 
 4.4893E-01 
 4.5050E-01 
 4.5193E-01 
 4.5293E-01 
 4.5321E-01 
 4.5253E-01 
 4.5066E-01 
 4.4740E-01 
 4.4257E-01 
 4.3602E-01 
 4.2767E-01 
 4.1744E-01 
 4.0535E-01 
 3.9163E-01 
 3.7660E-01 
 3.6054E-01 
 3.4371E-01 
 3.2637E-01 
 3.0873E-01 
 2.9100E-01 
 2.7335E-01 
 2.5592E-01 
 2.3883E-01 
 2.2217E-01 
 2.0598E-01 
 1.9028E-01 
 1.7507E-01 
 1.6035E-01 
 1.4612E-01 
 1.3238E-01 
 1.1915E-01 
 1.0643E-01 
 9.4209E-02 
 8.2467E-02 
 7.1206E-02 
 6.0527E-02 
 5.0518E-02 
 4.1037E-02 
 3.1819E-02 
 4.6849E-01 
 4.6840E-01 
 4.6814E-01 
 4.6770E-01 
 4.6708E-01 
 4.6629E-01 
 4.6534E-01 
 4.6421E-01 
 4.6293E-01 
 4.6168E-01 
 4.6092E-01 
 4.6088E-01 
 4.6133E-01 
 4.6197E-01 
 4.6231E-01 
 4.6178E-01 
 4.5987E-01 
 4.5612E-01 
 4.5019E-01 
 4.4188E-01 
 4.3110E-01 
 4.1811E-01 
 4.0354E-01 
 3.8795E-01 
 3.7198E-01 
 3.5602E-01 
 3.4007E-01 
 3.2400E-01 
 3.0776E-01 
 2.9149E-01 
 2.7532E-01 
 2.5939E-01 
 2.4382E-01 
 2.2868E-01 
 2.1399E-01 
 1.9979E-01 
 1.8610E-01 
 1.7294E-01 
 1.6033E-01 
 1.4827E-01 
 1.3678E-01 
 1.2589E-01 
 1.1562E-01 
 1.0597E-01 
 9.6936E-02 
 8.8496E-02 
 8.0638E-02 
 7.3401E-02 
 6.6808E-02 
 6.0707E-02 
 5.4852E-02 
 4.6305E-01 
 4.6297E-01 
 4.6272E-01 
 4.6231E-01 
 4.6173E-01 
 4.6100E-01 
 4.6011E-01 
 4.5913E-01 
 4.5823E-01 
 4.5766E-01 
 4.5768E-01 
 4.5839E-01 
 4.5941E-01 
 4.6024E-01 
 4.6014E-01 
 4.5825E-01 
 4.5382E-01 
 4.4629E-01 
 4.3545E-01 
 4.2134E-01 
 4.0429E-01 
 3.8523E-01 
 3.6563E-01 
 3.4671E-01 
 3.2973E-01 
 3.1483E-01 
 3.0138E-01 
 2.8865E-01 
 2.7618E-01 
 2.6385E-01 
 2.5162E-01 
 2.3945E-01 
 2.2735E-01 
 2.1537E-01 
 2.0355E-01 
 1.9194E-01 
 1.8058E-01 
 1.6948E-01 
 1.5868E-01 
 1.4820E-01 
 1.3807E-01 
 1.2831E-01 
 1.1894E-01 
 1.1000E-01 
 1.0148E-01 
 9.3383E-02 
 8.5719E-02 
 7.8557E-02 
 7.1948E-02 
 6.5763E-02 
 5.9790E-02 
 4.8322E-01 
 4.8326E-01 
 4.8336E-01 
 4.8353E-01 
 4.8378E-01 
 4.8409E-01 
 4.8446E-01 
 4.8490E-01 
 4.8538E-01 
 4.8590E-01 
 4.8648E-01 
 4.8702E-01 
 4.8708E-01 
 4.8618E-01 
 4.8367E-01 
 4.7887E-01 
 4.7120E-01 
 4.6008E-01 
 4.4521E-01 
 4.2704E-01 
 4.0667E-01 
 3.8541E-01 
 3.6476E-01 
 3.4601E-01 
 3.3025E-01 
 3.1698E-01 
 3.0497E-01 
 2.9303E-01 
 2.8049E-01 
 2.6742E-01 
 2.5401E-01 
 2.4042E-01 
 2.2682E-01 
 2.1337E-01 
 2.0024E-01 
 1.8753E-01 
 1.7528E-01 
 1.6351E-01 
 1.5221E-01 
 1.4141E-01 
 1.3110E-01 
 1.2130E-01 
 1.1200E-01 
 1.0320E-01 
 9.4910E-02 
 8.7092E-02 
 7.9749E-02 
 7.2934E-02 
 6.6685E-02 
 6.0866E-02 
 5.5262E-02 
 4.7826E-01 
 4.7836E-01 
 4.7866E-01 
 4.7915E-01 
 4.7983E-01 
 4.8070E-01 
 4.8173E-01 
 4.8273E-01 
 4.8368E-01 
 4.8464E-01 
 4.8577E-01 
 4.8720E-01 
 4.8870E-01 
 4.8984E-01 
 4.8983E-01 
 4.8783E-01 
 4.8310E-01 
 4.7483E-01 
 4.6236E-01 
 4.4616E-01 
 4.2746E-01 
 4.0768E-01 
 3.8827E-01 
 3.7052E-01 
 3.5544E-01 
 3.4237E-01 
 3.2987E-01 
 3.1664E-01 
 3.0207E-01 
 2.8651E-01 
 2.7034E-01 
 2.5390E-01 
 2.3749E-01 
 2.2143E-01 
 2.0596E-01 
 1.9125E-01 
 1.7725E-01 
 1.6389E-01 
 1.5111E-01 
 1.3886E-01 
 1.2713E-01 
 1.1588E-01 
 1.0511E-01 
 9.4806E-02 
 8.4951E-02 
 7.5503E-02 
 6.6471E-02 
 5.7952E-02 
 5.0024E-02 
 4.2548E-02 
 3.5300E-02 
 4.9938E-01 
 4.9934E-01 
 4.9923E-01 
 4.9904E-01 
 4.9877E-01 
 4.9842E-01 
 4.9799E-01 
 4.9738E-01 
 4.9660E-01 
 4.9571E-01 
 4.9489E-01 
 4.9423E-01 
 4.9338E-01 
 4.9186E-01 
 4.8906E-01 
 4.8438E-01 
 4.7730E-01 
 4.6743E-01 
 4.5478E-01 
 4.3982E-01 
 4.2328E-01 
 4.0609E-01 
 3.8919E-01 
 3.7341E-01 
 3.5929E-01 
 3.4616E-01 
 3.3285E-01 
 3.1846E-01 
 3.0262E-01 
 2.8577E-01 
 2.6834E-01 
 2.5069E-01 
 2.3317E-01 
 2.1611E-01 
 1.9978E-01 
 1.8434E-01 
 1.6972E-01 
 1.5585E-01 
 1.4267E-01 
 1.3011E-01 
 1.1813E-01 
 1.0669E-01 
 9.5770E-02 
 8.5343E-02 
 7.5377E-02 
 6.5823E-02 
 5.6683E-02 
 4.8058E-02 
 4.0031E-02 
 3.2464E-02 
 2.5127E-02 
 4.7489E-01 
 4.7483E-01 
 4.7466E-01 
 4.7438E-01 
 4.7398E-01 
 4.7347E-01 
 4.7285E-01 
 4.7210E-01 
 4.7145E-01 
 4.7130E-01 
 4.7174E-01 
 4.7260E-01 
 4.7344E-01 
 4.7369E-01 
 4.7254E-01 
 4.6922E-01 
 4.6304E-01 
 4.5353E-01 
 4.4064E-01 
 4.2477E-01 
 4.0671E-01 
 3.8766E-01 
 3.6896E-01 
 3.5173E-01 
 3.3665E-01 
 3.2304E-01 
 3.0990E-01 
 2.9644E-01 
 2.8235E-01 
 2.6776E-01 
 2.5277E-01 
 2.3751E-01 
 2.2224E-01 
 2.0726E-01 
 1.9281E-01 
 1.7898E-01 
 1.6569E-01 
 1.5287E-01 
 1.4044E-01 
 1.2841E-01 
 1.1677E-01 
 1.0554E-01 
 9.4723E-02 
 8.4337E-02 
 7.4375E-02 
 6.4811E-02 
 5.5673E-02 
 4.7071E-02 
 3.9082E-02 
 3.1555E-02 
 2.4258E-02 
 4.5818E-01 
 4.5814E-01 
 4.5802E-01 
 4.5782E-01 
 4.5754E-01 
 4.5719E-01 
 4.5675E-01 
 4.5626E-01 
 4.5595E-01 
 4.5617E-01 
 4.5708E-01 
 4.5858E-01 
 4.6020E-01 
 4.6129E-01 
 4.6099E-01 
 4.5846E-01 
 4.5295E-01 
 4.4398E-01 
 4.3158E-01 
 4.1625E-01 
 3.9885E-01 
 3.8058E-01 
 3.6270E-01 
 3.4628E-01 
 3.3198E-01 
 3.1900E-01 
 3.0626E-01 
 2.9292E-01 
 2.7871E-01 
 2.6386E-01 
 2.4858E-01 
 2.3307E-01 
 2.1761E-01 
 2.0253E-01 
 1.8807E-01 
 1.7431E-01 
 1.6119E-01 
 1.4861E-01 
 1.3652E-01 
 1.2487E-01 
 1.1364E-01 
 1.0283E-01 
 9.2435E-02 
 8.2462E-02 
 7.2897E-02 
 6.3713E-02 
 5.4938E-02 
 4.6678E-02 
 3.9008E-02 
 3.1780E-02 
 2.4773E-02 
 4.4642E-01 
 4.4627E-01 
 4.4581E-01 
 4.4504E-01 
 4.4397E-01 
 4.4260E-01 
 4.4094E-01 
 4.3907E-01 
 4.3734E-01 
 4.3618E-01 
 4.3619E-01 
 4.3775E-01 
 4.4072E-01 
 4.4455E-01 
 4.4822E-01 
 4.5072E-01 
 4.5116E-01 
 4.4896E-01 
 4.4393E-01 
 4.3633E-01 
 4.2654E-01 
 4.1491E-01 
 4.0178E-01 
 3.8745E-01 
 3.7209E-01 
 3.5566E-01 
 3.3807E-01 
 3.1937E-01 
 2.9986E-01 
 2.8003E-01 
 2.6026E-01 
 2.4091E-01 
 2.2235E-01 
 2.0487E-01 
 1.8870E-01 
 1.7383E-01 
 1.6007E-01 
 1.4723E-01 
 1.3519E-01 
 1.2385E-01 
 1.1312E-01 
 1.0296E-01 
 9.3329E-02 
 8.4206E-02 
 7.5544E-02 
 6.7287E-02 
 5.9446E-02 
 5.2116E-02 
 4.5355E-02 
 3.9013E-02 
 3.2880E-02 
 4.4142E-01 
 4.4134E-01 
 4.4109E-01 
 4.4069E-01 
 4.4012E-01 
 4.3940E-01 
 4.3853E-01 
 4.3756E-01 
 4.3674E-01 
 4.3643E-01 
 4.3716E-01 
 4.3932E-01 
 4.4271E-01 
 4.4675E-01 
 4.5045E-01 
 4.5283E-01 
 4.5304E-01 
 4.5048E-01 
 4.4498E-01 
 4.3678E-01 
 4.2628E-01 
 4.1388E-01 
 3.9999E-01 
 3.8495E-01 
 3.6898E-01 
 3.5206E-01 
 3.3418E-01 
 3.1542E-01 
 2.9608E-01 
 2.7658E-01 
 2.5728E-01 
 2.3846E-01 
 2.2040E-01 
 2.0332E-01 
 1.8735E-01 
 1.7248E-01 
 1.5856E-01 
 1.4547E-01 
 1.3311E-01 
 1.2141E-01 
 1.1032E-01 
 9.9807E-02 
 8.9850E-02 
 8.0437E-02 
 7.1528E-02 
 6.3070E-02 
 5.5066E-02 
 4.7598E-02 
 4.0710E-02 
 3.4249E-02 
 2.8000E-02 
 4.3327E-01 
 4.3311E-01 
 4.3263E-01 
 4.3182E-01 
 4.3069E-01 
 4.2924E-01 
 4.2742E-01 
 4.2511E-01 
 4.2263E-01 
 4.2055E-01 
 4.1976E-01 
 4.2087E-01 
 4.2366E-01 
 4.2724E-01 
 4.3040E-01 
 4.3200E-01 
 4.3121E-01 
 4.2786E-01 
 4.2204E-01 
 4.1403E-01 
 4.0421E-01 
 3.9302E-01 
 3.8084E-01 
 3.6798E-01 
 3.5437E-01 
 3.3972E-01 
 3.2380E-01 
 3.0669E-01 
 2.8877E-01 
 2.7047E-01 
 2.5215E-01 
 2.3413E-01 
 2.1674E-01 
 2.0022E-01 
 1.8470E-01 
 1.7017E-01 
 1.5654E-01 
 1.4372E-01 
 1.3162E-01 
 1.2014E-01 
 1.0923E-01 
 9.8872E-02 
 8.9071E-02 
 7.9819E-02 
 7.1073E-02 
 6.2776E-02 
 5.4940E-02 
 4.7649E-02 
 4.0935E-02 
 3.4639E-02 
 2.8552E-02 
 4.0898E-01 
 4.0890E-01 
 4.0864E-01 
 4.0822E-01 
 4.0762E-01 
 4.0686E-01 
 4.0590E-01 
 4.0464E-01 
 4.0342E-01 
 4.0281E-01 
 4.0370E-01 
 4.0670E-01 
 4.1147E-01 
 4.1695E-01 
 4.2184E-01 
 4.2491E-01 
 4.2534E-01 
 4.2301E-01 
 4.1805E-01 
 4.1059E-01 
 4.0092E-01 
 3.8944E-01 
 3.7655E-01 
 3.6258E-01 
 3.4771E-01 
 3.3204E-01 
 3.1565E-01 
 2.9873E-01 
 2.8150E-01 
 2.6419E-01 
 2.4699E-01 
 2.3009E-01 
 2.1367E-01 
 1.9788E-01 
 1.8281E-01 
 1.6849E-01 
 1.5491E-01 
 1.4203E-01 
 1.2983E-01 
 1.1822E-01 
 1.0716E-01 
 9.6626E-02 
 8.6597E-02 
 7.7062E-02 
 6.7984E-02 
 5.9315E-02 
 5.1086E-02 
 4.3409E-02 
 3.6340E-02 
 2.9712E-02 
 2.3305E-02 
 4.3835E-01 
 4.3824E-01 
 4.3791E-01 
 4.3738E-01 
 4.3662E-01 
 4.3566E-01 
 4.3446E-01 
 4.3299E-01 
 4.3136E-01 
 4.2966E-01 
 4.2797E-01 
 4.2633E-01 
 4.2467E-01 
 4.2272E-01 
 4.2011E-01 
 4.1652E-01 
 4.1173E-01 
 4.0569E-01 
 3.9839E-01 
 3.8988E-01 
 3.8025E-01 
 3.6960E-01 
 3.5803E-01 
 3.4563E-01 
 3.3248E-01 
 3.1866E-01 
 3.0427E-01 
 2.8943E-01 
 2.7431E-01 
 2.5904E-01 
 2.4378E-01 
 2.2862E-01 
 2.1368E-01 
 1.9906E-01 
 1.8483E-01 
 1.7102E-01 
 1.5766E-01 
 1.4479E-01 
 1.3239E-01 
 1.2047E-01 
 1.0900E-01 
 9.7977E-02 
 8.7410E-02 
 7.7305E-02 
 6.7635E-02 
 5.8363E-02 
 4.9545E-02 
 4.1325E-02 
 3.3783E-02 
 2.6735E-02 
 1.9934E-02 
 4.2790E-01 
 4.2786E-01 
 4.2776E-01 
 4.2759E-01 
 4.2735E-01 
 4.2704E-01 
 4.2661E-01 
 4.2589E-01 
 4.2484E-01 
 4.2355E-01 
 4.2231E-01 
 4.2138E-01 
 4.2079E-01 
 4.2019E-01 
 4.1905E-01 
 4.1684E-01 
 4.1319E-01 
 4.0798E-01 
 4.0116E-01 
 3.9277E-01 
 3.8299E-01 
 3.7202E-01 
 3.6002E-01 
 3.4715E-01 
 3.3349E-01 
 3.1904E-01 
 3.0378E-01 
 2.8785E-01 
 2.7151E-01 
 2.5503E-01 
 2.3864E-01 
 2.2251E-01 
 2.0684E-01 
 1.9174E-01 
 1.7730E-01 
 1.6352E-01 
 1.5037E-01 
 1.3782E-01 
 1.2586E-01 
 1.1443E-01 
 1.0351E-01 
 9.3086E-02 
 8.3141E-02 
 7.3675E-02 
 6.4653E-02 
 5.6027E-02 
 4.7837E-02 
 4.0210E-02 
 3.3211E-02 
 2.6670E-02 
 2.0357E-02 
 4.1276E-01 
 4.1273E-01 
 4.1264E-01 
 4.1249E-01 
 4.1229E-01 
 4.1202E-01 
 4.1166E-01 
 4.1118E-01 
 4.1061E-01 
 4.1002E-01 
 4.0953E-01 
 4.0921E-01 
 4.0897E-01 
 4.0850E-01 
 4.0743E-01 
 4.0541E-01 
 4.0218E-01 
 3.9757E-01 
 3.9145E-01 
 3.8386E-01 
 3.7494E-01 
 3.6488E-01 
 3.5385E-01 
 3.4196E-01 
 3.2924E-01 
 3.1571E-01 
 3.0141E-01 
 2.8650E-01 
 2.7118E-01 
 2.5566E-01 
 2.4008E-01 
 2.2460E-01 
 2.0935E-01 
 1.9441E-01 
 1.7988E-01 
 1.6580E-01 
 1.5221E-01 
 1.3912E-01 
 1.2656E-01 
 1.1452E-01 
 1.0299E-01 
 9.1975E-02 
 8.1487E-02 
 7.1535E-02 
 6.2077E-02 
 5.3058E-02 
 4.4523E-02 
 3.6597E-02 
 2.9327E-02 
 2.2527E-02 
 1.5960E-02 
 3.9773E-01 
 3.9770E-01 
 3.9761E-01 
 3.9746E-01 
 3.9725E-01 
 3.9698E-01 
 3.9663E-01 
 3.9621E-01 
 3.9589E-01 
 3.9580E-01 
 3.9612E-01 
 3.9694E-01 
 3.9807E-01 
 3.9909E-01 
 3.9951E-01 
 3.9888E-01 
 3.9683E-01 
 3.9309E-01 
 3.8741E-01 
 3.7973E-01 
 3.7033E-01 
 3.5962E-01 
 3.4800E-01 
 3.3573E-01 
 3.2280E-01 
 3.0918E-01 
 2.9486E-01 
 2.7997E-01 
 2.6471E-01 
 2.4928E-01 
 2.3383E-01 
 2.1853E-01 
 2.0350E-01 
 1.8883E-01 
 1.7461E-01 
 1.6088E-01 
 1.4767E-01 
 1.3498E-01 
 1.2283E-01 
 1.1121E-01 
 1.0010E-01 
 8.9501E-02 
 7.9418E-02 
 6.9856E-02 
 6.0770E-02 
 5.2108E-02 
 4.3913E-02 
 3.6301E-02 
 2.9320E-02 
 2.2790E-02 
 1.6485E-02 
 3.8005E-01 
 3.8007E-01 
 3.8011E-01 
 3.8019E-01 
 3.8029E-01 
 3.8043E-01 
 3.8060E-01 
 3.8088E-01 
 3.8142E-01 
 3.8235E-01 
 3.8380E-01 
 3.8582E-01 
 3.8821E-01 
 3.9061E-01 
 3.9263E-01 
 3.9395E-01 
 3.9421E-01 
 3.9310E-01 
 3.9031E-01 
 3.8564E-01 
 3.7915E-01 
 3.7101E-01 
 3.6137E-01 
 3.5035E-01 
 3.3801E-01 
 3.2447E-01 
 3.0987E-01 
 2.9442E-01 
 2.7841E-01 
 2.6208E-01 
 2.4566E-01 
 2.2933E-01 
 2.1327E-01 
 1.9759E-01 
 1.8240E-01 
 1.6775E-01 
 1.5367E-01 
 1.4018E-01 
 1.2729E-01 
 1.1497E-01 
 1.0323E-01 
 9.2043E-02 
 8.1411E-02 
 7.1333E-02 
 6.1763E-02 
 5.2639E-02 
 4.4003E-02 
 3.5980E-02 
 2.8620E-02 
 2.1734E-02 
 1.5086E-02 
 3.9994E-01 
 3.9996E-01 
 4.0001E-01 
 4.0010E-01 
 4.0022E-01 
 4.0038E-01 
 4.0055E-01 
 4.0077E-01 
 4.0114E-01 
 4.0177E-01 
 4.0271E-01 
 4.0398E-01 
 4.0537E-01 
 4.0650E-01 
 4.0699E-01 
 4.0649E-01 
 4.0467E-01 
 4.0127E-01 
 3.9605E-01 
 3.8889E-01 
 3.7987E-01 
 3.6914E-01 
 3.5687E-01 
 3.4321E-01 
 3.2825E-01 
 3.1216E-01 
 2.9512E-01 
 2.7744E-01 
 2.5951E-01 
 2.4168E-01 
 2.2425E-01 
 2.0749E-01 
 1.9164E-01 
 1.7686E-01 
 1.6316E-01 
 1.5039E-01 
 1.3837E-01 
 1.2697E-01 
 1.1613E-01 
 1.0579E-01 
 9.5937E-02 
 8.6538E-02 
 7.7589E-02 
 6.9082E-02 
 6.0979E-02 
 5.3235E-02 
 4.5894E-02 
 3.9068E-02 
 3.2808E-02 
 2.6952E-02 
 2.1298E-02 
 3.8729E-01 
 3.8733E-01 
 3.8744E-01 
 3.8762E-01 
 3.8788E-01 
 3.8821E-01 
 3.8858E-01 
 3.8900E-01 
 3.8955E-01 
 3.9032E-01 
 3.9143E-01 
 3.9292E-01 
 3.9462E-01 
 3.9622E-01 
 3.9736E-01 
 3.9776E-01 
 3.9714E-01 
 3.9526E-01 
 3.9193E-01 
 3.8703E-01 
 3.8048E-01 
 3.7227E-01 
 3.6239E-01 
 3.5080E-01 
 3.3750E-01 
 3.2268E-01 
 3.0658E-01 
 2.8957E-01 
 2.7204E-01 
 2.5435E-01 
 2.3680E-01 
 2.1965E-01 
 2.0316E-01 
 1.8748E-01 
 1.7266E-01 
 1.5863E-01 
 1.4533E-01 
 1.3269E-01 
 1.2069E-01 
 1.0929E-01 
 9.8462E-02 
 8.8192E-02 
 7.8480E-02 
 6.9319E-02 
 6.0649E-02 
 5.2402E-02 
 4.4609E-02 
 3.7376E-02 
 3.0742E-02 
 2.4533E-02 
 1.8537E-02 
 4.0746E-01 
 4.0745E-01 
 4.0740E-01 
 4.0733E-01 
 4.0722E-01 
 4.0709E-01 
 4.0690E-01 
 4.0660E-01 
 4.0619E-01 
 4.0566E-01 
 4.0502E-01 
 4.0423E-01 
 4.0312E-01 
 4.0148E-01 
 3.9909E-01 
 3.9576E-01 
 3.9135E-01 
 3.8578E-01 
 3.7899E-01 
 3.7099E-01 
 3.6183E-01 
 3.5160E-01 
 3.4038E-01 
 3.2821E-01 
 3.1515E-01 
 3.0126E-01 
 2.8664E-01 
 2.7146E-01 
 2.5595E-01 
 2.4032E-01 
 2.2473E-01 
 2.0935E-01 
 1.9434E-01 
 1.7983E-01 
 1.6589E-01 
 1.5256E-01 
 1.3986E-01 
 1.2782E-01 
 1.1644E-01 
 1.0573E-01 
 9.5717E-02 
 8.6386E-02 
 7.7748E-02 
 6.9801E-02 
 6.2496E-02 
 5.5772E-02 
 4.9634E-02 
 4.4132E-02 
 3.9259E-02 
 3.4829E-02 
 3.0619E-02 
 4.0843E-01 
 4.0839E-01 
 4.0825E-01 
 4.0802E-01 
 4.0770E-01 
 4.0730E-01 
 4.0679E-01 
 4.0617E-01 
 4.0540E-01 
 4.0447E-01 
 4.0331E-01 
 4.0186E-01 
 3.9998E-01 
 3.9750E-01 
 3.9425E-01 
 3.9009E-01 
 3.8492E-01 
 3.7869E-01 
 3.7134E-01 
 3.6291E-01 
 3.5343E-01 
 3.4299E-01 
 3.3166E-01 
 3.1947E-01 
 3.0648E-01 
 2.9277E-01 
 2.7845E-01 
 2.6369E-01 
 2.4870E-01 
 2.3367E-01 
 2.1875E-01 
 2.0411E-01 
 1.8988E-01 
 1.7619E-01 
 1.6309E-01 
 1.5060E-01 
 1.3872E-01 
 1.2745E-01 
 1.1678E-01 
 1.0672E-01 
 9.7252E-02 
 8.8372E-02 
 8.0078E-02 
 7.2363E-02 
 6.5181E-02 
 5.8481E-02 
 5.2282E-02 
 4.6652E-02 
 4.1598E-02 
 3.6950E-02 
 3.2506E-02 
 4.2560E-01 
 4.2543E-01 
 4.2492E-01 
 4.2407E-01 
 4.2289E-01 
 4.2138E-01 
 4.1946E-01 
 4.1694E-01 
 4.1400E-01 
 4.1081E-01 
 4.0744E-01 
 4.0390E-01 
 4.0000E-01 
 3.9544E-01 
 3.8997E-01 
 3.8336E-01 
 3.7559E-01 
 3.6684E-01 
 3.5728E-01 
 3.4720E-01 
 3.3703E-01 
 3.2714E-01 
 3.1792E-01 
 3.0915E-01 
 3.0012E-01 
 2.9023E-01 
 2.7917E-01 
 2.6702E-01 
 2.5405E-01 
 2.4048E-01 
 2.2652E-01 
 2.1239E-01 
 1.9825E-01 
 1.8428E-01 
 1.7061E-01 
 1.5735E-01 
 1.4458E-01 
 1.3238E-01 
 1.2080E-01 
 1.0985E-01 
 9.9577E-02 
 8.9977E-02 
 8.1065E-02 
 7.2848E-02 
 6.5277E-02 
 5.8296E-02 
 5.1915E-02 
 4.6188E-02 
 4.1109E-02 
 3.6485E-02 
 3.2088E-02 
 3.9744E-01 
 3.9736E-01 
 3.9711E-01 
 3.9671E-01 
 3.9615E-01 
 3.9543E-01 
 3.9464E-01 
 3.9399E-01 
 3.9374E-01 
 3.9402E-01 
 3.9497E-01 
 3.9660E-01 
 3.9841E-01 
 3.9962E-01 
 3.9949E-01 
 3.9737E-01 
 3.9296E-01 
 3.8612E-01 
 3.7679E-01 
 3.6571E-01 
 3.5426E-01 
 3.4366E-01 
 3.3505E-01 
 3.2791E-01 
 3.2046E-01 
 3.1119E-01 
 2.9929E-01 
 2.8526E-01 
 2.6988E-01 
 2.5384E-01 
 2.3766E-01 
 2.2160E-01 
 2.0581E-01 
 1.9040E-01 
 1.7548E-01 
 1.6111E-01 
 1.4737E-01 
 1.3426E-01 
 1.2178E-01 
 1.0992E-01 
 9.8648E-02 
 8.7954E-02 
 7.7834E-02 
 6.8278E-02 
 5.9218E-02 
 5.0581E-02 
 4.2414E-02 
 3.4834E-02 
 2.7882E-02 
 2.1374E-02 
 1.5087E-02 
 4.0766E-01 
 4.0757E-01 
 4.0731E-01 
 4.0688E-01 
 4.0627E-01 
 4.0550E-01 
 4.0463E-01 
 4.0381E-01 
 4.0323E-01 
 4.0306E-01 
 4.0350E-01 
 4.0466E-01 
 4.0616E-01 
 4.0731E-01 
 4.0747E-01 
 4.0605E-01 
 4.0268E-01 
 3.9713E-01 
 3.8919E-01 
 3.7922E-01 
 3.6797E-01 
 3.5613E-01 
 3.4434E-01 
 3.3256E-01 
 3.2028E-01 
 3.0700E-01 
 2.9249E-01 
 2.7708E-01 
 2.6120E-01 
 2.4524E-01 
 2.2947E-01 
 2.1400E-01 
 1.9890E-01 
 1.8423E-01 
 1.7004E-01 
 1.5637E-01 
 1.4325E-01 
 1.3070E-01 
 1.1871E-01 
 1.0728E-01 
 9.6385E-02 
 8.6040E-02 
 7.6247E-02 
 6.7004E-02 
 5.8246E-02 
 4.9899E-02 
 4.2005E-02 
 3.4679E-02 
 2.7960E-02 
 2.1670E-02 
 1.5594E-02 
 4.1140E-01 
 4.1132E-01 
 4.1109E-01 
 4.1070E-01 
 4.1016E-01 
 4.0948E-01 
 4.0864E-01 
 4.0768E-01 
 4.0660E-01 
 4.0541E-01 
 4.0414E-01 
 4.0280E-01 
 4.0127E-01 
 3.9925E-01 
 3.9648E-01 
 3.9271E-01 
 3.8781E-01 
 3.8170E-01 
 3.7432E-01 
 3.6570E-01 
 3.5599E-01 
 3.4532E-01 
 3.3381E-01 
 3.2157E-01 
 3.0865E-01 
 2.9513E-01 
 2.8112E-01 
 2.6675E-01 
 2.5216E-01 
 2.3747E-01 
 2.2279E-01 
 2.0824E-01 
 1.9391E-01 
 1.7991E-01 
 1.6629E-01 
 1.5314E-01 
 1.4049E-01 
 1.2835E-01 
 1.1673E-01 
 1.0558E-01 
 9.4900E-02 
 8.4666E-02 
 7.4880E-02 
 6.5536E-02 
 5.6603E-02 
 4.8043E-02 
 3.9920E-02 
 3.2369E-02 
 2.5447E-02 
 1.8973E-02 
 1.2724E-02 
 4.1906E-01 
 4.1907E-01 
 4.1910E-01 
 4.1914E-01 
 4.1921E-01 
 4.1929E-01 
 4.1938E-01 
 4.1946E-01 
 4.1950E-01 
 4.1945E-01 
 4.1925E-01 
 4.1883E-01 
 4.1808E-01 
 4.1679E-01 
 4.1479E-01 
 4.1194E-01 
 4.0811E-01 
 4.0323E-01 
 3.9724E-01 
 3.9010E-01 
 3.8181E-01 
 3.7238E-01 
 3.6182E-01 
 3.5015E-01 
 3.3735E-01 
 3.2341E-01 
 3.0839E-01 
 2.9254E-01 
 2.7620E-01 
 2.5964E-01 
 2.4312E-01 
 2.2683E-01 
 2.1094E-01 
 1.9557E-01 
 1.8081E-01 
 1.6673E-01 
 1.5335E-01 
 1.4068E-01 
 1.2873E-01 
 1.1745E-01 
 1.0682E-01 
 9.6825E-02 
 8.7440E-02 
 7.8651E-02 
 7.0406E-02 
 6.2647E-02 
 5.5405E-02 
 4.8772E-02 
 4.2771E-02 
 3.7219E-02 
 3.1890E-02 
 3.9323E-01 
 3.9331E-01 
 3.9355E-01 
 3.9395E-01 
 3.9450E-01 
 3.9521E-01 
 3.9604E-01 
 3.9697E-01 
 3.9792E-01 
 3.9883E-01 
 3.9956E-01 
 4.0002E-01 
 3.9999E-01 
 3.9921E-01 
 3.9744E-01 
 3.9445E-01 
 3.9016E-01 
 3.8454E-01 
 3.7759E-01 
 3.6938E-01 
 3.6001E-01 
 3.4958E-01 
 3.3821E-01 
 3.2595E-01 
 3.1284E-01 
 2.9895E-01 
 2.8444E-01 
 2.6951E-01 
 2.5434E-01 
 2.3909E-01 
 2.2391E-01 
 2.0894E-01 
 1.9428E-01 
 1.8006E-01 
 1.6633E-01 
 1.5316E-01 
 1.4059E-01 
 1.2865E-01 
 1.1737E-01 
 1.0675E-01 
 9.6802E-02 
 8.7526E-02 
 7.8924E-02 
 7.0991E-02 
 6.3665E-02 
 5.6878E-02 
 5.0636E-02 
 4.4994E-02 
 3.9951E-02 
 3.5328E-02 
 3.0915E-02 
 3.9254E-01 
 3.9256E-01 
 3.9264E-01 
 3.9277E-01 
 3.9296E-01 
 3.9319E-01 
 3.9346E-01 
 3.9376E-01 
 3.9405E-01 
 3.9429E-01 
 3.9443E-01 
 3.9437E-01 
 3.9396E-01 
 3.9298E-01 
 3.9123E-01 
 3.8854E-01 
 3.8476E-01 
 3.7981E-01 
 3.7359E-01 
 3.6614E-01 
 3.5754E-01 
 3.4785E-01 
 3.3716E-01 
 3.2552E-01 
 3.1294E-01 
 2.9950E-01 
 2.8532E-01 
 2.7060E-01 
 2.5555E-01 
 2.4037E-01 
 2.2520E-01 
 2.1019E-01 
 1.9547E-01 
 1.8113E-01 
 1.6727E-01 
 1.5394E-01 
 1.4118E-01 
 1.2904E-01 
 1.1754E-01 
 1.0672E-01 
 9.6584E-02 
 8.7147E-02 
 7.8416E-02 
 7.0389E-02 
 6.3005E-02 
 5.6188E-02 
 4.9939E-02 
 4.4308E-02 
 3.9290E-02 
 3.4699E-02 
 3.0324E-02 
 3.8217E-01 
 3.8225E-01 
 3.8249E-01 
 3.8289E-01 
 3.8344E-01 
 3.8415E-01 
 3.8504E-01 
 3.8614E-01 
 3.8749E-01 
 3.8909E-01 
 3.9094E-01 
 3.9298E-01 
 3.9498E-01 
 3.9660E-01 
 3.9750E-01 
 3.9738E-01 
 3.9607E-01 
 3.9345E-01 
 3.8943E-01 
 3.8404E-01 
 3.7737E-01 
 3.6952E-01 
 3.6058E-01 
 3.5049E-01 
 3.3905E-01 
 3.2604E-01 
 3.1140E-01 
 2.9550E-01 
 2.7876E-01 
 2.6156E-01 
 2.4423E-01 
 2.2703E-01 
 2.1017E-01 
 1.9379E-01 
 1.7799E-01 
 1.6282E-01 
 1.4833E-01 
 1.3456E-01 
 1.2157E-01 
 1.0940E-01 
 9.8072E-02 
 8.7618E-02 
 7.8048E-02 
 6.9363E-02 
 6.1483E-02 
 5.4312E-02 
 4.7831E-02 
 4.2069E-02 
 3.6999E-02 
 3.2411E-02 
 2.8064E-02 
 4.0584E-01 
 4.0582E-01 
 4.0576E-01 
 4.0566E-01 
 4.0552E-01 
 4.0534E-01 
 4.0514E-01 
 4.0493E-01 
 4.0473E-01 
 4.0450E-01 
 4.0418E-01 
 4.0367E-01 
 4.0266E-01 
 4.0067E-01 
 3.9726E-01 
 3.9209E-01 
 3.8528E-01 
 3.7714E-01 
 3.6795E-01 
 3.5819E-01 
 3.4837E-01 
 3.3895E-01 
 3.3036E-01 
 3.2223E-01 
 3.1360E-01 
 3.0374E-01 
 2.9224E-01 
 2.7936E-01 
 2.6546E-01 
 2.5088E-01 
 2.3592E-01 
 2.2082E-01 
 2.0578E-01 
 1.9098E-01 
 1.7652E-01 
 1.6251E-01 
 1.4900E-01 
 1.3608E-01 
 1.2379E-01 
 1.1219E-01 
 1.0130E-01 
 9.1144E-02 
 8.1734E-02 
 7.3075E-02 
 6.5111E-02 
 5.7777E-02 
 5.1076E-02 
 4.5063E-02 
 3.9726E-02 
 3.4864E-02 
 3.0238E-02 
 4.2087E-01 
 4.2076E-01 
 4.2040E-01 
 4.1982E-01 
 4.1901E-01 
 4.1796E-01 
 4.1670E-01 
 4.1521E-01 
 4.1351E-01 
 4.1159E-01 
 4.0947E-01 
 4.0714E-01 
 4.0454E-01 
 4.0155E-01 
 3.9808E-01 
 3.9406E-01 
 3.8953E-01 
 3.8457E-01 
 3.7927E-01 
 3.7374E-01 
 3.6811E-01 
 3.6250E-01 
 3.5697E-01 
 3.5111E-01 
 3.4414E-01 
 3.3542E-01 
 3.2459E-01 
 3.1202E-01 
 2.9816E-01 
 2.8338E-01 
 2.6804E-01 
 2.5240E-01 
 2.3668E-01 
 2.2108E-01 
 2.0575E-01 
 1.9081E-01 
 1.7638E-01 
 1.6251E-01 
 1.4926E-01 
 1.3665E-01 
 1.2470E-01 
 1.1341E-01 
 1.0279E-01 
 9.2841E-02 
 8.3515E-02 
 7.4748E-02 
 6.6583E-02 
 5.9121E-02 
 5.2378E-02 
 4.6142E-02 
 4.0158E-02 


!chie from confinement nodes
POINTS 51 GRIDTYPE 14 NAMEXP CAR5 NTIMES 32 
 3.0030E-01 
  3.2530E-01 
  3.5030E-01 
  3.7530E-01 
  4.0030E-01 
  4.2530E-01 
  4.5030E-01 
  4.7530E-01 
  5.0030E-01 
  5.2530E-01 
  5.5030E-01 
  5.7530E-01 
  6.0030E-01 
  6.2530E-01 
  6.5030E-01 
  6.7530E-01 
  7.0030E-01 
  7.2530E-01 
  7.5030E-01 
  7.7530E-01 
  8.0030E-01 
  8.2530E-01 
  8.5030E-01 
  8.7530E-01 
  9.0030E-01 
  9.2530E-01 
  9.5030E-01 
  9.7530E-01 
  1.0003E+00 
  1.0253E+00 
  1.0503E+00 
  1.0753E+00 
  0.0000E+00 
  2.0000E-02 
  4.0000E-02 
  6.0000E-02 
  8.0000E-02 
  1.0000E-01 
  1.2000E-01 
  1.4000E-01 
  1.6000E-01 
  1.8000E-01 
  2.0000E-01 
  2.2000E-01 
  2.4000E-01 
  2.6000E-01 
  2.8000E-01 
  3.0000E-01 
  3.2000E-01 
  3.4000E-01 
  3.6000E-01 
  3.8000E-01 
  4.0000E-01 
  4.2000E-01 
  4.4000E-01 
  4.6000E-01 
  4.8000E-01 
  5.0000E-01 
  5.2000E-01 
  5.4000E-01 
  5.6000E-01 
  5.8000E-01 
  6.0000E-01 
  6.2000E-01 
  6.4000E-01 
  6.6000E-01 
  6.8000E-01 
  7.0000E-01 
  7.2000E-01 
  7.4000E-01 
  7.6000E-01 
  7.8000E-01 
  8.0000E-01 
  8.2000E-01 
  8.4000E-01 
  8.6000E-01 
  8.8000E-01 
  9.0000E-01 
  9.2000E-01 
  9.4000E-01 
  9.6000E-01 
  9.8000E-01 
  1.0000E+00 
  0.0000E+00 
 0.0000E+00 
 0.0000E+00 
 0.0000E+00 
 0.0000E+00 
 0.0000E+00 
 0.0000E+00 
 0.0000E+00 
 0.0000E+00 
 0.0000E+00 
 0.0000E+00 
 0.0000E+00 
 0.0000E+00 
 0.0000E+00 
 0.0000E+00 
 0.0000E+00 
 0.0000E+00 
 0.0000E+00 
 0.0000E+00 
 0.0000E+00 
 0.0000E+00 
 0.0000E+00 
 0.0000E+00 
 0.0000E+00 
 0.0000E+00 
 0.0000E+00 
 0.0000E+00 
 0.0000E+00 
 0.0000E+00 
 0.0000E+00 
 0.0000E+00 
 0.0000E+00 
 0.0000E+00 
 0.0000E+00 
 0.0000E+00 
 0.0000E+00 
 0.0000E+00 
 0.0000E+00 
 0.0000E+00 
 0.0000E+00 
 0.0000E+00 
 0.0000E+00 
 0.0000E+00 
 0.0000E+00 
 0.0000E+00 
 0.0000E+00 
 0.0000E+00 
 0.0000E+00 
 0.0000E+00 
 0.0000E+00 
 0.0000E+00 
 0.0000E+00 
 0.0000E+00 
 0.0000E+00 
 0.0000E+00 
 0.0000E+00 
 0.0000E+00 
 0.0000E+00 
 0.0000E+00 
 0.0000E+00 
 0.0000E+00 
 0.0000E+00 
 0.0000E+00 
 0.0000E+00 
 0.0000E+00 
 0.0000E+00 
 0.0000E+00 
 0.0000E+00 
 0.0000E+00 
 0.0000E+00 
 0.0000E+00 
 0.0000E+00 
 0.0000E+00 
 0.0000E+00 
 0.0000E+00 
 0.0000E+00 
 0.0000E+00 
 0.0000E+00 
 0.0000E+00 
 0.0000E+00 
 0.0000E+00 
 0.0000E+00 
 0.0000E+00 
 0.0000E+00 
 0.0000E+00 
 0.0000E+00 
 0.0000E+00 
 0.0000E+00 
 0.0000E+00 
 0.0000E+00 
 0.0000E+00 
 0.0000E+00 
 0.0000E+00 
 0.0000E+00 
 0.0000E+00 
 0.0000E+00 
 0.0000E+00 
 0.0000E+00 
 0.0000E+00 
 0.0000E+00 
 0.0000E+00 
 0.0000E+00 
 0.0000E+00 
 0.0000E+00 
 0.0000E+00 
 0.0000E+00 
 0.0000E+00 
 0.0000E+00 
 0.0000E+00 
 0.0000E+00 
 0.0000E+00 
 0.0000E+00 
 0.0000E+00 
 0.0000E+00 
 0.0000E+00 
 0.0000E+00 
 0.0000E+00 
 0.0000E+00 
 0.0000E+00 
 0.0000E+00 
 0.0000E+00 
 0.0000E+00 
 0.0000E+00 
 0.0000E+00 
 0.0000E+00 
 0.0000E+00 
 0.0000E+00 
 0.0000E+00 
 0.0000E+00 
 0.0000E+00 
 0.0000E+00 
 0.0000E+00 
 0.0000E+00 
 0.0000E+00 
 0.0000E+00 
 0.0000E+00 
 0.0000E+00 
 0.0000E+00 
 0.0000E+00 
 0.0000E+00 
 0.0000E+00 
 0.0000E+00 
 0.0000E+00 
 0.0000E+00 
 0.0000E+00 
 0.0000E+00 
 0.0000E+00 
 0.0000E+00 
 0.0000E+00 
 0.0000E+00 
 0.0000E+00 
 0.0000E+00 
 0.0000E+00 
 0.0000E+00 
 0.0000E+00 
 0.0000E+00 
 0.0000E+00 
 0.0000E+00 
 0.0000E+00 
 0.0000E+00 
 0.0000E+00 
 0.0000E+00 
 0.0000E+00 
 0.0000E+00 
 0.0000E+00 
 0.0000E+00 
 0.0000E+00 
 0.0000E+00 
 0.0000E+00 
 0.0000E+00 
 0.0000E+00 
 0.0000E+00 
 0.0000E+00 
 0.0000E+00 
 0.0000E+00 
 0.0000E+00 
 0.0000E+00 
 0.0000E+00 
 0.0000E+00 
 0.0000E+00 
 0.0000E+00 
 0.0000E+00 
 0.0000E+00 
 0.0000E+00 
 0.0000E+00 
 0.0000E+00 
 0.0000E+00 
 0.0000E+00 
 0.0000E+00 
 0.0000E+00 
 0.0000E+00 
 0.0000E+00 
 0.0000E+00 
 0.0000E+00 
 0.0000E+00 
 0.0000E+00 
 0.0000E+00 
 0.0000E+00 
 0.0000E+00 
 0.0000E+00 
 0.0000E+00 
 0.0000E+00 
 0.0000E+00 
 0.0000E+00 
 0.0000E+00 
 0.0000E+00 
 0.0000E+00 
 0.0000E+00 
 0.0000E+00 
 0.0000E+00 
 0.0000E+00 
 0.0000E+00 
 0.0000E+00 
 0.0000E+00 
 0.0000E+00 
 0.0000E+00 
 0.0000E+00 
 0.0000E+00 
 0.0000E+00 
 0.0000E+00 
 0.0000E+00 
 0.0000E+00 
 0.0000E+00 
 0.0000E+00 
 0.0000E+00 
 0.0000E+00 
 0.0000E+00 
 0.0000E+00 
 0.0000E+00 
 0.0000E+00 
 0.0000E+00 
 0.0000E+00 
 0.0000E+00 
 0.0000E+00 
 0.0000E+00 
 0.0000E+00 
 0.0000E+00 
 0.0000E+00 
 0.0000E+00 
 0.0000E+00 
 0.0000E+00 
 0.0000E+00 
 0.0000E+00 
 0.0000E+00 
 0.0000E+00 
 0.0000E+00 
 0.0000E+00 
 0.0000E+00 
 0.0000E+00 
 0.0000E+00 
 0.0000E+00 
 0.0000E+00 
 0.0000E+00 
 0.0000E+00 
 0.0000E+00 
 0.0000E+00 
 0.0000E+00 
 0.0000E+00 
 0.0000E+00 
 0.0000E+00 
 0.0000E+00 
 0.0000E+00 
 0.0000E+00 
 0.0000E+00 
 0.0000E+00 
 0.0000E+00 
 0.0000E+00 
 0.0000E+00 
 0.0000E+00 
 0.0000E+00 
 0.0000E+00 
 0.0000E+00 
 0.0000E+00 
 0.0000E+00 
 0.0000E+00 
 0.0000E+00 
 0.0000E+00 
 0.0000E+00 
 0.0000E+00 
 0.0000E+00 
 0.0000E+00 
 0.0000E+00 
 0.0000E+00 
 0.0000E+00 
 0.0000E+00 
 0.0000E+00 
 0.0000E+00 
 0.0000E+00 
 0.0000E+00 
 0.0000E+00 
 0.0000E+00 
 0.0000E+00 
 0.0000E+00 
 0.0000E+00 
 0.0000E+00 
 0.0000E+00 
 0.0000E+00 
 0.0000E+00 
 0.0000E+00 
 0.0000E+00 
 0.0000E+00 
 0.0000E+00 
 0.0000E+00 
 0.0000E+00 
 0.0000E+00 
 0.0000E+00 
 0.0000E+00 
 0.0000E+00 
 0.0000E+00 
 0.0000E+00 
 0.0000E+00 
 0.0000E+00 
 0.0000E+00 
 0.0000E+00 
 0.0000E+00 
 0.0000E+00 
 0.0000E+00 
 0.0000E+00 
 0.0000E+00 
 0.0000E+00 
 0.0000E+00 
 0.0000E+00 
 0.0000E+00 
 0.0000E+00 
 0.0000E+00 
 0.0000E+00 
 0.0000E+00 
 0.0000E+00 
 0.0000E+00 
 0.0000E+00 
 0.0000E+00 
 0.0000E+00 
 0.0000E+00 
 0.0000E+00 
 0.0000E+00 
 0.0000E+00 
 0.0000E+00 
 0.0000E+00 
 0.0000E+00 
 0.0000E+00 
 0.0000E+00 
 0.0000E+00 
 0.0000E+00 
 0.0000E+00 
 0.0000E+00 
 0.0000E+00 
 0.0000E+00 
 0.0000E+00 
 0.0000E+00 
 0.0000E+00 
 0.0000E+00 
 0.0000E+00 
 0.0000E+00 
 0.0000E+00 
 0.0000E+00 
 0.0000E+00 
 0.0000E+00 
 0.0000E+00 
 0.0000E+00 
 0.0000E+00 
 0.0000E+00 
 0.0000E+00 
 0.0000E+00 
 0.0000E+00 
 0.0000E+00 
 0.0000E+00 
 0.0000E+00 
 0.0000E+00 
 0.0000E+00 
 0.0000E+00 
 0.0000E+00 
 0.0000E+00 
 0.0000E+00 
 0.0000E+00 
 0.0000E+00 
 0.0000E+00 
 0.0000E+00 
 0.0000E+00 
 0.0000E+00 
 0.0000E+00 
 0.0000E+00 
 0.0000E+00 
 0.0000E+00 
 0.0000E+00 
 0.0000E+00 
 0.0000E+00 
 0.0000E+00 
 0.0000E+00 
 0.0000E+00 
 0.0000E+00 
 0.0000E+00 
 0.0000E+00 
 0.0000E+00 
 0.0000E+00 
 0.0000E+00 
 0.0000E+00 
 0.0000E+00 
 0.0000E+00 
 0.0000E+00 
 0.0000E+00 
 0.0000E+00 
 0.0000E+00 
 0.0000E+00 
 0.0000E+00 
 0.0000E+00 
 0.0000E+00 
 0.0000E+00 
 0.0000E+00 
 0.0000E+00 
 0.0000E+00 
 0.0000E+00 
 0.0000E+00 
 0.0000E+00 
 0.0000E+00 
 0.0000E+00 
 0.0000E+00 
 0.0000E+00 
 0.0000E+00 
 0.0000E+00 
 0.0000E+00 
 0.0000E+00 
 0.0000E+00 
 0.0000E+00 
 0.0000E+00 
 0.0000E+00 
 0.0000E+00 
 0.0000E+00 
 0.0000E+00 
 0.0000E+00 
 0.0000E+00 
 0.0000E+00 
 0.0000E+00 
 0.0000E+00 
 0.0000E+00 
 0.0000E+00 
 0.0000E+00 
 0.0000E+00 
 0.0000E+00 
 0.0000E+00 
 0.0000E+00 
 0.0000E+00 
 0.0000E+00 
 0.0000E+00 
 0.0000E+00 
 0.0000E+00 
 0.0000E+00 
 0.0000E+00 
 0.0000E+00 
 0.0000E+00 
 0.0000E+00 
 0.0000E+00 
 0.0000E+00 
 0.0000E+00 
 0.0000E+00 
 0.0000E+00 
 0.0000E+00 
 0.0000E+00 
 0.0000E+00 
 0.0000E+00 
 0.0000E+00 
 0.0000E+00 
 0.0000E+00 
 0.0000E+00 
 0.0000E+00 
 0.0000E+00 
 0.0000E+00 
 0.0000E+00 
 0.0000E+00 
 0.0000E+00 
 0.0000E+00 
 0.0000E+00 
 0.0000E+00 
 0.0000E+00 
 0.0000E+00 
 0.0000E+00 
 0.0000E+00 
 0.0000E+00 
 0.0000E+00 
 0.0000E+00 
 0.0000E+00 
 0.0000E+00 
 0.0000E+00 
 0.0000E+00 
 0.0000E+00 
 0.0000E+00 
 0.0000E+00 
 0.0000E+00 
 0.0000E+00 
 0.0000E+00 
 0.0000E+00 
 0.0000E+00 
 0.0000E+00 
 0.0000E+00 
 0.0000E+00 
 0.0000E+00 
 0.0000E+00 
 0.0000E+00 
 0.0000E+00 
 0.0000E+00 
 0.0000E+00 
 0.0000E+00 
 0.0000E+00 
 0.0000E+00 
 0.0000E+00 
 0.0000E+00 
 0.0000E+00 
 0.0000E+00 
 0.0000E+00 
 0.0000E+00 
 0.0000E+00 
 0.0000E+00 
 0.0000E+00 
 0.0000E+00 
 0.0000E+00 
 0.0000E+00 
 0.0000E+00 
 0.0000E+00 
 0.0000E+00 
 0.0000E+00 
 0.0000E+00 
 0.0000E+00 
 0.0000E+00 
 0.0000E+00 
 0.0000E+00 
 0.0000E+00 
 0.0000E+00 
 0.0000E+00 
 0.0000E+00 
 0.0000E+00 
 0.0000E+00 
 0.0000E+00 
 0.0000E+00 
 0.0000E+00 
 0.0000E+00 
 0.0000E+00 
 0.0000E+00 
 0.0000E+00 
 0.0000E+00 
 0.0000E+00 
 0.0000E+00 
 0.0000E+00 
 0.0000E+00 
 0.0000E+00 
 0.0000E+00 
 0.0000E+00 
 0.0000E+00 
 0.0000E+00 
 0.0000E+00 
 0.0000E+00 
 0.0000E+00 
 0.0000E+00 
 0.0000E+00 
 0.0000E+00 
 0.0000E+00 
 0.0000E+00 
 0.0000E+00 
 0.0000E+00 
 0.0000E+00 
 0.0000E+00 
 0.0000E+00 
 0.0000E+00 
 0.0000E+00 
 0.0000E+00 
 0.0000E+00 
 0.0000E+00 
 0.0000E+00 
 0.0000E+00 
 0.0000E+00 
 0.0000E+00 
 0.0000E+00 
 0.0000E+00 
 0.0000E+00 
 0.0000E+00 
 0.0000E+00 
 0.0000E+00 
 0.0000E+00 
 0.0000E+00 
 0.0000E+00 
 0.0000E+00 
 0.0000E+00 
 0.0000E+00 
 0.0000E+00 
 0.0000E+00 
 0.0000E+00 
 0.0000E+00 
 0.0000E+00 
 0.0000E+00 
 0.0000E+00 
 0.0000E+00 
 0.0000E+00 
 0.0000E+00 
 0.0000E+00 
 0.0000E+00 
 0.0000E+00 
 0.0000E+00 
 0.0000E+00 
 0.0000E+00 
 0.0000E+00 
 0.0000E+00 
 0.0000E+00 
 0.0000E+00 
 0.0000E+00 
 0.0000E+00 
 0.0000E+00 
 0.0000E+00 
 0.0000E+00 
 0.0000E+00 
 0.0000E+00 
 0.0000E+00 
 0.0000E+00 
 0.0000E+00 
 0.0000E+00 
 0.0000E+00 
 0.0000E+00 
 0.0000E+00 
 0.0000E+00 
 0.0000E+00 
 0.0000E+00 
 0.0000E+00 
 0.0000E+00 
 0.0000E+00 
 0.0000E+00 
 0.0000E+00 
 0.0000E+00 
 0.0000E+00 
 0.0000E+00 
 0.0000E+00 
 0.0000E+00 
 0.0000E+00 
 0.0000E+00 
 0.0000E+00 
 0.0000E+00 
 0.0000E+00 
 0.0000E+00 
 0.0000E+00 
 0.0000E+00 
 0.0000E+00 
 0.0000E+00 
 0.0000E+00 
 0.0000E+00 
 0.0000E+00 
 0.0000E+00 
 0.0000E+00 
 0.0000E+00 
 0.0000E+00 
 0.0000E+00 
 0.0000E+00 
 0.0000E+00 
 0.0000E+00 
 0.0000E+00 
 0.0000E+00 
 0.0000E+00 
 0.0000E+00 
 0.0000E+00 
 0.0000E+00 
 0.0000E+00 
 0.0000E+00 
 0.0000E+00 
 0.0000E+00 
 0.0000E+00 
 0.0000E+00 
 0.0000E+00 
 0.0000E+00 
 0.0000E+00 
 0.0000E+00 
 0.0000E+00 
 0.0000E+00 
 0.0000E+00 
 0.0000E+00 
 0.0000E+00 
 0.0000E+00 
 0.0000E+00 
 0.0000E+00 
 0.0000E+00 
 0.0000E+00 
 0.0000E+00 
 0.0000E+00 
 0.0000E+00 
 0.0000E+00 
 0.0000E+00 
 0.0000E+00 
 0.0000E+00 
 0.0000E+00 
 0.0000E+00 
 0.0000E+00 
 0.0000E+00 
 0.0000E+00 
 0.0000E+00 
 0.0000E+00 
 0.0000E+00 
 0.0000E+00 
 0.0000E+00 
 0.0000E+00 
 0.0000E+00 
 0.0000E+00 
 0.0000E+00 
 0.0000E+00 
 0.0000E+00 
 0.0000E+00 
 0.0000E+00 
 0.0000E+00 
 0.0000E+00 
 0.0000E+00 
 0.0000E+00 
 0.0000E+00 
 0.0000E+00 
 0.0000E+00 
 0.0000E+00 
 0.0000E+00 
 0.0000E+00 
 0.0000E+00 
 0.0000E+00 
 0.0000E+00 
 0.0000E+00 
 0.0000E+00 
 0.0000E+00 
 0.0000E+00 
 0.0000E+00 
 0.0000E+00 
 0.0000E+00 
 0.0000E+00 
 0.0000E+00 
 0.0000E+00 
 0.0000E+00 
 0.0000E+00 
 0.0000E+00 
 0.0000E+00 
 0.0000E+00 
 0.0000E+00 
 0.0000E+00 
 0.0000E+00 
 0.0000E+00 
 0.0000E+00 
 0.0000E+00 
 0.0000E+00 
 0.0000E+00 
 0.0000E+00 
 0.0000E+00 
 0.0000E+00 
 0.0000E+00 
 0.0000E+00 
 0.0000E+00 
 0.0000E+00 
 0.0000E+00 
 0.0000E+00 
 0.0000E+00 
 0.0000E+00 
 0.0000E+00 
 0.0000E+00 
 0.0000E+00 
 0.0000E+00 
 0.0000E+00 
 0.0000E+00 
 0.0000E+00 
 0.0000E+00 
 0.0000E+00 
 0.0000E+00 
 0.0000E+00 
 0.0000E+00 
 0.0000E+00 
 0.0000E+00 
 0.0000E+00 
 0.0000E+00 
 0.0000E+00 
 0.0000E+00 
 0.0000E+00 
 0.0000E+00 
 0.0000E+00 
 0.0000E+00 
 0.0000E+00 
 0.0000E+00 
 0.0000E+00 
 0.0000E+00 
 0.0000E+00 
 0.0000E+00 
 0.0000E+00 
 0.0000E+00 
 0.0000E+00 
 0.0000E+00 
 0.0000E+00 
 0.0000E+00 
 0.0000E+00 
 0.0000E+00 
 0.0000E+00 
 0.0000E+00 
 0.0000E+00 
 0.0000E+00 
 0.0000E+00 
 0.0000E+00 
 0.0000E+00 
 0.0000E+00 
 0.0000E+00 
 0.0000E+00 
 0.0000E+00 
 0.0000E+00 
 0.0000E+00 
 0.0000E+00 
 0.0000E+00 
 0.0000E+00 
 0.0000E+00 
 0.0000E+00 
 0.0000E+00 
 0.0000E+00 
 0.0000E+00 
 0.0000E+00 
 0.0000E+00 
 0.0000E+00 
 0.0000E+00 
 0.0000E+00 
 0.0000E+00 
 0.0000E+00 
 0.0000E+00 
 0.0000E+00 
 0.0000E+00 
 0.0000E+00 
 0.0000E+00 
 0.0000E+00 
 0.0000E+00 
 0.0000E+00 
 0.0000E+00 
 0.0000E+00 
 0.0000E+00 
 0.0000E+00 
 0.0000E+00 
 0.0000E+00 
 0.0000E+00 
 0.0000E+00 
 0.0000E+00 
 0.0000E+00 
 0.0000E+00 
 0.0000E+00 
 0.0000E+00 
 0.0000E+00 
 0.0000E+00 
 0.0000E+00 
 0.0000E+00 
 0.0000E+00 
 0.0000E+00 
 0.0000E+00 
 0.0000E+00 
 0.0000E+00 
 0.0000E+00 
 0.0000E+00 
 0.0000E+00 
 0.0000E+00 
 0.0000E+00 
 0.0000E+00 
 0.0000E+00 
 0.0000E+00 
 0.0000E+00 
 0.0000E+00 
 0.0000E+00 
 0.0000E+00 
 0.0000E+00 
 0.0000E+00 
 0.0000E+00 
 0.0000E+00 
 0.0000E+00 
 0.0000E+00 
 0.0000E+00 
 0.0000E+00 
 0.0000E+00 
 0.0000E+00 
 0.0000E+00 
 0.0000E+00 
 0.0000E+00 
 0.0000E+00 
 0.0000E+00 
 0.0000E+00 
 0.0000E+00 
 0.0000E+00 
 0.0000E+00 
 0.0000E+00 
 0.0000E+00 
 0.0000E+00 
 0.0000E+00 
 0.0000E+00 
 0.0000E+00 
 0.0000E+00 
 0.0000E+00 
 0.0000E+00 
 0.0000E+00 
 0.0000E+00 
 0.0000E+00 
 0.0000E+00 
 0.0000E+00 
 0.0000E+00 
 0.0000E+00 
 0.0000E+00 
 0.0000E+00 
 0.0000E+00 
 0.0000E+00 
 0.0000E+00 
 0.0000E+00 
 0.0000E+00 
 0.0000E+00 
 0.0000E+00 
 0.0000E+00 
 0.0000E+00 
 0.0000E+00 
 0.0000E+00 
 0.0000E+00 
 0.0000E+00 
 0.0000E+00 
 0.0000E+00 
 0.0000E+00 
 0.0000E+00 
 0.0000E+00 
 0.0000E+00 
 0.0000E+00 
 0.0000E+00 
 0.0000E+00 
 0.0000E+00 
 0.0000E+00 
 0.0000E+00 
 0.0000E+00 
 0.0000E+00 
 0.0000E+00 
 0.0000E+00 
 0.0000E+00 
 0.0000E+00 
 0.0000E+00 
 0.0000E+00 
 0.0000E+00 
 0.0000E+00 
 0.0000E+00 
 0.0000E+00 
 0.0000E+00 
 0.0000E+00 
 0.0000E+00 
 0.0000E+00 
 0.0000E+00 
 0.0000E+00 
 0.0000E+00 
 0.0000E+00 
 0.0000E+00 
 0.0000E+00 
 0.0000E+00 
 0.0000E+00 
 0.0000E+00 
 0.0000E+00 
 0.0000E+00 
 0.0000E+00 
 0.0000E+00 
 0.0000E+00 
 0.0000E+00 
 0.0000E+00 
 0.0000E+00 
 0.0000E+00 
 0.0000E+00 
 0.0000E+00 
 0.0000E+00 
 0.0000E+00 
 0.0000E+00 
 0.0000E+00 
 0.0000E+00 
 0.0000E+00 
 0.0000E+00 
 0.0000E+00 
 0.0000E+00 
 0.0000E+00 
 0.0000E+00 
 0.0000E+00 
 0.0000E+00 
 0.0000E+00 
 0.0000E+00 
 0.0000E+00 
 0.0000E+00 
 0.0000E+00 
 0.0000E+00 
 0.0000E+00 
 0.0000E+00 
 0.0000E+00 
 0.0000E+00 
 0.0000E+00 
 0.0000E+00 
 0.0000E+00 
 0.0000E+00 
 0.0000E+00 
 0.0000E+00 
 0.0000E+00 
 0.0000E+00 
 0.0000E+00 
 0.0000E+00 
 0.0000E+00 
 0.0000E+00 
 0.0000E+00 
 0.0000E+00 
 0.0000E+00 
 0.0000E+00 
 0.0000E+00 
 0.0000E+00 
 0.0000E+00 
 0.0000E+00 
 0.0000E+00 
 0.0000E+00 
 0.0000E+00 
 0.0000E+00 
 0.0000E+00 
 0.0000E+00 
 0.0000E+00 
 0.0000E+00 
 0.0000E+00 
 0.0000E+00 
 0.0000E+00 
 0.0000E+00 
 0.0000E+00 
 0.0000E+00 
 0.0000E+00 
 0.0000E+00 
 0.0000E+00 
 0.0000E+00 
 0.0000E+00 
 0.0000E+00 
 0.0000E+00 
 0.0000E+00 
 0.0000E+00 
 0.0000E+00 
 0.0000E+00 
 0.0000E+00 
 0.0000E+00 
 0.0000E+00 
 0.0000E+00 
 0.0000E+00 
 0.0000E+00 
 0.0000E+00 
 0.0000E+00 
 0.0000E+00 
 0.0000E+00 
 0.0000E+00 
 0.0000E+00 
 0.0000E+00 
 0.0000E+00 
 0.0000E+00 
 0.0000E+00 
 0.0000E+00 
 0.0000E+00 
 0.0000E+00 
 0.0000E+00 
 0.0000E+00 
 0.0000E+00 
 0.0000E+00 
 0.0000E+00 
 0.0000E+00 
 0.0000E+00 
 0.0000E+00 
 0.0000E+00 
 0.0000E+00 
 0.0000E+00 
 0.0000E+00 
 0.0000E+00 
 0.0000E+00 
 0.0000E+00 
 0.0000E+00 
 0.0000E+00 
 0.0000E+00 
 0.0000E+00 
 0.0000E+00 
 0.0000E+00 
 0.0000E+00 
 0.0000E+00 
 0.0000E+00 
 0.0000E+00 
 0.0000E+00 
 0.0000E+00 
 0.0000E+00 
 0.0000E+00 
 0.0000E+00 
 0.0000E+00 
 0.0000E+00 
 0.0000E+00 
 0.0000E+00 
 0.0000E+00 
 0.0000E+00 
 0.0000E+00 
 0.0000E+00 
 0.0000E+00 
 0.0000E+00 
 0.0000E+00 
 0.0000E+00 
 0.0000E+00 
 0.0000E+00 
 0.0000E+00 
 0.0000E+00 
 0.0000E+00 
 0.0000E+00 
 0.0000E+00 
 0.0000E+00 
 0.0000E+00 
 0.0000E+00 
 0.0000E+00 
 0.0000E+00 
 0.0000E+00 
 0.0000E+00 
 0.0000E+00 
 0.0000E+00 
 0.0000E+00 
 0.0000E+00 
 0.0000E+00 
 0.0000E+00 
 0.0000E+00 
 0.0000E+00 
 0.0000E+00 
 0.0000E+00 
 0.0000E+00 
 0.0000E+00 
 0.0000E+00 
 0.0000E+00 
 0.0000E+00 
 0.0000E+00 
 0.0000E+00 
 0.0000E+00 
 0.0000E+00 
 0.0000E+00 
 0.0000E+00 
 0.0000E+00 
 0.0000E+00 
 0.0000E+00 
 0.0000E+00 
 0.0000E+00 
 0.0000E+00 
 0.0000E+00 
 0.0000E+00 
 0.0000E+00 
 0.0000E+00 
 0.0000E+00 
 0.0000E+00 
 0.0000E+00 
 0.0000E+00 
 0.0000E+00 
 0.0000E+00 
 0.0000E+00 
 0.0000E+00 
 0.0000E+00 
 0.0000E+00 
 0.0000E+00 
 0.0000E+00 
 0.0000E+00 
 0.0000E+00 
 0.0000E+00 
 0.0000E+00 
 0.0000E+00 
 0.0000E+00 
 0.0000E+00 
 0.0000E+00 
 0.0000E+00 
 0.0000E+00 
 0.0000E+00 
 0.0000E+00 
 0.0000E+00 
 0.0000E+00 
 0.0000E+00 
 0.0000E+00 
 0.0000E+00 
 0.0000E+00 
 0.0000E+00 
 0.0000E+00 
 0.0000E+00 
 0.0000E+00 
 0.0000E+00 
 0.0000E+00 
 0.0000E+00 
 0.0000E+00 
 0.0000E+00 
 0.0000E+00 
 0.0000E+00 
 0.0000E+00 
 0.0000E+00 
 0.0000E+00 
 0.0000E+00 
 0.0000E+00 
 0.0000E+00 
 0.0000E+00 
 0.0000E+00 
 0.0000E+00 
 0.0000E+00 
 0.0000E+00 
 0.0000E+00 
 0.0000E+00 
 0.0000E+00 
 0.0000E+00 
 0.0000E+00 
 0.0000E+00 
 0.0000E+00 
 0.0000E+00 
 0.0000E+00 
 0.0000E+00 
 0.0000E+00 
 0.0000E+00 
 0.0000E+00 
 0.0000E+00 
 0.0000E+00 
 0.0000E+00 
 0.0000E+00 
 0.0000E+00 
 0.0000E+00 
 0.0000E+00 
 0.0000E+00 
 0.0000E+00 
 0.0000E+00 
 0.0000E+00 
 0.0000E+00 
 0.0000E+00 
 0.0000E+00 
 0.0000E+00 
 0.0000E+00 
 0.0000E+00 
 0.0000E+00 
 0.0000E+00 
 0.0000E+00 
 0.0000E+00 
 0.0000E+00 
 0.0000E+00 
 0.0000E+00 
 0.0000E+00 
 0.0000E+00 
 0.0000E+00 
 0.0000E+00 
 0.0000E+00 
 0.0000E+00 
 0.0000E+00 
 0.0000E+00 
 0.0000E+00 
 0.0000E+00 
 0.0000E+00 
 0.0000E+00 
 0.0000E+00 
 0.0000E+00 
 0.0000E+00 
 0.0000E+00 
 0.0000E+00 
 0.0000E+00 
 0.0000E+00 
 0.0000E+00 
 0.0000E+00 
 0.0000E+00 
 0.0000E+00 
 0.0000E+00 
 0.0000E+00 
 0.0000E+00 
 0.0000E+00 
 0.0000E+00 
 0.0000E+00 
 0.0000E+00 
 0.0000E+00 
 0.0000E+00 
 0.0000E+00 
 0.0000E+00 
 0.0000E+00 
 0.0000E+00 
 0.0000E+00 
 0.0000E+00 
 0.0000E+00 
 0.0000E+00 
 0.0000E+00 
 0.0000E+00 
 0.0000E+00 
 0.0000E+00 
 0.0000E+00 
 0.0000E+00 
 0.0000E+00 
 0.0000E+00 
 0.0000E+00 
 0.0000E+00 
 0.0000E+00 
 0.0000E+00 
 0.0000E+00 
 0.0000E+00 
 0.0000E+00 
 0.0000E+00 
 0.0000E+00 
 0.0000E+00 
 0.0000E+00 
 0.0000E+00 
 0.0000E+00 
 0.0000E+00 
 0.0000E+00 
 0.0000E+00 
 0.0000E+00 
 0.0000E+00 
 0.0000E+00 
 0.0000E+00 
 0.0000E+00 
 0.0000E+00 
 0.0000E+00 
 0.0000E+00 
 0.0000E+00 
 0.0000E+00 
 0.0000E+00 
 0.0000E+00 
 0.0000E+00 
 0.0000E+00 
 0.0000E+00 
 0.0000E+00 
 0.0000E+00 
 0.0000E+00 
 0.0000E+00 
 0.0000E+00 
 0.0000E+00 
 0.0000E+00 
 0.0000E+00 
 0.0000E+00 
 0.0000E+00 
 0.0000E+00 
 0.0000E+00 
 0.0000E+00 
 0.0000E+00 
 0.0000E+00 
 0.0000E+00 
 0.0000E+00 
 0.0000E+00 
 0.0000E+00 
 0.0000E+00 
 0.0000E+00 
 0.0000E+00 
 0.0000E+00 
 0.0000E+00 
 0.0000E+00 
 0.0000E+00 
 0.0000E+00 
 0.0000E+00 
 0.0000E+00 
 0.0000E+00 
 0.0000E+00 
 0.0000E+00 
 0.0000E+00 
 0.0000E+00 
 0.0000E+00 
 0.0000E+00 
 0.0000E+00 
 0.0000E+00 
 0.0000E+00 
 0.0000E+00 
 0.0000E+00 
 0.0000E+00 
 0.0000E+00 
 0.0000E+00 
 0.0000E+00 
 0.0000E+00 
 0.0000E+00 
 0.0000E+00 
 0.0000E+00 
 0.0000E+00 
 0.0000E+00 
 0.0000E+00 
 0.0000E+00 
 0.0000E+00 
 0.0000E+00 
 0.0000E+00 
 0.0000E+00 
 0.0000E+00 
 0.0000E+00 
 0.0000E+00 
 0.0000E+00 
 0.0000E+00 
 0.0000E+00 
 0.0000E+00 
 0.0000E+00 
 0.0000E+00 
 0.0000E+00 
 0.0000E+00 
 0.0000E+00 
 0.0000E+00 
 0.0000E+00 
 0.0000E+00 
 0.0000E+00 
 0.0000E+00 
 0.0000E+00 
 0.0000E+00 
 0.0000E+00 
 0.0000E+00 
 0.0000E+00 
 0.0000E+00 
 0.0000E+00 
 0.0000E+00 
 0.0000E+00 
 0.0000E+00 
 0.0000E+00 
 0.0000E+00 
 0.0000E+00 
 0.0000E+00 
 0.0000E+00 
 0.0000E+00 
 0.0000E+00 
 0.0000E+00 
 0.0000E+00 
 0.0000E+00 
 0.0000E+00 
 0.0000E+00 
 0.0000E+00 
 0.0000E+00 
 0.0000E+00 
 0.0000E+00 
 0.0000E+00 
 0.0000E+00 
 0.0000E+00 
 0.0000E+00 
 0.0000E+00 
 0.0000E+00 
 0.0000E+00 
 0.0000E+00 
 0.0000E+00 
 0.0000E+00 
 0.0000E+00 
 0.0000E+00 
 0.0000E+00 
 0.0000E+00 
 0.0000E+00 
 0.0000E+00 
 0.0000E+00 
 0.0000E+00 
 0.0000E+00 
 0.0000E+00 
 0.0000E+00 
 0.0000E+00 
 0.0000E+00 
 0.0000E+00 
 0.0000E+00 
 0.0000E+00 
 0.0000E+00 
 0.0000E+00 
 0.0000E+00 
 0.0000E+00 
 0.0000E+00 
 0.0000E+00 
 0.0000E+00 
 0.0000E+00 
 0.0000E+00 
 0.0000E+00 
 0.0000E+00 
 0.0000E+00 
 0.0000E+00 
 0.0000E+00 
 0.0000E+00 
 0.0000E+00 
 0.0000E+00 
 0.0000E+00 
 0.0000E+00 
 0.0000E+00 
 0.0000E+00 
 0.0000E+00 
 0.0000E+00 
 0.0000E+00 
 0.0000E+00 
 0.0000E+00 
 0.0000E+00 
 0.0000E+00 
 0.0000E+00 
 0.0000E+00 
 0.0000E+00 
 0.0000E+00 
 0.0000E+00 
 0.0000E+00 
 0.0000E+00 
 0.0000E+00 
 0.0000E+00 
 0.0000E+00 
 0.0000E+00 
 0.0000E+00 
 0.0000E+00 
 0.0000E+00 
 0.0000E+00 
 0.0000E+00 
 0.0000E+00 
 0.0000E+00 
 0.0000E+00 
 0.0000E+00 
 0.0000E+00 
 0.0000E+00 
 0.0000E+00 
 0.0000E+00 
 0.0000E+00 
 0.0000E+00 
 0.0000E+00 
 0.0000E+00 
 0.0000E+00 
 0.0000E+00 
 0.0000E+00 
 0.0000E+00 
 0.0000E+00 
 0.0000E+00 
 0.0000E+00 
 0.0000E+00 
 0.0000E+00 
 0.0000E+00 
 0.0000E+00 
 0.0000E+00 
 0.0000E+00 
 0.0000E+00 
 0.0000E+00 
 0.0000E+00 
 0.0000E+00 
 0.0000E+00 
 0.0000E+00 
 0.0000E+00 
 0.0000E+00 
 0.0000E+00 
 0.0000E+00 
 0.0000E+00 
 0.0000E+00 
 0.0000E+00 
 0.0000E+00 
 0.0000E+00 
 0.0000E+00 
 0.0000E+00 
 0.0000E+00 
 0.0000E+00 
 0.0000E+00 
 0.0000E+00 
 0.0000E+00 
 0.0000E+00 
 0.0000E+00 
 0.0000E+00 
 0.0000E+00 
 0.0000E+00 
 0.0000E+00 
 0.0000E+00 
 0.0000E+00 
 0.0000E+00 
 0.0000E+00 
 0.0000E+00 
 0.0000E+00 
 0.0000E+00 
 0.0000E+00 
 0.0000E+00 
 0.0000E+00 
 0.0000E+00 
 0.0000E+00 
 0.0000E+00 
 0.0000E+00 
 0.0000E+00 
 0.0000E+00 
 0.0000E+00 
 0.0000E+00 
 0.0000E+00 
 0.0000E+00 
 0.0000E+00 
 0.0000E+00 
 0.0000E+00 
 0.0000E+00 
 0.0000E+00 
 0.0000E+00 
 0.0000E+00 
 0.0000E+00 
 0.0000E+00 
 0.0000E+00 
 0.0000E+00 
 0.0000E+00 
 0.0000E+00 
 0.0000E+00 
 0.0000E+00 
 0.0000E+00 
 0.0000E+00 
 0.0000E+00 
 0.0000E+00 
 0.0000E+00 
 0.0000E+00 
 0.0000E+00 
 0.0000E+00 
 0.0000E+00 
 0.0000E+00 
 0.0000E+00 
 0.0000E+00 
 0.0000E+00 
 0.0000E+00 
 0.0000E+00 
 0.0000E+00 
 0.0000E+00 
 0.0000E+00 
 0.0000E+00 
 0.0000E+00 
 0.0000E+00 
 0.0000E+00 
 0.0000E+00 
 0.0000E+00 
 0.0000E+00 
 0.0000E+00 
 0.0000E+00 
 0.0000E+00 
 0.0000E+00 
 0.0000E+00 
 0.0000E+00 
 0.0000E+00 
 0.0000E+00 
 0.0000E+00 
 0.0000E+00 
 0.0000E+00 
 0.0000E+00 
 0.0000E+00 
 0.0000E+00 
 0.0000E+00 
 0.0000E+00 
 0.0000E+00 
 0.0000E+00 
 0.0000E+00 
 0.0000E+00 
 0.0000E+00 
 0.0000E+00 
 0.0000E+00 
 0.0000E+00 
 0.0000E+00 
 0.0000E+00 
 0.0000E+00 
 0.0000E+00 
 0.0000E+00 
 0.0000E+00 
 0.0000E+00 
 0.0000E+00 
 0.0000E+00 
 0.0000E+00 
 0.0000E+00 
 0.0000E+00 
 0.0000E+00 
 0.0000E+00 
 0.0000E+00 
 0.0000E+00 
 0.0000E+00 
 0.0000E+00 
 0.0000E+00 
 0.0000E+00 
 0.0000E+00 
 0.0000E+00 
 0.0000E+00 
 0.0000E+00 
 0.0000E+00 
 0.0000E+00 
 0.0000E+00 
 0.0000E+00 
 0.0000E+00 
 0.0000E+00 
 0.0000E+00 
 0.0000E+00 


!ECH profile set to zero (no ECH)
POINTS 51 GRIDTYPE 14 NAMEXP CAR4 NTIMES 1 
 3.0000E-01 
  0.0000E+00 
  2.0000E-02 
  4.0000E-02 
  6.0000E-02 
  8.0000E-02 
  1.0000E-01 
  1.2000E-01 
  1.4000E-01 
  1.6000E-01 
  1.8000E-01 
  2.0000E-01 
  2.2000E-01 
  2.4000E-01 
  2.6000E-01 
  2.8000E-01 
  3.0000E-01 
  3.2000E-01 
  3.4000E-01 
  3.6000E-01 
  3.8000E-01 
  4.0000E-01 
  4.2000E-01 
  4.4000E-01 
  4.6000E-01 
  4.8000E-01 
  5.0000E-01 
  5.2000E-01 
  5.4000E-01 
  5.6000E-01 
  5.8000E-01 
  6.0000E-01 
  6.2000E-01 
  6.4000E-01 
  6.6000E-01 
  6.8000E-01 
  7.0000E-01 
  7.2000E-01 
  7.4000E-01 
  7.6000E-01 
  7.8000E-01 
  8.0000E-01 
  8.2000E-01 
  8.4000E-01 
  8.6000E-01 
  8.8000E-01 
  9.0000E-01 
  9.2000E-01 
  9.4000E-01 
  9.6000E-01 
  9.8000E-01 
  1.0000E+00 
  0.0000E+00 
 0.0000E+00 
 0.0000E+00 
 0.0000E+00 
 0.0000E+00 
 0.0000E+00 
 0.0000E+00 
 0.0000E+00 
 0.0000E+00 
 0.0000E+00 
 0.0000E+00 
 0.0000E+00 
 0.0000E+00 
 0.0000E+00 
 0.0000E+00 
 0.0000E+00 
 0.0000E+00 
 0.0000E+00 
 0.0000E+00 
 0.0000E+00 
 0.0000E+00 
 0.0000E+00 
 0.0000E+00 
 0.0000E+00 
 0.0000E+00 
 0.0000E+00 
 0.0000E+00 
 0.0000E+00 
 0.0000E+00 
 0.0000E+00 
 0.0000E+00 
 0.0000E+00 
 0.0000E+00 
 0.0000E+00 
 0.0000E+00 
 0.0000E+00 
 0.0000E+00 
 0.0000E+00 
 0.0000E+00 
 0.0000E+00 
 0.0000E+00 
 0.0000E+00 
 0.0000E+00 
 0.0000E+00 
 0.0000E+00 
 0.0000E+00 
 0.0000E+00 
 0.0000E+00 
 0.0000E+00 
 0.0000E+00 
 0.0000E+00 


!ECCD profile set to zero (no ECCD)
POINTS 51 GRIDTYPE 14 NAMEXP CAR6 NTIMES 1 
 3.0000E-01 
  0.0000E+00 
  2.0000E-02 
  4.0000E-02 
  6.0000E-02 
  8.0000E-02 
  1.0000E-01 
  1.2000E-01 
  1.4000E-01 
  1.6000E-01 
  1.8000E-01 
  2.0000E-01 
  2.2000E-01 
  2.4000E-01 
  2.6000E-01 
  2.8000E-01 
  3.0000E-01 
  3.2000E-01 
  3.4000E-01 
  3.6000E-01 
  3.8000E-01 
  4.0000E-01 
  4.2000E-01 
  4.4000E-01 
  4.6000E-01 
  4.8000E-01 
  5.0000E-01 
  5.2000E-01 
  5.4000E-01 
  5.6000E-01 
  5.8000E-01 
  6.0000E-01 
  6.2000E-01 
  6.4000E-01 
  6.6000E-01 
  6.8000E-01 
  7.0000E-01 
  7.2000E-01 
  7.4000E-01 
  7.6000E-01 
  7.8000E-01 
  8.0000E-01 
  8.2000E-01 
  8.4000E-01 
  8.6000E-01 
  8.8000E-01 
  9.0000E-01 
  9.2000E-01 
  9.4000E-01 
  9.6000E-01 
  9.8000E-01 
  1.0000E+00 
  -0.0000E+00 
 -0.0000E+00 
 -0.0000E+00 
 -0.0000E+00 
 -0.0000E+00 
 -0.0000E+00 
 -0.0000E+00 
 -0.0000E+00 
 -0.0000E+00 
 -0.0000E+00 
 -0.0000E+00 
 -0.0000E+00 
 -0.0000E+00 
 -0.0000E+00 
 -0.0000E+00 
 -0.0000E+00 
 -0.0000E+00 
 -0.0000E+00 
 -0.0000E+00 
 -0.0000E+00 
 -0.0000E+00 
 -0.0000E+00 
 -0.0000E+00 
 -0.0000E+00 
 -0.0000E+00 
 -0.0000E+00 
 -0.0000E+00 
 -0.0000E+00 
 -0.0000E+00 
 -0.0000E+00 
 -0.0000E+00 
 -0.0000E+00 
 -0.0000E+00 
 -0.0000E+00 
 -0.0000E+00 
 -0.0000E+00 
 -0.0000E+00 
 -0.0000E+00 
 -0.0000E+00 
 -0.0000E+00 
 -0.0000E+00 
 -0.0000E+00 
 -0.0000E+00 
 -0.0000E+00 
 -0.0000E+00 
 -0.0000E+00 
 -0.0000E+00 
 -0.0000E+00 
 -0.0000E+00 
 -0.0000E+00 
 -0.0000E+00 
END