 -TCV- #36526 t0=0.4
 Param|Time  |  Value  |   Error
|-----|------|---------|--------
T_OFFSET          0.3000
TEND            1.4000
NB1             91.0000
AWALL           0.2800
AB              0.2600
RTOR            0.8800
ELONM           1.6000
TRICH           0.3000
ABC             0.2367
SHIFT           0.0100
ELONG           1.3959
TRIAN           0.2596
UPDWN           0.0000
ZMJ             1.0000
AMJ             2.0000
BTOR            1.4444
ZRD10           0.9800
ZRD30           36526.0000
ZRD6            0.1110
ZRD7            2.0000
ZRD8            0.0010
ZRD1            3.5000
ZRD3            0.3563
 

!Density boundary condition loading in time
NAMEXP ZRD2 NTIMES 1 
-1.0000E-01 
1.9650E-01 
 

!Ip from LIUQE [MA]
NAMEXP IPL NTIMES 28 
3.0000E-01 
3.2500E-01 
3.5000E-01 
3.7500E-01 
4.0000E-01 
4.2500E-01 
4.5000E-01 
4.7500E-01 
5.0000E-01 
5.2500E-01 
5.5000E-01 
5.7500E-01 
6.0000E-01 
6.2500E-01 
6.5000E-01 
6.7500E-01 
7.0000E-01 
7.2500E-01 
7.5000E-01 
7.7500E-01 
8.0000E-01 
8.2500E-01 
8.5000E-01 
8.7500E-01 
9.0000E-01 
9.2500E-01 
9.5000E-01 
9.7500E-01 
2.7705E-01 
2.7730E-01 
2.7698E-01 
2.7691E-01 
2.7645E-01 
2.7671E-01 
2.7645E-01 
2.7709E-01 
2.7632E-01 
2.7651E-01 
2.7741E-01 
2.7720E-01 
2.7638E-01 
2.7701E-01 
2.7692E-01 
2.7715E-01 
2.7636E-01 
2.7663E-01 
2.7737E-01 
2.7650E-01 
2.7633E-01 
2.7666E-01 
2.7730E-01 
2.7714E-01 
2.7637E-01 
2.7698E-01 
2.7728E-01 
2.7748E-01 


!Minor radius [m]
POINTS 51 GRIDTYPE 14 NAMEXP CAR9 NTIMES 1 
 0.0000E+00 
  0.0000E+00 
  2.0000E-02 
  4.0000E-02 
  6.0000E-02 
  8.0000E-02 
  1.0000E-01 
  1.2000E-01 
  1.4000E-01 
  1.6000E-01 
  1.8000E-01 
  2.0000E-01 
  2.2000E-01 
  2.4000E-01 
  2.6000E-01 
  2.8000E-01 
  3.0000E-01 
  3.2000E-01 
  3.4000E-01 
  3.6000E-01 
  3.8000E-01 
  4.0000E-01 
  4.2000E-01 
  4.4000E-01 
  4.6000E-01 
  4.8000E-01 
  5.0000E-01 
  5.2000E-01 
  5.4000E-01 
  5.6000E-01 
  5.8000E-01 
  6.0000E-01 
  6.2000E-01 
  6.4000E-01 
  6.6000E-01 
  6.8000E-01 
  7.0000E-01 
  7.2000E-01 
  7.4000E-01 
  7.6000E-01 
  7.8000E-01 
  8.0000E-01 
  8.2000E-01 
  8.4000E-01 
  8.6000E-01 
  8.8000E-01 
  9.0000E-01 
  9.2000E-01 
  9.4000E-01 
  9.6000E-01 
  9.8000E-01 
  1.0000E+00 
  0.0000E+00 
 5.2000E-03 
 1.0400E-02 
 1.5600E-02 
 2.0800E-02 
 2.6000E-02 
 3.1200E-02 
 3.6400E-02 
 4.1600E-02 
 4.6800E-02 
 5.2000E-02 
 5.7200E-02 
 6.2400E-02 
 6.7600E-02 
 7.2800E-02 
 7.8000E-02 
 8.3200E-02 
 8.8400E-02 
 9.3600E-02 
 9.8800E-02 
 1.0400E-01 
 1.0920E-01 
 1.1440E-01 
 1.1960E-01 
 1.2480E-01 
 1.3000E-01 
 1.3520E-01 
 1.4040E-01 
 1.4560E-01 
 1.5080E-01 
 1.5600E-01 
 1.6120E-01 
 1.6640E-01 
 1.7160E-01 
 1.7680E-01 
 1.8200E-01 
 1.8720E-01 
 1.9240E-01 
 1.9760E-01 
 2.0280E-01 
 2.0800E-01 
 2.1320E-01 
 2.1840E-01 
 2.2360E-01 
 2.2880E-01 
 2.3400E-01 
 2.3920E-01 
 2.4440E-01 
 2.4960E-01 
 2.5480E-01 
 2.6000E-01 


!initial mu from parabolic 1/q
POINTS 51 GRIDTYPE 14 NAMEXP MU NTIMES 1 
 0.0000E+00 
  0.0000E+00 
  2.0000E-02 
  4.0000E-02 
  6.0000E-02 
  8.0000E-02 
  1.0000E-01 
  1.2000E-01 
  1.4000E-01 
  1.6000E-01 
  1.8000E-01 
  2.0000E-01 
  2.2000E-01 
  2.4000E-01 
  2.6000E-01 
  2.8000E-01 
  3.0000E-01 
  3.2000E-01 
  3.4000E-01 
  3.6000E-01 
  3.8000E-01 
  4.0000E-01 
  4.2000E-01 
  4.4000E-01 
  4.6000E-01 
  4.8000E-01 
  5.0000E-01 
  5.2000E-01 
  5.4000E-01 
  5.6000E-01 
  5.8000E-01 
  6.0000E-01 
  6.2000E-01 
  6.4000E-01 
  6.6000E-01 
  6.8000E-01 
  7.0000E-01 
  7.2000E-01 
  7.4000E-01 
  7.6000E-01 
  7.8000E-01 
  8.0000E-01 
  8.2000E-01 
  8.4000E-01 
  8.6000E-01 
  8.8000E-01 
  9.0000E-01 
  9.2000E-01 
  9.4000E-01 
  9.6000E-01 
  9.8000E-01 
  1.0000E+00 
  5.0000E-01 
 4.9960E-01 
 4.9841E-01 
 4.9643E-01 
 4.9368E-01 
 4.9020E-01 
 4.8600E-01 
 4.8114E-01 
 4.7565E-01 
 4.6957E-01 
 4.6296E-01 
 4.5587E-01 
 4.4835E-01 
 4.4045E-01 
 4.3223E-01 
 4.2373E-01 
 4.1501E-01 
 4.0611E-01 
 3.9708E-01 
 3.8796E-01 
 3.7879E-01 
 3.6960E-01 
 3.6044E-01 
 3.5132E-01 
 3.4228E-01 
 3.3333E-01 
 3.2451E-01 
 3.1582E-01 
 3.0728E-01 
 2.9890E-01 
 2.9070E-01 
 2.8268E-01 
 2.7485E-01 
 2.6721E-01 
 2.5977E-01 
 2.5253E-01 
 2.4548E-01 
 2.3864E-01 
 2.3200E-01 
 2.2555E-01 
 2.1930E-01 
 2.1324E-01 
 2.0737E-01 
 2.0168E-01 
 1.9617E-01 
 1.9084E-01 
 1.8568E-01 
 1.8069E-01 
 1.7586E-01 
 1.7119E-01 
 1.6667E-01 


!ne from confinement nodes [1e19m^-3]
POINTS 51 GRIDTYPE 14 NAMEXP NE NTIMES 28 
 3.0030E-01 
  3.2530E-01 
  3.5030E-01 
  3.7530E-01 
  4.0030E-01 
  4.2530E-01 
  4.5030E-01 
  4.7530E-01 
  5.0030E-01 
  5.2530E-01 
  5.5030E-01 
  5.7530E-01 
  6.0030E-01 
  6.2530E-01 
  6.5030E-01 
  6.7530E-01 
  7.0030E-01 
  7.2530E-01 
  7.5030E-01 
  7.7530E-01 
  8.0030E-01 
  8.2530E-01 
  8.5030E-01 
  8.7530E-01 
  9.0030E-01 
  9.2530E-01 
  9.5030E-01 
  9.7530E-01 
  0.0000E+00 
  2.0000E-02 
  4.0000E-02 
  6.0000E-02 
  8.0000E-02 
  1.0000E-01 
  1.2000E-01 
  1.4000E-01 
  1.6000E-01 
  1.8000E-01 
  2.0000E-01 
  2.2000E-01 
  2.4000E-01 
  2.6000E-01 
  2.8000E-01 
  3.0000E-01 
  3.2000E-01 
  3.4000E-01 
  3.6000E-01 
  3.8000E-01 
  4.0000E-01 
  4.2000E-01 
  4.4000E-01 
  4.6000E-01 
  4.8000E-01 
  5.0000E-01 
  5.2000E-01 
  5.4000E-01 
  5.6000E-01 
  5.8000E-01 
  6.0000E-01 
  6.2000E-01 
  6.4000E-01 
  6.6000E-01 
  6.8000E-01 
  7.0000E-01 
  7.2000E-01 
  7.4000E-01 
  7.6000E-01 
  7.8000E-01 
  8.0000E-01 
  8.2000E-01 
  8.4000E-01 
  8.6000E-01 
  8.8000E-01 
  9.0000E-01 
  9.2000E-01 
  9.4000E-01 
  9.6000E-01 
  9.8000E-01 
  1.0000E+00 
  6.0565E+00 
 6.0566E+00 
 6.0569E+00 
 6.0575E+00 
 6.0583E+00 
 6.0593E+00 
 6.0606E+00 
 6.0620E+00 
 6.0640E+00 
 6.0668E+00 
 6.0712E+00 
 6.0770E+00 
 6.0816E+00 
 6.0821E+00 
 6.0769E+00 
 6.0655E+00 
 6.0475E+00 
 6.0230E+00 
 5.9938E+00 
 5.9593E+00 
 5.9153E+00 
 5.8585E+00 
 5.7873E+00 
 5.7006E+00 
 5.5974E+00 
 5.4789E+00 
 5.3477E+00 
 5.2064E+00 
 5.0574E+00 
 4.9015E+00 
 4.7390E+00 
 4.5702E+00 
 4.3955E+00 
 4.2145E+00 
 4.0265E+00 
 3.8309E+00 
 3.6291E+00 
 3.4231E+00 
 3.2153E+00 
 3.0079E+00 
 2.8029E+00 
 2.6024E+00 
 2.4082E+00 
 2.2212E+00 
 2.0418E+00 
 1.8694E+00 
 1.7039E+00 
 1.5465E+00 
 1.3987E+00 
 1.2584E+00 
 1.1219E+00 
 6.0747E+00 
 6.0736E+00 
 6.0702E+00 
 6.0647E+00 
 6.0570E+00 
 6.0472E+00 
 6.0352E+00 
 6.0218E+00 
 6.0099E+00 
 6.0029E+00 
 6.0034E+00 
 6.0118E+00 
 6.0246E+00 
 6.0375E+00 
 6.0472E+00 
 6.0509E+00 
 6.0460E+00 
 6.0303E+00 
 6.0017E+00 
 5.9596E+00 
 5.9047E+00 
 5.8368E+00 
 5.7550E+00 
 5.6582E+00 
 5.5462E+00 
 5.4204E+00 
 5.2833E+00 
 5.1366E+00 
 4.9824E+00 
 4.8216E+00 
 4.6550E+00 
 4.4834E+00 
 4.3081E+00 
 4.1289E+00 
 3.9446E+00 
 3.7545E+00 
 3.5596E+00 
 3.3617E+00 
 3.1632E+00 
 2.9660E+00 
 2.7720E+00 
 2.5830E+00 
 2.4006E+00 
 2.2256E+00 
 2.0580E+00 
 1.8973E+00 
 1.7432E+00 
 1.5968E+00 
 1.4595E+00 
 1.3293E+00 
 1.2027E+00 
 6.0506E+00 
 6.0505E+00 
 6.0500E+00 
 6.0492E+00 
 6.0481E+00 
 6.0467E+00 
 6.0451E+00 
 6.0431E+00 
 6.0413E+00 
 6.0397E+00 
 6.0382E+00 
 6.0360E+00 
 6.0316E+00 
 6.0232E+00 
 6.0092E+00 
 5.9880E+00 
 5.9581E+00 
 5.9182E+00 
 5.8675E+00 
 5.8057E+00 
 5.7327E+00 
 5.6489E+00 
 5.5543E+00 
 5.4491E+00 
 5.3337E+00 
 5.2089E+00 
 5.0760E+00 
 4.9360E+00 
 4.7900E+00 
 4.6384E+00 
 4.4818E+00 
 4.3203E+00 
 4.1547E+00 
 3.9857E+00 
 3.8143E+00 
 3.6412E+00 
 3.4677E+00 
 3.2947E+00 
 3.1235E+00 
 2.9550E+00 
 2.7900E+00 
 2.6293E+00 
 2.4735E+00 
 2.3231E+00 
 2.1784E+00 
 2.0391E+00 
 1.9053E+00 
 1.7782E+00 
 1.6590E+00 
 1.5460E+00 
 1.4362E+00 
 5.8336E+00 
 5.8332E+00 
 5.8321E+00 
 5.8304E+00 
 5.8280E+00 
 5.8249E+00 
 5.8213E+00 
 5.8175E+00 
 5.8158E+00 
 5.8168E+00 
 5.8201E+00 
 5.8252E+00 
 5.8314E+00 
 5.8381E+00 
 5.8437E+00 
 5.8457E+00 
 5.8421E+00 
 5.8309E+00 
 5.8106E+00 
 5.7816E+00 
 5.7456E+00 
 5.7024E+00 
 5.6488E+00 
 5.5818E+00 
 5.4996E+00 
 5.4028E+00 
 5.2929E+00 
 5.1709E+00 
 5.0377E+00 
 4.8933E+00 
 4.7373E+00 
 4.5695E+00 
 4.3909E+00 
 4.2041E+00 
 4.0114E+00 
 3.8148E+00 
 3.6164E+00 
 3.4182E+00 
 3.2221E+00 
 3.0295E+00 
 2.8419E+00 
 2.6600E+00 
 2.4847E+00 
 2.3163E+00 
 2.1549E+00 
 2.0000E+00 
 1.8515E+00 
 1.7104E+00 
 1.5778E+00 
 1.4520E+00 
 1.3296E+00 
 5.7653E+00 
 5.7654E+00 
 5.7656E+00 
 5.7661E+00 
 5.7669E+00 
 5.7678E+00 
 5.7690E+00 
 5.7707E+00 
 5.7741E+00 
 5.7792E+00 
 5.7849E+00 
 5.7903E+00 
 5.7950E+00 
 5.7982E+00 
 5.7992E+00 
 5.7971E+00 
 5.7912E+00 
 5.7806E+00 
 5.7652E+00 
 5.7445E+00 
 5.7180E+00 
 5.6840E+00 
 5.6387E+00 
 5.5787E+00 
 5.5018E+00 
 5.4084E+00 
 5.3000E+00 
 5.1777E+00 
 5.0427E+00 
 4.8956E+00 
 4.7365E+00 
 4.5658E+00 
 4.3850E+00 
 4.1968E+00 
 4.0037E+00 
 3.8080E+00 
 3.6119E+00 
 3.4172E+00 
 3.2257E+00 
 3.0389E+00 
 2.8578E+00 
 2.6835E+00 
 2.5167E+00 
 2.3576E+00 
 2.2058E+00 
 2.0606E+00 
 1.9215E+00 
 1.7894E+00 
 1.6653E+00 
 1.5476E+00 
 1.4330E+00 
 5.7295E+00 
 5.7298E+00 
 5.7308E+00 
 5.7324E+00 
 5.7346E+00 
 5.7374E+00 
 5.7408E+00 
 5.7449E+00 
 5.7497E+00 
 5.7547E+00 
 5.7586E+00 
 5.7602E+00 
 5.7591E+00 
 5.7549E+00 
 5.7477E+00 
 5.7374E+00 
 5.7242E+00 
 5.7081E+00 
 5.6887E+00 
 5.6659E+00 
 5.6395E+00 
 5.6077E+00 
 5.5672E+00 
 5.5145E+00 
 5.4472E+00 
 5.3643E+00 
 5.2661E+00 
 5.1531E+00 
 5.0259E+00 
 4.8852E+00 
 4.7318E+00 
 4.5665E+00 
 4.3904E+00 
 4.2063E+00 
 4.0168E+00 
 3.8246E+00 
 3.6319E+00 
 3.4405E+00 
 3.2523E+00 
 3.0685E+00 
 2.8903E+00 
 2.7187E+00 
 2.5542E+00 
 2.3971E+00 
 2.2472E+00 
 2.1036E+00 
 1.9661E+00 
 1.8357E+00 
 1.7135E+00 
 1.5977E+00 
 1.4851E+00 
 5.8080E+00 
 5.8083E+00 
 5.8090E+00 
 5.8103E+00 
 5.8120E+00 
 5.8142E+00 
 5.8170E+00 
 5.8201E+00 
 5.8234E+00 
 5.8264E+00 
 5.8278E+00 
 5.8264E+00 
 5.8215E+00 
 5.8125E+00 
 5.7987E+00 
 5.7801E+00 
 5.7562E+00 
 5.7270E+00 
 5.6920E+00 
 5.6506E+00 
 5.6022E+00 
 5.5456E+00 
 5.4794E+00 
 5.4023E+00 
 5.3133E+00 
 5.2124E+00 
 5.1000E+00 
 4.9768E+00 
 4.8433E+00 
 4.7002E+00 
 4.5481E+00 
 4.3877E+00 
 4.2199E+00 
 4.0466E+00 
 3.8697E+00 
 3.6909E+00 
 3.5119E+00 
 3.3341E+00 
 3.1588E+00 
 2.9872E+00 
 2.8202E+00 
 2.6585E+00 
 2.5027E+00 
 2.3531E+00 
 2.2097E+00 
 2.0720E+00 
 1.9400E+00 
 1.8148E+00 
 1.6975E+00 
 1.5864E+00 
 1.4783E+00 
 5.7707E+00 
 5.7708E+00 
 5.7710E+00 
 5.7713E+00 
 5.7719E+00 
 5.7725E+00 
 5.7734E+00 
 5.7746E+00 
 5.7770E+00 
 5.7807E+00 
 5.7840E+00 
 5.7847E+00 
 5.7810E+00 
 5.7715E+00 
 5.7561E+00 
 5.7352E+00 
 5.7093E+00 
 5.6788E+00 
 5.6436E+00 
 5.6046E+00 
 5.5623E+00 
 5.5141E+00 
 5.4552E+00 
 5.3815E+00 
 5.2900E+00 
 5.1821E+00 
 5.0609E+00 
 4.9293E+00 
 4.7895E+00 
 4.6418E+00 
 4.4865E+00 
 4.3239E+00 
 4.1545E+00 
 3.9792E+00 
 3.7986E+00 
 3.6139E+00 
 3.4268E+00 
 3.2393E+00 
 3.0531E+00 
 2.8699E+00 
 2.6913E+00 
 2.5187E+00 
 2.3530E+00 
 2.1946E+00 
 2.0433E+00 
 1.8983E+00 
 1.7596E+00 
 1.6284E+00 
 1.5057E+00 
 1.3896E+00 
 1.2769E+00 
 5.7343E+00 
 5.7338E+00 
 5.7326E+00 
 5.7307E+00 
 5.7280E+00 
 5.7246E+00 
 5.7205E+00 
 5.7166E+00 
 5.7153E+00 
 5.7181E+00 
 5.7228E+00 
 5.7264E+00 
 5.7256E+00 
 5.7176E+00 
 5.7029E+00 
 5.6826E+00 
 5.6579E+00 
 5.6293E+00 
 5.5954E+00 
 5.5561E+00 
 5.5113E+00 
 5.4579E+00 
 5.3906E+00 
 5.3051E+00 
 5.1988E+00 
 5.0759E+00 
 4.9428E+00 
 4.8053E+00 
 4.6664E+00 
 4.5248E+00 
 4.3787E+00 
 4.2266E+00 
 4.0675E+00 
 3.9007E+00 
 3.7254E+00 
 3.5420E+00 
 3.3533E+00 
 3.1623E+00 
 2.9719E+00 
 2.7846E+00 
 2.6023E+00 
 2.4269E+00 
 2.2595E+00 
 2.1001E+00 
 1.9483E+00 
 1.8031E+00 
 1.6643E+00 
 1.5330E+00 
 1.4102E+00 
 1.2941E+00 
 1.1812E+00 
 5.4506E+00 
 5.4524E+00 
 5.4579E+00 
 5.4669E+00 
 5.4796E+00 
 5.4957E+00 
 5.5148E+00 
 5.5334E+00 
 5.5492E+00 
 5.5612E+00 
 5.5710E+00 
 5.5800E+00 
 5.5849E+00 
 5.5824E+00 
 5.5728E+00 
 5.5576E+00 
 5.5382E+00 
 5.5146E+00 
 5.4850E+00 
 5.4480E+00 
 5.4028E+00 
 5.3463E+00 
 5.2747E+00 
 5.1848E+00 
 5.0749E+00 
 4.9493E+00 
 4.8151E+00 
 4.6783E+00 
 4.5419E+00 
 4.4040E+00 
 4.2628E+00 
 4.1170E+00 
 3.9656E+00 
 3.8084E+00 
 3.6453E+00 
 3.4768E+00 
 3.3048E+00 
 3.1311E+00 
 2.9575E+00 
 2.7854E+00 
 2.6163E+00 
 2.4516E+00 
 2.2922E+00 
 2.1390E+00 
 1.9920E+00 
 1.8508E+00 
 1.7158E+00 
 1.5883E+00 
 1.4697E+00 
 1.3579E+00 
 1.2495E+00 
 5.5517E+00 
 5.5514E+00 
 5.5507E+00 
 5.5494E+00 
 5.5476E+00 
 5.5453E+00 
 5.5422E+00 
 5.5372E+00 
 5.5298E+00 
 5.5202E+00 
 5.5110E+00 
 5.5049E+00 
 5.4999E+00 
 5.4933E+00 
 5.4835E+00 
 5.4694E+00 
 5.4497E+00 
 5.4222E+00 
 5.3832E+00 
 5.3318E+00 
 5.2684E+00 
 5.1931E+00 
 5.1062E+00 
 5.0079E+00 
 4.8996E+00 
 4.7838E+00 
 4.6636E+00 
 4.5408E+00 
 4.4162E+00 
 4.2879E+00 
 4.1541E+00 
 4.0137E+00 
 3.8663E+00 
 3.7122E+00 
 3.5518E+00 
 3.3859E+00 
 3.2171E+00 
 3.0477E+00 
 2.8797E+00 
 2.7146E+00 
 2.5537E+00 
 2.3978E+00 
 2.2479E+00 
 2.1046E+00 
 1.9678E+00 
 1.8368E+00 
 1.7114E+00 
 1.5931E+00 
 1.4829E+00 
 1.3791E+00 
 1.2785E+00 
 5.4630E+00 
 5.4607E+00 
 5.4538E+00 
 5.4422E+00 
 5.4262E+00 
 5.4055E+00 
 5.3806E+00 
 5.3529E+00 
 5.3258E+00 
 5.3038E+00 
 5.2886E+00 
 5.2794E+00 
 5.2747E+00 
 5.2727E+00 
 5.2721E+00 
 5.2720E+00 
 5.2714E+00 
 5.2671E+00 
 5.2553E+00 
 5.2353E+00 
 5.2065E+00 
 5.1654E+00 
 5.1080E+00 
 5.0309E+00 
 4.9337E+00 
 4.8214E+00 
 4.6998E+00 
 4.5732E+00 
 4.4431E+00 
 4.3079E+00 
 4.1663E+00 
 4.0180E+00 
 3.8634E+00 
 3.7039E+00 
 3.5406E+00 
 3.3747E+00 
 3.2074E+00 
 3.0397E+00 
 2.8728E+00 
 2.7079E+00 
 2.5460E+00 
 2.3882E+00 
 2.2355E+00 
 2.0885E+00 
 1.9475E+00 
 1.8122E+00 
 1.6829E+00 
 1.5612E+00 
 1.4481E+00 
 1.3416E+00 
 1.2384E+00 
 5.3115E+00 
 5.3101E+00 
 5.3060E+00 
 5.2993E+00 
 5.2898E+00 
 5.2778E+00 
 5.2633E+00 
 5.2477E+00 
 5.2333E+00 
 5.2223E+00 
 5.2138E+00 
 5.2062E+00 
 5.2002E+00 
 5.1964E+00 
 5.1937E+00 
 5.1910E+00 
 5.1873E+00 
 5.1802E+00 
 5.1669E+00 
 5.1476E+00 
 5.1218E+00 
 5.0857E+00 
 5.0347E+00 
 4.9651E+00 
 4.8764E+00 
 4.7739E+00 
 4.6634E+00 
 4.5492E+00 
 4.4327E+00 
 4.3121E+00 
 4.1862E+00 
 4.0538E+00 
 3.9129E+00 
 3.7616E+00 
 3.5992E+00 
 3.4275E+00 
 3.2502E+00 
 3.0708E+00 
 2.8917E+00 
 2.7148E+00 
 2.5416E+00 
 2.3728E+00 
 2.2094E+00 
 2.0520E+00 
 1.9010E+00 
 1.7561E+00 
 1.6176E+00 
 1.4872E+00 
 1.3661E+00 
 1.2520E+00 
 1.1415E+00 
 5.1993E+00 
 5.1974E+00 
 5.1915E+00 
 5.1817E+00 
 5.1681E+00 
 5.1507E+00 
 5.1304E+00 
 5.1121E+00 
 5.0995E+00 
 5.0933E+00 
 5.0903E+00 
 5.0876E+00 
 5.0850E+00 
 5.0825E+00 
 5.0789E+00 
 5.0728E+00 
 5.0630E+00 
 5.0457E+00 
 5.0185E+00 
 4.9872E+00 
 4.9557E+00 
 4.9199E+00 
 4.8741E+00 
 4.8140E+00 
 4.7377E+00 
 4.6479E+00 
 4.5474E+00 
 4.4385E+00 
 4.3219E+00 
 4.1974E+00 
 4.0649E+00 
 3.9250E+00 
 3.7784E+00 
 3.6266E+00 
 3.4709E+00 
 3.3131E+00 
 3.1553E+00 
 2.9992E+00 
 2.8461E+00 
 2.6970E+00 
 2.5527E+00 
 2.4135E+00 
 2.2798E+00 
 2.1521E+00 
 2.0304E+00 
 1.9141E+00 
 1.8035E+00 
 1.7001E+00 
 1.6048E+00 
 1.5153E+00 
 1.4287E+00 
 5.1442E+00 
 5.1418E+00 
 5.1348E+00 
 5.1230E+00 
 5.1066E+00 
 5.0857E+00 
 5.0611E+00 
 5.0386E+00 
 5.0220E+00 
 5.0123E+00 
 5.0088E+00 
 5.0101E+00 
 5.0131E+00 
 5.0154E+00 
 5.0150E+00 
 5.0103E+00 
 4.9998E+00 
 4.9811E+00 
 4.9527E+00 
 4.9168E+00 
 4.8747E+00 
 4.8250E+00 
 4.7658E+00 
 4.6959E+00 
 4.6151E+00 
 4.5245E+00 
 4.4253E+00 
 4.3187E+00 
 4.2051E+00 
 4.0852E+00 
 3.9594E+00 
 3.8280E+00 
 3.6915E+00 
 3.5501E+00 
 3.4043E+00 
 3.2555E+00 
 3.1055E+00 
 2.9558E+00 
 2.8077E+00 
 2.6622E+00 
 2.5199E+00 
 2.3809E+00 
 2.2457E+00 
 2.1146E+00 
 1.9878E+00 
 1.8651E+00 
 1.7474E+00 
 1.6368E+00 
 1.5347E+00 
 1.4389E+00 
 1.3463E+00 
 5.0629E+00 
 5.0610E+00 
 5.0554E+00 
 5.0461E+00 
 5.0331E+00 
 5.0165E+00 
 4.9966E+00 
 4.9754E+00 
 4.9554E+00 
 4.9390E+00 
 4.9273E+00 
 4.9203E+00 
 4.9160E+00 
 4.9127E+00 
 4.9093E+00 
 4.9051E+00 
 4.8989E+00 
 4.8885E+00 
 4.8716E+00 
 4.8459E+00 
 4.8095E+00 
 4.7618E+00 
 4.7021E+00 
 4.6305E+00 
 4.5482E+00 
 4.4564E+00 
 4.3556E+00 
 4.2461E+00 
 4.1279E+00 
 4.0011E+00 
 3.8657E+00 
 3.7228E+00 
 3.5741E+00 
 3.4213E+00 
 3.2667E+00 
 3.1133E+00 
 2.9641E+00 
 2.8209E+00 
 2.6841E+00 
 2.5530E+00 
 2.4268E+00 
 2.3051E+00 
 2.1876E+00 
 2.0741E+00 
 1.9643E+00 
 1.8581E+00 
 1.7563E+00 
 1.6609E+00 
 1.5731E+00 
 1.4908E+00 
 1.4112E+00 
 4.8883E+00 
 4.8865E+00 
 4.8811E+00 
 4.8720E+00 
 4.8594E+00 
 4.8434E+00 
 4.8242E+00 
 4.8046E+00 
 4.7883E+00 
 4.7788E+00 
 4.7768E+00 
 4.7825E+00 
 4.7938E+00 
 4.8085E+00 
 4.8249E+00 
 4.8416E+00 
 4.8560E+00 
 4.8638E+00 
 4.8602E+00 
 4.8394E+00 
 4.7988E+00 
 4.7408E+00 
 4.6683E+00 
 4.5843E+00 
 4.4925E+00 
 4.3951E+00 
 4.2932E+00 
 4.1866E+00 
 4.0746E+00 
 3.9562E+00 
 3.8307E+00 
 3.6982E+00 
 3.5588E+00 
 3.4132E+00 
 3.2631E+00 
 3.1110E+00 
 2.9599E+00 
 2.8119E+00 
 2.6678E+00 
 2.5276E+00 
 2.3914E+00 
 2.2591E+00 
 2.1309E+00 
 2.0068E+00 
 1.8869E+00 
 1.7710E+00 
 1.6602E+00 
 1.5565E+00 
 1.4610E+00 
 1.3714E+00 
 1.2849E+00 
 4.7999E+00 
 4.7980E+00 
 4.7923E+00 
 4.7828E+00 
 4.7697E+00 
 4.7529E+00 
 4.7336E+00 
 4.7149E+00 
 4.6983E+00 
 4.6849E+00 
 4.6764E+00 
 4.6736E+00 
 4.6754E+00 
 4.6803E+00 
 4.6871E+00 
 4.6947E+00 
 4.7014E+00 
 4.7045E+00 
 4.7010E+00 
 4.6884E+00 
 4.6641E+00 
 4.6261E+00 
 4.5724E+00 
 4.5018E+00 
 4.4159E+00 
 4.3201E+00 
 4.2203E+00 
 4.1182E+00 
 4.0123E+00 
 3.9003E+00 
 3.7807E+00 
 3.6536E+00 
 3.5199E+00 
 3.3812E+00 
 3.2393E+00 
 3.0960E+00 
 2.9534E+00 
 2.8128E+00 
 2.6750E+00 
 2.5400E+00 
 2.4080E+00 
 2.2791E+00 
 2.1537E+00 
 2.0320E+00 
 1.9140E+00 
 1.7998E+00 
 1.6906E+00 
 1.5886E+00 
 1.4950E+00 
 1.4075E+00 
 1.3232E+00 
 4.7823E+00 
 4.7805E+00 
 4.7751E+00 
 4.7661E+00 
 4.7536E+00 
 4.7376E+00 
 4.7188E+00 
 4.7001E+00 
 4.6841E+00 
 4.6720E+00 
 4.6635E+00 
 4.6581E+00 
 4.6554E+00 
 4.6544E+00 
 4.6539E+00 
 4.6532E+00 
 4.6507E+00 
 4.6441E+00 
 4.6309E+00 
 4.6091E+00 
 4.5768E+00 
 4.5327E+00 
 4.4756E+00 
 4.4047E+00 
 4.3214E+00 
 4.2299E+00 
 4.1344E+00 
 4.0362E+00 
 3.9341E+00 
 3.8264E+00 
 3.7119E+00 
 3.5906E+00 
 3.4630E+00 
 3.3305E+00 
 3.1941E+00 
 3.0556E+00 
 2.9165E+00 
 2.7779E+00 
 2.6410E+00 
 2.5061E+00 
 2.3736E+00 
 2.2440E+00 
 2.1175E+00 
 1.9946E+00 
 1.8754E+00 
 1.7600E+00 
 1.6496E+00 
 1.5463E+00 
 1.4516E+00 
 1.3632E+00 
 1.2779E+00 
 4.6090E+00 
 4.6080E+00 
 4.6053E+00 
 4.6007E+00 
 4.5943E+00 
 4.5862E+00 
 4.5767E+00 
 4.5667E+00 
 4.5570E+00 
 4.5485E+00 
 4.5418E+00 
 4.5374E+00 
 4.5351E+00 
 4.5341E+00 
 4.5341E+00 
 4.5346E+00 
 4.5349E+00 
 4.5335E+00 
 4.5290E+00 
 4.5192E+00 
 4.5007E+00 
 4.4709E+00 
 4.4271E+00 
 4.3677E+00 
 4.2938E+00 
 4.2091E+00 
 4.1174E+00 
 4.0195E+00 
 3.9150E+00 
 3.8030E+00 
 3.6832E+00 
 3.5565E+00 
 3.4243E+00 
 3.2885E+00 
 3.1507E+00 
 3.0128E+00 
 2.8764E+00 
 2.7426E+00 
 2.6119E+00 
 2.4842E+00 
 2.3594E+00 
 2.2375E+00 
 2.1186E+00 
 2.0028E+00 
 1.8902E+00 
 1.7810E+00 
 1.6765E+00 
 1.5790E+00 
 1.4896E+00 
 1.4061E+00 
 1.3256E+00 
 4.5370E+00 
 4.5375E+00 
 4.5393E+00 
 4.5421E+00 
 4.5461E+00 
 4.5512E+00 
 4.5574E+00 
 4.5645E+00 
 4.5722E+00 
 4.5801E+00 
 4.5875E+00 
 4.5940E+00 
 4.5987E+00 
 4.6009E+00 
 4.5996E+00 
 4.5940E+00 
 4.5834E+00 
 4.5670E+00 
 4.5438E+00 
 4.5132E+00 
 4.4745E+00 
 4.4270E+00 
 4.3705E+00 
 4.3047E+00 
 4.2299E+00 
 4.1468E+00 
 4.0560E+00 
 3.9581E+00 
 3.8533E+00 
 3.7420E+00 
 3.6246E+00 
 3.5018E+00 
 3.3746E+00 
 3.2440E+00 
 3.1110E+00 
 2.9769E+00 
 2.8427E+00 
 2.7095E+00 
 2.5778E+00 
 2.4485E+00 
 2.3219E+00 
 2.1985E+00 
 2.0788E+00 
 1.9633E+00 
 1.8519E+00 
 1.7446E+00 
 1.6424E+00 
 1.5473E+00 
 1.4601E+00 
 1.3785E+00 
 1.2998E+00 
 4.4302E+00 
 4.4295E+00 
 4.4277E+00 
 4.4246E+00 
 4.4203E+00 
 4.4148E+00 
 4.4089E+00 
 4.4038E+00 
 4.4004E+00 
 4.3994E+00 
 4.4016E+00 
 4.4079E+00 
 4.4181E+00 
 4.4317E+00 
 4.4481E+00 
 4.4666E+00 
 4.4860E+00 
 4.5035E+00 
 4.5165E+00 
 4.5202E+00 
 4.5106E+00 
 4.4851E+00 
 4.4418E+00 
 4.3798E+00 
 4.3012E+00 
 4.2106E+00 
 4.1121E+00 
 4.0073E+00 
 3.8959E+00 
 3.7776E+00 
 3.6521E+00 
 3.5204E+00 
 3.3838E+00 
 3.2441E+00 
 3.1031E+00 
 2.9628E+00 
 2.8253E+00 
 2.6917E+00 
 2.5626E+00 
 2.4380E+00 
 2.3179E+00 
 2.2022E+00 
 2.0910E+00 
 1.9845E+00 
 1.8824E+00 
 1.7843E+00 
 1.6911E+00 
 1.6044E+00 
 1.5248E+00 
 1.4504E+00 
 1.3786E+00 
 4.4896E+00 
 4.4881E+00 
 4.4836E+00 
 4.4762E+00 
 4.4659E+00 
 4.4526E+00 
 4.4383E+00 
 4.4262E+00 
 4.4176E+00 
 4.4128E+00 
 4.4123E+00 
 4.4164E+00 
 4.4255E+00 
 4.4388E+00 
 4.4546E+00 
 4.4718E+00 
 4.4886E+00 
 4.5031E+00 
 4.5132E+00 
 4.5139E+00 
 4.5006E+00 
 4.4712E+00 
 4.4239E+00 
 4.3575E+00 
 4.2734E+00 
 4.1772E+00 
 4.0742E+00 
 3.9664E+00 
 3.8534E+00 
 3.7345E+00 
 3.6096E+00 
 3.4790E+00 
 3.3435E+00 
 3.2045E+00 
 3.0637E+00 
 2.9236E+00 
 2.7865E+00 
 2.6540E+00 
 2.5267E+00 
 2.4046E+00 
 2.2875E+00 
 2.1754E+00 
 2.0681E+00 
 1.9657E+00 
 1.8678E+00 
 1.7741E+00 
 1.6850E+00 
 1.6022E+00 
 1.5262E+00 
 1.4552E+00 
 1.3866E+00 
 4.4557E+00 
 4.4545E+00 
 4.4510E+00 
 4.4450E+00 
 4.4367E+00 
 4.4260E+00 
 4.4135E+00 
 4.4006E+00 
 4.3892E+00 
 4.3808E+00 
 4.3766E+00 
 4.3773E+00 
 4.3828E+00 
 4.3918E+00 
 4.4025E+00 
 4.4133E+00 
 4.4227E+00 
 4.4293E+00 
 4.4318E+00 
 4.4282E+00 
 4.4157E+00 
 4.3921E+00 
 4.3551E+00 
 4.3035E+00 
 4.2380E+00 
 4.1603E+00 
 4.0720E+00 
 3.9741E+00 
 3.8671E+00 
 3.7514E+00 
 3.6276E+00 
 3.4972E+00 
 3.3619E+00 
 3.2238E+00 
 3.0849E+00 
 2.9472E+00 
 2.8127E+00 
 2.6823E+00 
 2.5566E+00 
 2.4354E+00 
 2.3188E+00 
 2.2067E+00 
 2.0992E+00 
 1.9964E+00 
 1.8979E+00 
 1.8035E+00 
 1.7138E+00 
 1.6305E+00 
 1.5540E+00 
 1.4825E+00 
 1.4135E+00 
 4.4199E+00 
 4.4202E+00 
 4.4213E+00 
 4.4232E+00 
 4.4258E+00 
 4.4290E+00 
 4.4330E+00 
 4.4378E+00 
 4.4431E+00 
 4.4488E+00 
 4.4545E+00 
 4.4597E+00 
 4.4638E+00 
 4.4657E+00 
 4.4645E+00 
 4.4593E+00 
 4.4492E+00 
 4.4336E+00 
 4.4118E+00 
 4.3834E+00 
 4.3476E+00 
 4.3043E+00 
 4.2529E+00 
 4.1936E+00 
 4.1266E+00 
 4.0521E+00 
 3.9701E+00 
 3.8810E+00 
 3.7848E+00 
 3.6819E+00 
 3.5728E+00 
 3.4579E+00 
 3.3379E+00 
 3.2138E+00 
 3.0867E+00 
 2.9580E+00 
 2.8291E+00 
 2.7009E+00 
 2.5741E+00 
 2.4491E+00 
 2.3262E+00 
 2.2057E+00 
 2.0881E+00 
 1.9736E+00 
 1.8624E+00 
 1.7543E+00 
 1.6505E+00 
 1.5530E+00 
 1.4628E+00 
 1.3779E+00 
 1.2956E+00 
 4.3489E+00 
 4.3486E+00 
 4.3477E+00 
 4.3463E+00 
 4.3443E+00 
 4.3418E+00 
 4.3386E+00 
 4.3355E+00 
 4.3342E+00 
 4.3361E+00 
 4.3420E+00 
 4.3520E+00 
 4.3654E+00 
 4.3805E+00 
 4.3956E+00 
 4.4091E+00 
 4.4197E+00 
 4.4256E+00 
 4.4256E+00 
 4.4177E+00 
 4.3993E+00 
 4.3683E+00 
 4.3225E+00 
 4.2624E+00 
 4.1908E+00 
 4.1099E+00 
 4.0215E+00 
 3.9260E+00 
 3.8239E+00 
 3.7155E+00 
 3.6010E+00 
 3.4809E+00 
 3.3557E+00 
 3.2262E+00 
 3.0939E+00 
 2.9606E+00 
 2.8281E+00 
 2.6973E+00 
 2.5683E+00 
 2.4408E+00 
 2.3145E+00 
 2.1893E+00 
 2.0652E+00 
 1.9425E+00 
 1.8211E+00 
 1.7014E+00 
 1.5849E+00 
 1.4742E+00 
 1.3708E+00 
 1.2727E+00 
 1.1773E+00 
 4.3887E+00 
 4.3885E+00 
 4.3882E+00 
 4.3876E+00 
 4.3867E+00 
 4.3856E+00 
 4.3835E+00 
 4.3792E+00 
 4.3756E+00 
 4.3746E+00 
 4.3768E+00 
 4.3824E+00 
 4.3908E+00 
 4.4005E+00 
 4.4100E+00 
 4.4179E+00 
 4.4228E+00 
 4.4229E+00 
 4.4168E+00 
 4.4026E+00 
 4.3783E+00 
 4.3419E+00 
 4.2918E+00 
 4.2281E+00 
 4.1528E+00 
 4.0685E+00 
 3.9768E+00 
 3.8787E+00 
 3.7746E+00 
 3.6649E+00 
 3.5500E+00 
 3.4304E+00 
 3.3067E+00 
 3.1796E+00 
 3.0505E+00 
 2.9206E+00 
 2.7910E+00 
 2.6623E+00 
 2.5347E+00 
 2.4084E+00 
 2.2832E+00 
 2.1591E+00 
 2.0364E+00 
 1.9152E+00 
 1.7956E+00 
 1.6780E+00 
 1.5637E+00 
 1.4554E+00 
 1.3544E+00 
 1.2587E+00 
 1.1657E+00 
 4.2843E+00 
 4.2850E+00 
 4.2870E+00 
 4.2905E+00 
 4.2953E+00 
 4.3014E+00 
 4.3088E+00 
 4.3176E+00 
 4.3276E+00 
 4.3388E+00 
 4.3508E+00 
 4.3634E+00 
 4.3762E+00 
 4.3887E+00 
 4.4002E+00 
 4.4103E+00 
 4.4170E+00 
 4.4183E+00 
 4.4123E+00 
 4.3972E+00 
 4.3711E+00 
 4.3325E+00 
 4.2802E+00 
 4.2144E+00 
 4.1368E+00 
 4.0492E+00 
 3.9531E+00 
 3.8497E+00 
 3.7400E+00 
 3.6251E+00 
 3.5060E+00 
 3.3836E+00 
 3.2588E+00 
 3.1325E+00 
 3.0059E+00 
 2.8799E+00 
 2.7552E+00 
 2.6326E+00 
 2.5125E+00 
 2.3954E+00 
 2.2817E+00 
 2.1716E+00 
 2.0656E+00 
 1.9638E+00 
 1.8663E+00 
 1.7726E+00 
 1.6838E+00 
 1.6012E+00 
 1.5255E+00 
 1.4547E+00 
 1.3863E+00 


!te from confinement nodes [keV]
POINTS 51 GRIDTYPE 14 NAMEXP TE NTIMES 28 
 3.0030E-01 
  3.2530E-01 
  3.5030E-01 
  3.7530E-01 
  4.0030E-01 
  4.2530E-01 
  4.5030E-01 
  4.7530E-01 
  5.0030E-01 
  5.2530E-01 
  5.5030E-01 
  5.7530E-01 
  6.0030E-01 
  6.2530E-01 
  6.5030E-01 
  6.7530E-01 
  7.0030E-01 
  7.2530E-01 
  7.5030E-01 
  7.7530E-01 
  8.0030E-01 
  8.2530E-01 
  8.5030E-01 
  8.7530E-01 
  9.0030E-01 
  9.2530E-01 
  9.5030E-01 
  9.7530E-01 
  0.0000E+00 
  2.0000E-02 
  4.0000E-02 
  6.0000E-02 
  8.0000E-02 
  1.0000E-01 
  1.2000E-01 
  1.4000E-01 
  1.6000E-01 
  1.8000E-01 
  2.0000E-01 
  2.2000E-01 
  2.4000E-01 
  2.6000E-01 
  2.8000E-01 
  3.0000E-01 
  3.2000E-01 
  3.4000E-01 
  3.6000E-01 
  3.8000E-01 
  4.0000E-01 
  4.2000E-01 
  4.4000E-01 
  4.6000E-01 
  4.8000E-01 
  5.0000E-01 
  5.2000E-01 
  5.4000E-01 
  5.6000E-01 
  5.8000E-01 
  6.0000E-01 
  6.2000E-01 
  6.4000E-01 
  6.6000E-01 
  6.8000E-01 
  7.0000E-01 
  7.2000E-01 
  7.4000E-01 
  7.6000E-01 
  7.8000E-01 
  8.0000E-01 
  8.2000E-01 
  8.4000E-01 
  8.6000E-01 
  8.8000E-01 
  9.0000E-01 
  9.2000E-01 
  9.4000E-01 
  9.6000E-01 
  9.8000E-01 
  1.0000E+00 
  8.3614E-01 
 8.3595E-01 
 8.3539E-01 
 8.3446E-01 
 8.3315E-01 
 8.3149E-01 
 8.2947E-01 
 8.2719E-01 
 8.2505E-01 
 8.2358E-01 
 8.2341E-01 
 8.2487E-01 
 8.2750E-01 
 8.3066E-01 
 8.3317E-01 
 8.3354E-01 
 8.3035E-01 
 8.2249E-01 
 8.0955E-01 
 7.9203E-01 
 7.7107E-01 
 7.4765E-01 
 7.2251E-01 
 6.9627E-01 
 6.6952E-01 
 6.4224E-01 
 6.1387E-01 
 5.8383E-01 
 5.5177E-01 
 5.1823E-01 
 4.8407E-01 
 4.5010E-01 
 4.1701E-01 
 3.8520E-01 
 3.5499E-01 
 3.2662E-01 
 3.0003E-01 
 2.7502E-01 
 2.5133E-01 
 2.2875E-01 
 2.0714E-01 
 1.8644E-01 
 1.6659E-01 
 1.4755E-01 
 1.2930E-01 
 1.1177E-01 
 9.4953E-02 
 7.8967E-02 
 6.3944E-02 
 4.9692E-02 
 3.5827E-02 
 8.5268E-01 
 8.5246E-01 
 8.5181E-01 
 8.5072E-01 
 8.4922E-01 
 8.4731E-01 
 8.4498E-01 
 8.4236E-01 
 8.3987E-01 
 8.3783E-01 
 8.3614E-01 
 8.3465E-01 
 8.3325E-01 
 8.3176E-01 
 8.2925E-01 
 8.2429E-01 
 8.1558E-01 
 8.0195E-01 
 7.8262E-01 
 7.5790E-01 
 7.2895E-01 
 6.9735E-01 
 6.6530E-01 
 6.3474E-01 
 6.0773E-01 
 5.8446E-01 
 5.6312E-01 
 5.4137E-01 
 5.1756E-01 
 4.9168E-01 
 4.6432E-01 
 4.3611E-01 
 4.0762E-01 
 3.7938E-01 
 3.5187E-01 
 3.2545E-01 
 3.0021E-01 
 2.7607E-01 
 2.5286E-01 
 2.3050E-01 
 2.0895E-01 
 1.8821E-01 
 1.6831E-01 
 1.4924E-01 
 1.3097E-01 
 1.1345E-01 
 9.6644E-02 
 8.0692E-02 
 6.5723E-02 
 5.1532E-02 
 3.7731E-02 
 8.7532E-01 
 8.7506E-01 
 8.7427E-01 
 8.7296E-01 
 8.7114E-01 
 8.6880E-01 
 8.6597E-01 
 8.6268E-01 
 8.5908E-01 
 8.5516E-01 
 8.5068E-01 
 8.4533E-01 
 8.3884E-01 
 8.3093E-01 
 8.2122E-01 
 8.0925E-01 
 7.9461E-01 
 7.7697E-01 
 7.5616E-01 
 7.3239E-01 
 7.0617E-01 
 6.7815E-01 
 6.4921E-01 
 6.2018E-01 
 5.9187E-01 
 5.6461E-01 
 5.3816E-01 
 5.1206E-01 
 4.8604E-01 
 4.6007E-01 
 4.3421E-01 
 4.0858E-01 
 3.8327E-01 
 3.5841E-01 
 3.3413E-01 
 3.1053E-01 
 2.8763E-01 
 2.6542E-01 
 2.4387E-01 
 2.2296E-01 
 2.0268E-01 
 1.8306E-01 
 1.6410E-01 
 1.4583E-01 
 1.2826E-01 
 1.1135E-01 
 9.5116E-02 
 7.9704E-02 
 6.5241E-02 
 5.1532E-02 
 3.8201E-02 
 8.4890E-01 
 8.4858E-01 
 8.4761E-01 
 8.4602E-01 
 8.4379E-01 
 8.4095E-01 
 8.3750E-01 
 8.3356E-01 
 8.2962E-01 
 8.2597E-01 
 8.2277E-01 
 8.2007E-01 
 8.1789E-01 
 8.1616E-01 
 8.1437E-01 
 8.1159E-01 
 8.0699E-01 
 7.9982E-01 
 7.8963E-01 
 7.7647E-01 
 7.6071E-01 
 7.4270E-01 
 7.2274E-01 
 7.0110E-01 
 6.7814E-01 
 6.5400E-01 
 6.2853E-01 
 6.0148E-01 
 5.7272E-01 
 5.4254E-01 
 5.1138E-01 
 4.7970E-01 
 4.4790E-01 
 4.1643E-01 
 3.8565E-01 
 3.5585E-01 
 3.2717E-01 
 2.9961E-01 
 2.7311E-01 
 2.4766E-01 
 2.2325E-01 
 1.9991E-01 
 1.7766E-01 
 1.5646E-01 
 1.3628E-01 
 1.1697E-01 
 9.8475E-02 
 8.0920E-02 
 6.4430E-02 
 4.8778E-02 
 3.3545E-02 
 8.2323E-01 
 8.2289E-01 
 8.2189E-01 
 8.2021E-01 
 8.1788E-01 
 8.1490E-01 
 8.1128E-01 
 8.0712E-01 
 8.0284E-01 
 7.9910E-01 
 7.9658E-01 
 7.9566E-01 
 7.9626E-01 
 7.9819E-01 
 8.0062E-01 
 8.0228E-01 
 8.0200E-01 
 7.9878E-01 
 7.9210E-01 
 7.8178E-01 
 7.6786E-01 
 7.5067E-01 
 7.3094E-01 
 7.0935E-01 
 6.8659E-01 
 6.6284E-01 
 6.3784E-01 
 6.1119E-01 
 5.8268E-01 
 5.5264E-01 
 5.2156E-01 
 4.8993E-01 
 4.5823E-01 
 4.2688E-01 
 3.9626E-01 
 3.6666E-01 
 3.3819E-01 
 3.1084E-01 
 2.8451E-01 
 2.5918E-01 
 2.3485E-01 
 2.1154E-01 
 1.8927E-01 
 1.6804E-01 
 1.4779E-01 
 1.2840E-01 
 1.0982E-01 
 9.2190E-02 
 7.5625E-02 
 5.9902E-02 
 4.4600E-02 
 7.7927E-01 
 7.7927E-01 
 7.7929E-01 
 7.7931E-01 
 7.7935E-01 
 7.7940E-01 
 7.7946E-01 
 7.7956E-01 
 7.7983E-01 
 7.8045E-01 
 7.8172E-01 
 7.8373E-01 
 7.8625E-01 
 7.8900E-01 
 7.9151E-01 
 7.9325E-01 
 7.9374E-01 
 7.9254E-01 
 7.8927E-01 
 7.8357E-01 
 7.7510E-01 
 7.6364E-01 
 7.4901E-01 
 7.3110E-01 
 7.0992E-01 
 6.8589E-01 
 6.5957E-01 
 6.3145E-01 
 6.0197E-01 
 5.7159E-01 
 5.4070E-01 
 5.0965E-01 
 4.7874E-01 
 4.4822E-01 
 4.1828E-01 
 3.8910E-01 
 3.6075E-01 
 3.3326E-01 
 3.0661E-01 
 2.8083E-01 
 2.5591E-01 
 2.3186E-01 
 2.0868E-01 
 1.8640E-01 
 1.6500E-01 
 1.4443E-01 
 1.2471E-01 
 1.0601E-01 
 8.8477E-02 
 7.1871E-02 
 5.5727E-02 
 8.2451E-01 
 8.2436E-01 
 8.2389E-01 
 8.2311E-01 
 8.2203E-01 
 8.2064E-01 
 8.1896E-01 
 8.1698E-01 
 8.1473E-01 
 8.1253E-01 
 8.1119E-01 
 8.1112E-01 
 8.1191E-01 
 8.1303E-01 
 8.1363E-01 
 8.1270E-01 
 8.0933E-01 
 8.0273E-01 
 7.9230E-01 
 7.7767E-01 
 7.5869E-01 
 7.3583E-01 
 7.1019E-01 
 6.8276E-01 
 6.5466E-01 
 6.2657E-01 
 5.9850E-01 
 5.7021E-01 
 5.4164E-01 
 5.1300E-01 
 4.8454E-01 
 4.5651E-01 
 4.2911E-01 
 4.0245E-01 
 3.7660E-01 
 3.5161E-01 
 3.2752E-01 
 3.0437E-01 
 2.8216E-01 
 2.6094E-01 
 2.4072E-01 
 2.2156E-01 
 2.0348E-01 
 1.8650E-01 
 1.7060E-01 
 1.5575E-01 
 1.4192E-01 
 1.2918E-01 
 1.1758E-01 
 1.0684E-01 
 9.6535E-02 
 8.3226E-01 
 8.3211E-01 
 8.3166E-01 
 8.3092E-01 
 8.2989E-01 
 8.2858E-01 
 8.2698E-01 
 8.2521E-01 
 8.2360E-01 
 8.2257E-01 
 8.2261E-01 
 8.2388E-01 
 8.2572E-01 
 8.2722E-01 
 8.2702E-01 
 8.2363E-01 
 8.1567E-01 
 8.0213E-01 
 7.8265E-01 
 7.5730E-01 
 7.2664E-01 
 6.9240E-01 
 6.5715E-01 
 6.2315E-01 
 5.9264E-01 
 5.6586E-01 
 5.4169E-01 
 5.1881E-01 
 4.9639E-01 
 4.7423E-01 
 4.5224E-01 
 4.3037E-01 
 4.0862E-01 
 3.8708E-01 
 3.6585E-01 
 3.4499E-01 
 3.2456E-01 
 3.0462E-01 
 2.8521E-01 
 2.6637E-01 
 2.4816E-01 
 2.3061E-01 
 2.1378E-01 
 1.9770E-01 
 1.8240E-01 
 1.6784E-01 
 1.5407E-01 
 1.4119E-01 
 1.2932E-01 
 1.1820E-01 
 1.0746E-01 
 8.6593E-01 
 8.6599E-01 
 8.6618E-01 
 8.6649E-01 
 8.6692E-01 
 8.6748E-01 
 8.6815E-01 
 8.6893E-01 
 8.6980E-01 
 8.7073E-01 
 8.7177E-01 
 8.7273E-01 
 8.7285E-01 
 8.7123E-01 
 8.6673E-01 
 8.5813E-01 
 8.4438E-01 
 8.2446E-01 
 7.9781E-01 
 7.6525E-01 
 7.2874E-01 
 6.9065E-01 
 6.5365E-01 
 6.2006E-01 
 5.9180E-01 
 5.6802E-01 
 5.4650E-01 
 5.2511E-01 
 5.0263E-01 
 4.7921E-01 
 4.5519E-01 
 4.3084E-01 
 4.0646E-01 
 3.8236E-01 
 3.5883E-01 
 3.3605E-01 
 3.1410E-01 
 2.9300E-01 
 2.7277E-01 
 2.5341E-01 
 2.3494E-01 
 2.1736E-01 
 2.0070E-01 
 1.8494E-01 
 1.7008E-01 
 1.5607E-01 
 1.4291E-01 
 1.3070E-01 
 1.1950E-01 
 1.0907E-01 
 9.9029E-02 
 8.4975E-01 
 8.4992E-01 
 8.5045E-01 
 8.5132E-01 
 8.5253E-01 
 8.5408E-01 
 8.5591E-01 
 8.5769E-01 
 8.5938E-01 
 8.6108E-01 
 8.6308E-01 
 8.6562E-01 
 8.6830E-01 
 8.7032E-01 
 8.7030E-01 
 8.6674E-01 
 8.5835E-01 
 8.4366E-01 
 8.2150E-01 
 7.9272E-01 
 7.5950E-01 
 7.2434E-01 
 6.8985E-01 
 6.5831E-01 
 6.3153E-01 
 6.0831E-01 
 5.8609E-01 
 5.6258E-01 
 5.3669E-01 
 5.0905E-01 
 4.8033E-01 
 4.5111E-01 
 4.2196E-01 
 3.9342E-01 
 3.6595E-01 
 3.3980E-01 
 3.1492E-01 
 2.9119E-01 
 2.6848E-01 
 2.4672E-01 
 2.2587E-01 
 2.0589E-01 
 1.8675E-01 
 1.6845E-01 
 1.5094E-01 
 1.3415E-01 
 1.1810E-01 
 1.0297E-01 
 8.8879E-02 
 7.5597E-02 
 6.2718E-02 
 8.9396E-01 
 8.9389E-01 
 8.9368E-01 
 8.9334E-01 
 8.9286E-01 
 8.9225E-01 
 8.9147E-01 
 8.9039E-01 
 8.8898E-01 
 8.8739E-01 
 8.8592E-01 
 8.8474E-01 
 8.8322E-01 
 8.8049E-01 
 8.7548E-01 
 8.6710E-01 
 8.5443E-01 
 8.3677E-01 
 8.1412E-01 
 7.8733E-01 
 7.5774E-01 
 7.2696E-01 
 6.9670E-01 
 6.6845E-01 
 6.4319E-01 
 6.1967E-01 
 5.9585E-01 
 5.7009E-01 
 5.4174E-01 
 5.1157E-01 
 4.8036E-01 
 4.4876E-01 
 4.1740E-01 
 3.8687E-01 
 3.5764E-01 
 3.2999E-01 
 3.0382E-01 
 2.7900E-01 
 2.5539E-01 
 2.3291E-01 
 2.1147E-01 
 1.9099E-01 
 1.7144E-01 
 1.5278E-01 
 1.3494E-01 
 1.1783E-01 
 1.0147E-01 
 8.6030E-02 
 7.1661E-02 
 5.8115E-02 
 4.4980E-02 
 8.5209E-01 
 8.5199E-01 
 8.5168E-01 
 8.5117E-01 
 8.5046E-01 
 8.4955E-01 
 8.4843E-01 
 8.4709E-01 
 8.4593E-01 
 8.4565E-01 
 8.4644E-01 
 8.4798E-01 
 8.4950E-01 
 8.4993E-01 
 8.4788E-01 
 8.4192E-01 
 8.3084E-01 
 8.1377E-01 
 7.9064E-01 
 7.6217E-01 
 7.2975E-01 
 6.9558E-01 
 6.6203E-01 
 6.3110E-01 
 6.0406E-01 
 5.7963E-01 
 5.5604E-01 
 5.3190E-01 
 5.0663E-01 
 4.8045E-01 
 4.5354E-01 
 4.2616E-01 
 3.9876E-01 
 3.7188E-01 
 3.4596E-01 
 3.2114E-01 
 2.9730E-01 
 2.7429E-01 
 2.5200E-01 
 2.3041E-01 
 2.0953E-01 
 1.8937E-01 
 1.6996E-01 
 1.5133E-01 
 1.3345E-01 
 1.1629E-01 
 9.9894E-02 
 8.4460E-02 
 7.0125E-02 
 5.6619E-02 
 4.3527E-02 
 8.3297E-01 
 8.3290E-01 
 8.3268E-01 
 8.3232E-01 
 8.3181E-01 
 8.3116E-01 
 8.3037E-01 
 8.2948E-01 
 8.2891E-01 
 8.2931E-01 
 8.3097E-01 
 8.3370E-01 
 8.3663E-01 
 8.3861E-01 
 8.3808E-01 
 8.3348E-01 
 8.2347E-01 
 8.0716E-01 
 7.8461E-01 
 7.5674E-01 
 7.2511E-01 
 6.9190E-01 
 6.5939E-01 
 6.2954E-01 
 6.0354E-01 
 5.7994E-01 
 5.5677E-01 
 5.3252E-01 
 5.0668E-01 
 4.7970E-01 
 4.5191E-01 
 4.2371E-01 
 3.9562E-01 
 3.6820E-01 
 3.4190E-01 
 3.1690E-01 
 2.9304E-01 
 2.7018E-01 
 2.4819E-01 
 2.2701E-01 
 2.0659E-01 
 1.8694E-01 
 1.6805E-01 
 1.4992E-01 
 1.3253E-01 
 1.1583E-01 
 9.9877E-02 
 8.4861E-02 
 7.0915E-02 
 5.7775E-02 
 4.5037E-02 
 8.1512E-01 
 8.1484E-01 
 8.1400E-01 
 8.1259E-01 
 8.1064E-01 
 8.0814E-01 
 8.0511E-01 
 8.0170E-01 
 7.9853E-01 
 7.9642E-01 
 7.9643E-01 
 7.9928E-01 
 8.0470E-01 
 8.1169E-01 
 8.1839E-01 
 8.2296E-01 
 8.2377E-01 
 8.1975E-01 
 8.1057E-01 
 7.9669E-01 
 7.7881E-01 
 7.5757E-01 
 7.3360E-01 
 7.0744E-01 
 6.7939E-01 
 6.4939E-01 
 6.1727E-01 
 5.8313E-01 
 5.4752E-01 
 5.1131E-01 
 4.7521E-01 
 4.3988E-01 
 4.0598E-01 
 3.7407E-01 
 3.4455E-01 
 3.1740E-01 
 2.9226E-01 
 2.6883E-01 
 2.4685E-01 
 2.2613E-01 
 2.0654E-01 
 1.8799E-01 
 1.7041E-01 
 1.5375E-01 
 1.3793E-01 
 1.2286E-01 
 1.0854E-01 
 9.5158E-02 
 8.2813E-02 
 7.1233E-02 
 6.0036E-02 
 8.0973E-01 
 8.0958E-01 
 8.0913E-01 
 8.0838E-01 
 8.0735E-01 
 8.0602E-01 
 8.0442E-01 
 8.0265E-01 
 8.0114E-01 
 8.0057E-01 
 8.0192E-01 
 8.0587E-01 
 8.1208E-01 
 8.1950E-01 
 8.2630E-01 
 8.3066E-01 
 8.3104E-01 
 8.2635E-01 
 8.1626E-01 
 8.0122E-01 
 7.8195E-01 
 7.5921E-01 
 7.3373E-01 
 7.0615E-01 
 6.7684E-01 
 6.4581E-01 
 6.1300E-01 
 5.7859E-01 
 5.4311E-01 
 5.0735E-01 
 4.7194E-01 
 4.3742E-01 
 4.0429E-01 
 3.7296E-01 
 3.4367E-01 
 3.1639E-01 
 2.9086E-01 
 2.6684E-01 
 2.4418E-01 
 2.2272E-01 
 2.0237E-01 
 1.8308E-01 
 1.6482E-01 
 1.4755E-01 
 1.3121E-01 
 1.1569E-01 
 1.0101E-01 
 8.7312E-02 
 7.4677E-02 
 6.2824E-02 
 5.1362E-02 
 8.1648E-01 
 8.1618E-01 
 8.1527E-01 
 8.1374E-01 
 8.1161E-01 
 8.0888E-01 
 8.0546E-01 
 8.0110E-01 
 7.9642E-01 
 7.9250E-01 
 7.9101E-01 
 7.9311E-01 
 7.9837E-01 
 8.0512E-01 
 8.1106E-01 
 8.1408E-01 
 8.1260E-01 
 8.0628E-01 
 7.9532E-01 
 7.8021E-01 
 7.6172E-01 
 7.4062E-01 
 7.1768E-01 
 6.9344E-01 
 6.6780E-01 
 6.4018E-01 
 6.1018E-01 
 5.7795E-01 
 5.4417E-01 
 5.0968E-01 
 4.7516E-01 
 4.4121E-01 
 4.0843E-01 
 3.7730E-01 
 3.4805E-01 
 3.2067E-01 
 2.9498E-01 
 2.7083E-01 
 2.4804E-01 
 2.2640E-01 
 2.0583E-01 
 1.8632E-01 
 1.6785E-01 
 1.5041E-01 
 1.3393E-01 
 1.1830E-01 
 1.0353E-01 
 8.9792E-02 
 7.7141E-02 
 6.5276E-02 
 5.3805E-02 
 7.8258E-01 
 7.8241E-01 
 7.8193E-01 
 7.8111E-01 
 7.7997E-01 
 7.7852E-01 
 7.7668E-01 
 7.7427E-01 
 7.7194E-01 
 7.7077E-01 
 7.7247E-01 
 7.7820E-01 
 7.8734E-01 
 7.9782E-01 
 8.0717E-01 
 8.1305E-01 
 8.1387E-01 
 8.0941E-01 
 7.9992E-01 
 7.8565E-01 
 7.6714E-01 
 7.4518E-01 
 7.2052E-01 
 6.9378E-01 
 6.6533E-01 
 6.3534E-01 
 6.0399E-01 
 5.7161E-01 
 5.3864E-01 
 5.0552E-01 
 4.7261E-01 
 4.4026E-01 
 4.0884E-01 
 3.7864E-01 
 3.4981E-01 
 3.2241E-01 
 2.9641E-01 
 2.7178E-01 
 2.4843E-01 
 2.2621E-01 
 2.0505E-01 
 1.8489E-01 
 1.6570E-01 
 1.4746E-01 
 1.3009E-01 
 1.1350E-01 
 9.7752E-02 
 8.3062E-02 
 6.9535E-02 
 5.6853E-02 
 4.4593E-02 
 8.4527E-01 
 8.4506E-01 
 8.4444E-01 
 8.4340E-01 
 8.4194E-01 
 8.4009E-01 
 8.3777E-01 
 8.3495E-01 
 8.3180E-01 
 8.2852E-01 
 8.2525E-01 
 8.2210E-01 
 8.1890E-01 
 8.1513E-01 
 8.1010E-01 
 8.0318E-01 
 7.9395E-01 
 7.8230E-01 
 7.6823E-01 
 7.5182E-01 
 7.3325E-01 
 7.1271E-01 
 6.9040E-01 
 6.6649E-01 
 6.4113E-01 
 6.1448E-01 
 5.8673E-01 
 5.5812E-01 
 5.2895E-01 
 4.9952E-01 
 4.7008E-01 
 4.4085E-01 
 4.1205E-01 
 3.8386E-01 
 3.5641E-01 
 3.2978E-01 
 3.0403E-01 
 2.7920E-01 
 2.5530E-01 
 2.3230E-01 
 2.1018E-01 
 1.8893E-01 
 1.6856E-01 
 1.4907E-01 
 1.3042E-01 
 1.1254E-01 
 9.5538E-02 
 7.9687E-02 
 6.5144E-02 
 5.1554E-02 
 3.8439E-02 
 8.2968E-01 
 8.2962E-01 
 8.2942E-01 
 8.2909E-01 
 8.2862E-01 
 8.2802E-01 
 8.2718E-01 
 8.2580E-01 
 8.2376E-01 
 8.2125E-01 
 8.1885E-01 
 8.1704E-01 
 8.1590E-01 
 8.1475E-01 
 8.1252E-01 
 8.0824E-01 
 8.0117E-01 
 7.9107E-01 
 7.7783E-01 
 7.6157E-01 
 7.4261E-01 
 7.2133E-01 
 6.9807E-01 
 6.7312E-01 
 6.4664E-01 
 6.1861E-01 
 5.8902E-01 
 5.5814E-01 
 5.2646E-01 
 4.9451E-01 
 4.6271E-01 
 4.3145E-01 
 4.0105E-01 
 3.7179E-01 
 3.4379E-01 
 3.1707E-01 
 2.9156E-01 
 2.6724E-01 
 2.4403E-01 
 2.2188E-01 
 2.0071E-01 
 1.8049E-01 
 1.6121E-01 
 1.4285E-01 
 1.2536E-01 
 1.0864E-01 
 9.2755E-02 
 7.7966E-02 
 6.4396E-02 
 5.1713E-02 
 3.9472E-02 
 8.0876E-01 
 8.0870E-01 
 8.0853E-01 
 8.0824E-01 
 8.0783E-01 
 8.0731E-01 
 8.0661E-01 
 8.0566E-01 
 8.0454E-01 
 8.0339E-01 
 8.0243E-01 
 8.0180E-01 
 8.0133E-01 
 8.0042E-01 
 7.9832E-01 
 7.9437E-01 
 7.8804E-01 
 7.7900E-01 
 7.6702E-01 
 7.5213E-01 
 7.3466E-01 
 7.1495E-01 
 6.9334E-01 
 6.7004E-01 
 6.4511E-01 
 6.1859E-01 
 5.9058E-01 
 5.6137E-01 
 5.3136E-01 
 5.0093E-01 
 4.7041E-01 
 4.4008E-01 
 4.1019E-01 
 3.8094E-01 
 3.5246E-01 
 3.2487E-01 
 2.9823E-01 
 2.7260E-01 
 2.4799E-01 
 2.2439E-01 
 2.0180E-01 
 1.8022E-01 
 1.5967E-01 
 1.4017E-01 
 1.2163E-01 
 1.0396E-01 
 8.7239E-02 
 7.1708E-02 
 5.7464E-02 
 4.4139E-02 
 3.1273E-02 
 8.0163E-01 
 8.0157E-01 
 8.0139E-01 
 8.0109E-01 
 8.0066E-01 
 8.0012E-01 
 7.9940E-01 
 7.9857E-01 
 7.9791E-01 
 7.9774E-01 
 7.9839E-01 
 8.0003E-01 
 8.0231E-01 
 8.0436E-01 
 8.0521E-01 
 8.0395E-01 
 7.9982E-01 
 7.9227E-01 
 7.8082E-01 
 7.6534E-01 
 7.4640E-01 
 7.2482E-01 
 7.0141E-01 
 6.7666E-01 
 6.5061E-01 
 6.2315E-01 
 5.9429E-01 
 5.6428E-01 
 5.3352E-01 
 5.0242E-01 
 4.7129E-01 
 4.4045E-01 
 4.1015E-01 
 3.8059E-01 
 3.5194E-01 
 3.2426E-01 
 2.9762E-01 
 2.7206E-01 
 2.4757E-01 
 2.2414E-01 
 2.0175E-01 
 1.8039E-01 
 1.6007E-01 
 1.4079E-01 
 1.2248E-01 
 1.0502E-01 
 8.8506E-02 
 7.3165E-02 
 5.9096E-02 
 4.5933E-02 
 3.3225E-02 
 7.5847E-01 
 7.5850E-01 
 7.5859E-01 
 7.5874E-01 
 7.5895E-01 
 7.5922E-01 
 7.5955E-01 
 7.6011E-01 
 7.6119E-01 
 7.6305E-01 
 7.6595E-01 
 7.6998E-01 
 7.7474E-01 
 7.7953E-01 
 7.8357E-01 
 7.8620E-01 
 7.8673E-01 
 7.8451E-01 
 7.7893E-01 
 7.6962E-01 
 7.5668E-01 
 7.4042E-01 
 7.2118E-01 
 6.9919E-01 
 6.7456E-01 
 6.4754E-01 
 6.1840E-01 
 5.8758E-01 
 5.5562E-01 
 5.2303E-01 
 4.9026E-01 
 4.5768E-01 
 4.2562E-01 
 3.9434E-01 
 3.6402E-01 
 3.3478E-01 
 3.0667E-01 
 2.7975E-01 
 2.5402E-01 
 2.2945E-01 
 2.0602E-01 
 1.8369E-01 
 1.6247E-01 
 1.4236E-01 
 1.2326E-01 
 1.0505E-01 
 8.7817E-02 
 7.1805E-02 
 5.7117E-02 
 4.3375E-02 
 3.0106E-02 
 8.0140E-01 
 8.0143E-01 
 8.0154E-01 
 8.0171E-01 
 8.0196E-01 
 8.0227E-01 
 8.0262E-01 
 8.0306E-01 
 8.0381E-01 
 8.0506E-01 
 8.0696E-01 
 8.0949E-01 
 8.1227E-01 
 8.1455E-01 
 8.1553E-01 
 8.1452E-01 
 8.1087E-01 
 8.0405E-01 
 7.9360E-01 
 7.7926E-01 
 7.6117E-01 
 7.3968E-01 
 7.1510E-01 
 6.8771E-01 
 6.5774E-01 
 6.2550E-01 
 5.9136E-01 
 5.5593E-01 
 5.2000E-01 
 4.8427E-01 
 4.4935E-01 
 4.1576E-01 
 3.8400E-01 
 3.5439E-01 
 3.2695E-01 
 3.0136E-01 
 2.7726E-01 
 2.5443E-01 
 2.3270E-01 
 2.1199E-01 
 1.9224E-01 
 1.7340E-01 
 1.5547E-01 
 1.3843E-01 
 1.2219E-01 
 1.0667E-01 
 9.1961E-02 
 7.8285E-02 
 6.5740E-02 
 5.4006E-02 
 4.2677E-02 
 7.7844E-01 
 7.7852E-01 
 7.7874E-01 
 7.7912E-01 
 7.7963E-01 
 7.8029E-01 
 7.8104E-01 
 7.8188E-01 
 7.8298E-01 
 7.8453E-01 
 7.8676E-01 
 7.8975E-01 
 7.9318E-01 
 7.9639E-01 
 7.9869E-01 
 7.9949E-01 
 7.9824E-01 
 7.9447E-01 
 7.8778E-01 
 7.7791E-01 
 7.6476E-01 
 7.4826E-01 
 7.2840E-01 
 7.0510E-01 
 6.7837E-01 
 6.4858E-01 
 6.1623E-01 
 5.8204E-01 
 5.4680E-01 
 5.1123E-01 
 4.7595E-01 
 4.4149E-01 
 4.0834E-01 
 3.7683E-01 
 3.4704E-01 
 3.1885E-01 
 2.9210E-01 
 2.6671E-01 
 2.4259E-01 
 2.1967E-01 
 1.9791E-01 
 1.7726E-01 
 1.5774E-01 
 1.3933E-01 
 1.2190E-01 
 1.0533E-01 
 8.9663E-02 
 7.5125E-02 
 6.1790E-02 
 4.9310E-02 
 3.7259E-02 
 8.3431E-01 
 8.3428E-01 
 8.3418E-01 
 8.3403E-01 
 8.3382E-01 
 8.3354E-01 
 8.3314E-01 
 8.3253E-01 
 8.3169E-01 
 8.3062E-01 
 8.2931E-01 
 8.2768E-01 
 8.2541E-01 
 8.2206E-01 
 8.1717E-01 
 8.1035E-01 
 8.0132E-01 
 7.8991E-01 
 7.7601E-01 
 7.5962E-01 
 7.4087E-01 
 7.1993E-01 
 6.9694E-01 
 6.7203E-01 
 6.4529E-01 
 6.1685E-01 
 5.8691E-01 
 5.5583E-01 
 5.2408E-01 
 4.9207E-01 
 4.6014E-01 
 4.2865E-01 
 3.9792E-01 
 3.6821E-01 
 3.3967E-01 
 3.1238E-01 
 2.8638E-01 
 2.6171E-01 
 2.3841E-01 
 2.1650E-01 
 1.9599E-01 
 1.7688E-01 
 1.5919E-01 
 1.4292E-01 
 1.2796E-01 
 1.1420E-01 
 1.0163E-01 
 9.0363E-02 
 8.0386E-02 
 7.1314E-02 
 6.2694E-02 
 8.2887E-01 
 8.2878E-01 
 8.2850E-01 
 8.2803E-01 
 8.2739E-01 
 8.2656E-01 
 8.2553E-01 
 8.2427E-01 
 8.2272E-01 
 8.2082E-01 
 8.1847E-01 
 8.1553E-01 
 8.1172E-01 
 8.0668E-01 
 8.0008E-01 
 7.9164E-01 
 7.8115E-01 
 7.6850E-01 
 7.5360E-01 
 7.3648E-01 
 7.1726E-01 
 6.9607E-01 
 6.7306E-01 
 6.4832E-01 
 6.2196E-01 
 5.9414E-01 
 5.6508E-01 
 5.3513E-01 
 5.0472E-01 
 4.7421E-01 
 4.4394E-01 
 4.1421E-01 
 3.8534E-01 
 3.5756E-01 
 3.3098E-01 
 3.0563E-01 
 2.8152E-01 
 2.5864E-01 
 2.3699E-01 
 2.1657E-01 
 1.9736E-01 
 1.7934E-01 
 1.6251E-01 
 1.4685E-01 
 1.3228E-01 
 1.1868E-01 
 1.0610E-01 
 9.4674E-02 
 8.4418E-02 
 7.4987E-02 
 6.5968E-02 
 8.6870E-01 
 8.6835E-01 
 8.6732E-01 
 8.6559E-01 
 8.6318E-01 
 8.6010E-01 
 8.5617E-01 
 8.5103E-01 
 8.4503E-01 
 8.3852E-01 
 8.3164E-01 
 8.2442E-01 
 8.1645E-01 
 8.0715E-01 
 7.9599E-01 
 7.8248E-01 
 7.6663E-01 
 7.4877E-01 
 7.2925E-01 
 7.0868E-01 
 6.8793E-01 
 6.6775E-01 
 6.4891E-01 
 6.3103E-01 
 6.1259E-01 
 5.9240E-01 
 5.6982E-01 
 5.4503E-01 
 5.1854E-01 
 4.9085E-01 
 4.6237E-01 
 4.3351E-01 
 4.0466E-01 
 3.7615E-01 
 3.4824E-01 
 3.2116E-01 
 2.9511E-01 
 2.7021E-01 
 2.4656E-01 
 2.2423E-01 
 2.0325E-01 
 1.8365E-01 
 1.6547E-01 
 1.4869E-01 
 1.3324E-01 
 1.1899E-01 
 1.0597E-01 
 9.4277E-02 
 8.3910E-02 
 7.4471E-02 
 6.5496E-02 
 8.1462E-01 
 8.1445E-01 
 8.1396E-01 
 8.1313E-01 
 8.1198E-01 
 8.1051E-01 
 8.0888E-01 
 8.0756E-01 
 8.0704E-01 
 8.0763E-01 
 8.0957E-01 
 8.1290E-01 
 8.1662E-01 
 8.1909E-01 
 8.1882E-01 
 8.1449E-01 
 8.0544E-01 
 7.9143E-01 
 7.7230E-01 
 7.4960E-01 
 7.2611E-01 
 7.0440E-01 
 6.8675E-01 
 6.7210E-01 
 6.5685E-01 
 6.3784E-01 
 6.1344E-01 
 5.8469E-01 
 5.5316E-01 
 5.2029E-01 
 4.8713E-01 
 4.5421E-01 
 4.2184E-01 
 3.9026E-01 
 3.5967E-01 
 3.3023E-01 
 3.0205E-01 
 2.7518E-01 
 2.4961E-01 
 2.2530E-01 
 2.0220E-01 
 1.8028E-01 
 1.5954E-01 
 1.3995E-01 
 1.2138E-01 
 1.0368E-01 
 8.6935E-02 
 7.1399E-02 
 5.7149E-02 
 4.3809E-02 
 3.0924E-02 


!ti from confinement nodes [keV]
POINTS 51 GRIDTYPE 14 NAMEXP TI NTIMES 28 
 3.0030E-01 
  3.2530E-01 
  3.5030E-01 
  3.7530E-01 
  4.0030E-01 
  4.2530E-01 
  4.5030E-01 
  4.7530E-01 
  5.0030E-01 
  5.2530E-01 
  5.5030E-01 
  5.7530E-01 
  6.0030E-01 
  6.2530E-01 
  6.5030E-01 
  6.7530E-01 
  7.0030E-01 
  7.2530E-01 
  7.5030E-01 
  7.7530E-01 
  8.0030E-01 
  8.2530E-01 
  8.5030E-01 
  8.7530E-01 
  9.0030E-01 
  9.2530E-01 
  9.5030E-01 
  9.7530E-01 
  0.0000E+00 
  2.0000E-02 
  4.0000E-02 
  6.0000E-02 
  8.0000E-02 
  1.0000E-01 
  1.2000E-01 
  1.4000E-01 
  1.6000E-01 
  1.8000E-01 
  2.0000E-01 
  2.2000E-01 
  2.4000E-01 
  2.6000E-01 
  2.8000E-01 
  3.0000E-01 
  3.2000E-01 
  3.4000E-01 
  3.6000E-01 
  3.8000E-01 
  4.0000E-01 
  4.2000E-01 
  4.4000E-01 
  4.6000E-01 
  4.8000E-01 
  5.0000E-01 
  5.2000E-01 
  5.4000E-01 
  5.6000E-01 
  5.8000E-01 
  6.0000E-01 
  6.2000E-01 
  6.4000E-01 
  6.6000E-01 
  6.8000E-01 
  7.0000E-01 
  7.2000E-01 
  7.4000E-01 
  7.6000E-01 
  7.8000E-01 
  8.0000E-01 
  8.2000E-01 
  8.4000E-01 
  8.6000E-01 
  8.8000E-01 
  9.0000E-01 
  9.2000E-01 
  9.4000E-01 
  9.6000E-01 
  9.8000E-01 
  1.0000E+00 
  5.2407E-01 
 5.2395E-01 
 5.2360E-01 
 5.2301E-01 
 5.2220E-01 
 5.2116E-01 
 5.1989E-01 
 5.1846E-01 
 5.1712E-01 
 5.1620E-01 
 5.1609E-01 
 5.1701E-01 
 5.1865E-01 
 5.2063E-01 
 5.2221E-01 
 5.2244E-01 
 5.2044E-01 
 5.1551E-01 
 5.0740E-01 
 4.9642E-01 
 4.8329E-01 
 4.6861E-01 
 4.5285E-01 
 4.3640E-01 
 4.1964E-01 
 4.0254E-01 
 3.8475E-01 
 3.6593E-01 
 3.4583E-01 
 3.2481E-01 
 3.0340E-01 
 2.8211E-01 
 2.6137E-01 
 2.4143E-01 
 2.2250E-01 
 2.0472E-01 
 1.8805E-01 
 1.7238E-01 
 1.5753E-01 
 1.4337E-01 
 1.2983E-01 
 1.1685E-01 
 1.0441E-01 
 9.2482E-02 
 8.1042E-02 
 7.0057E-02 
 5.9514E-02 
 4.9495E-02 
 4.0079E-02 
 3.1146E-02 
 2.2455E-02 
 5.2677E-01 
 5.2663E-01 
 5.2623E-01 
 5.2556E-01 
 5.2463E-01 
 5.2345E-01 
 5.2201E-01 
 5.2039E-01 
 5.1886E-01 
 5.1759E-01 
 5.1655E-01 
 5.1563E-01 
 5.1477E-01 
 5.1384E-01 
 5.1229E-01 
 5.0923E-01 
 5.0385E-01 
 4.9543E-01 
 4.8349E-01 
 4.6821E-01 
 4.5033E-01 
 4.3081E-01 
 4.1101E-01 
 3.9213E-01 
 3.7544E-01 
 3.6107E-01 
 3.4789E-01 
 3.3445E-01 
 3.1974E-01 
 3.0375E-01 
 2.8684E-01 
 2.6942E-01 
 2.5182E-01 
 2.3437E-01 
 2.1738E-01 
 2.0106E-01 
 1.8546E-01 
 1.7055E-01 
 1.5621E-01 
 1.4240E-01 
 1.2908E-01 
 1.1627E-01 
 1.0398E-01 
 9.2195E-02 
 8.0913E-02 
 7.0087E-02 
 5.9705E-02 
 4.9850E-02 
 4.0602E-02 
 3.1835E-02 
 2.3310E-02 
 5.3063E-01 
 5.3047E-01 
 5.2999E-01 
 5.2920E-01 
 5.2809E-01 
 5.2668E-01 
 5.2496E-01 
 5.2297E-01 
 5.2078E-01 
 5.1841E-01 
 5.1569E-01 
 5.1245E-01 
 5.0852E-01 
 5.0372E-01 
 4.9783E-01 
 4.9057E-01 
 4.8170E-01 
 4.7101E-01 
 4.5839E-01 
 4.4398E-01 
 4.2809E-01 
 4.1110E-01 
 3.9356E-01 
 3.7596E-01 
 3.5880E-01 
 3.4227E-01 
 3.2624E-01 
 3.1042E-01 
 2.9464E-01 
 2.7890E-01 
 2.6322E-01 
 2.4769E-01 
 2.3234E-01 
 2.1727E-01 
 2.0255E-01 
 1.8824E-01 
 1.7436E-01 
 1.6090E-01 
 1.4784E-01 
 1.3516E-01 
 1.2287E-01 
 1.1097E-01 
 9.9480E-02 
 8.8405E-02 
 7.7751E-02 
 6.7500E-02 
 5.7660E-02 
 4.8317E-02 
 3.9550E-02 
 3.1239E-02 
 2.3158E-02 
 5.2017E-01 
 5.1997E-01 
 5.1938E-01 
 5.1840E-01 
 5.1704E-01 
 5.1530E-01 
 5.1318E-01 
 5.1077E-01 
 5.0835E-01 
 5.0612E-01 
 5.0415E-01 
 5.0250E-01 
 5.0116E-01 
 5.0011E-01 
 4.9901E-01 
 4.9731E-01 
 4.9448E-01 
 4.9009E-01 
 4.8385E-01 
 4.7578E-01 
 4.6613E-01 
 4.5509E-01 
 4.4286E-01 
 4.2960E-01 
 4.1554E-01 
 4.0074E-01 
 3.8514E-01 
 3.6856E-01 
 3.5093E-01 
 3.3244E-01 
 3.1335E-01 
 2.9394E-01 
 2.7445E-01 
 2.5517E-01 
 2.3631E-01 
 2.1805E-01 
 2.0047E-01 
 1.8359E-01 
 1.6735E-01 
 1.5176E-01 
 1.3680E-01 
 1.2250E-01 
 1.0886E-01 
 9.5874E-02 
 8.3505E-02 
 7.1674E-02 
 6.0341E-02 
 4.9584E-02 
 3.9480E-02 
 2.9889E-02 
 2.0555E-02 
 5.0259E-01 
 5.0238E-01 
 5.0176E-01 
 5.0074E-01 
 4.9932E-01 
 4.9750E-01 
 4.9529E-01 
 4.9275E-01 
 4.9014E-01 
 4.8786E-01 
 4.8632E-01 
 4.8575E-01 
 4.8612E-01 
 4.8730E-01 
 4.8878E-01 
 4.8979E-01 
 4.8962E-01 
 4.8766E-01 
 4.8358E-01 
 4.7728E-01 
 4.6878E-01 
 4.5829E-01 
 4.4624E-01 
 4.3306E-01 
 4.1917E-01 
 4.0467E-01 
 3.8941E-01 
 3.7313E-01 
 3.5573E-01 
 3.3739E-01 
 3.1842E-01 
 2.9911E-01 
 2.7975E-01 
 2.6061E-01 
 2.4192E-01 
 2.2385E-01 
 2.0647E-01 
 1.8977E-01 
 1.7370E-01 
 1.5823E-01 
 1.4338E-01 
 1.2914E-01 
 1.1555E-01 
 1.0259E-01 
 9.0225E-02 
 7.8389E-02 
 6.7048E-02 
 5.6282E-02 
 4.6169E-02 
 3.6570E-02 
 2.7229E-02 
 4.7074E-01 
 4.7074E-01 
 4.7075E-01 
 4.7077E-01 
 4.7079E-01 
 4.7082E-01 
 4.7086E-01 
 4.7092E-01 
 4.7108E-01 
 4.7146E-01 
 4.7222E-01 
 4.7344E-01 
 4.7496E-01 
 4.7662E-01 
 4.7814E-01 
 4.7919E-01 
 4.7949E-01 
 4.7876E-01 
 4.7678E-01 
 4.7334E-01 
 4.6823E-01 
 4.6130E-01 
 4.5246E-01 
 4.4164E-01 
 4.2885E-01 
 4.1433E-01 
 3.9843E-01 
 3.8145E-01 
 3.6364E-01 
 3.4529E-01 
 3.2663E-01 
 3.0787E-01 
 2.8920E-01 
 2.7076E-01 
 2.5268E-01 
 2.3505E-01 
 2.1792E-01 
 2.0131E-01 
 1.8522E-01 
 1.6964E-01 
 1.5459E-01 
 1.4006E-01 
 1.2606E-01 
 1.1260E-01 
 9.9671E-02 
 8.7248E-02 
 7.5334E-02 
 6.4036E-02 
 5.3447E-02 
 4.3416E-02 
 3.3664E-02 
 4.9565E-01 
 4.9556E-01 
 4.9528E-01 
 4.9481E-01 
 4.9416E-01 
 4.9333E-01 
 4.9232E-01 
 4.9113E-01 
 4.8977E-01 
 4.8845E-01 
 4.8765E-01 
 4.8761E-01 
 4.8808E-01 
 4.8875E-01 
 4.8911E-01 
 4.8855E-01 
 4.8653E-01 
 4.8256E-01 
 4.7629E-01 
 4.6750E-01 
 4.5609E-01 
 4.4235E-01 
 4.2693E-01 
 4.1044E-01 
 3.9355E-01 
 3.7666E-01 
 3.5979E-01 
 3.4278E-01 
 3.2561E-01 
 3.0839E-01 
 2.9128E-01 
 2.7443E-01 
 2.5796E-01 
 2.4193E-01 
 2.2639E-01 
 2.1137E-01 
 1.9689E-01 
 1.8297E-01 
 1.6962E-01 
 1.5686E-01 
 1.4471E-01 
 1.3319E-01 
 1.2232E-01 
 1.1211E-01 
 1.0256E-01 
 9.3627E-02 
 8.5313E-02 
 7.7656E-02 
 7.0682E-02 
 6.4227E-02 
 5.8032E-02 
 4.8989E-01 
 4.8981E-01 
 4.8954E-01 
 4.8911E-01 
 4.8850E-01 
 4.8773E-01 
 4.8679E-01 
 4.8575E-01 
 4.8480E-01 
 4.8419E-01 
 4.8422E-01 
 4.8497E-01 
 4.8604E-01 
 4.8693E-01 
 4.8681E-01 
 4.8481E-01 
 4.8013E-01 
 4.7216E-01 
 4.6069E-01 
 4.4577E-01 
 4.2773E-01 
 4.0757E-01 
 3.8682E-01 
 3.6681E-01 
 3.4885E-01 
 3.3309E-01 
 3.1886E-01 
 3.0539E-01 
 2.9219E-01 
 2.7915E-01 
 2.6620E-01 
 2.5333E-01 
 2.4053E-01 
 2.2785E-01 
 2.1535E-01 
 2.0307E-01 
 1.9105E-01 
 1.7931E-01 
 1.6788E-01 
 1.5679E-01 
 1.4607E-01 
 1.3575E-01 
 1.2584E-01 
 1.1638E-01 
 1.0736E-01 
 9.8797E-02 
 9.0688E-02 
 8.3111E-02 
 7.6120E-02 
 6.9576E-02 
 6.3256E-02 
 5.1124E-01 
 5.1127E-01 
 5.1138E-01 
 5.1157E-01 
 5.1182E-01 
 5.1215E-01 
 5.1255E-01 
 5.1301E-01 
 5.1352E-01 
 5.1407E-01 
 5.1469E-01 
 5.1525E-01 
 5.1532E-01 
 5.1437E-01 
 5.1171E-01 
 5.0663E-01 
 4.9851E-01 
 4.8676E-01 
 4.7102E-01 
 4.5180E-01 
 4.3024E-01 
 4.0775E-01 
 3.8591E-01 
 3.6608E-01 
 3.4939E-01 
 3.3535E-01 
 3.2265E-01 
 3.1002E-01 
 2.9675E-01 
 2.8292E-01 
 2.6874E-01 
 2.5436E-01 
 2.3997E-01 
 2.2574E-01 
 2.1185E-01 
 1.9840E-01 
 1.8544E-01 
 1.7299E-01 
 1.6104E-01 
 1.4961E-01 
 1.3870E-01 
 1.2833E-01 
 1.1849E-01 
 1.0919E-01 
 1.0041E-01 
 9.2141E-02 
 8.4372E-02 
 7.7162E-02 
 7.0551E-02 
 6.4395E-02 
 5.8466E-02 
 5.0599E-01 
 5.0609E-01 
 5.0641E-01 
 5.0692E-01 
 5.0765E-01 
 5.0857E-01 
 5.0966E-01 
 5.1072E-01 
 5.1173E-01 
 5.1274E-01 
 5.1393E-01 
 5.1544E-01 
 5.1704E-01 
 5.1824E-01 
 5.1823E-01 
 5.1611E-01 
 5.1111E-01 
 5.0236E-01 
 4.8917E-01 
 4.7203E-01 
 4.5225E-01 
 4.3131E-01 
 4.1078E-01 
 3.9200E-01 
 3.7605E-01 
 3.6222E-01 
 3.4899E-01 
 3.3499E-01 
 3.1958E-01 
 3.0312E-01 
 2.8602E-01 
 2.6862E-01 
 2.5126E-01 
 2.3426E-01 
 2.1791E-01 
 2.0234E-01 
 1.8752E-01 
 1.7339E-01 
 1.5987E-01 
 1.4691E-01 
 1.3450E-01 
 1.2260E-01 
 1.1120E-01 
 1.0030E-01 
 8.9876E-02 
 7.9881E-02 
 7.0325E-02 
 6.1312E-02 
 5.2924E-02 
 4.5015E-02 
 3.7346E-02 
 5.2833E-01 
 5.2829E-01 
 5.2817E-01 
 5.2797E-01 
 5.2768E-01 
 5.2732E-01 
 5.2686E-01 
 5.2622E-01 
 5.2539E-01 
 5.2445E-01 
 5.2358E-01 
 5.2288E-01 
 5.2199E-01 
 5.2037E-01 
 5.1741E-01 
 5.1246E-01 
 5.0497E-01 
 4.9453E-01 
 4.8115E-01 
 4.6531E-01 
 4.4782E-01 
 4.2964E-01 
 4.1175E-01 
 3.9506E-01 
 3.8012E-01 
 3.6623E-01 
 3.5215E-01 
 3.3692E-01 
 3.2017E-01 
 3.0234E-01 
 2.8390E-01 
 2.6522E-01 
 2.4669E-01 
 2.2864E-01 
 2.1137E-01 
 1.9503E-01 
 1.7956E-01 
 1.6489E-01 
 1.5094E-01 
 1.3765E-01 
 1.2498E-01 
 1.1288E-01 
 1.0132E-01 
 9.0290E-02 
 7.9747E-02 
 6.9640E-02 
 5.9969E-02 
 5.0844E-02 
 4.2352E-02 
 3.4346E-02 
 2.6583E-02 
 5.0242E-01 
 5.0236E-01 
 5.0218E-01 
 5.0188E-01 
 5.0146E-01 
 5.0092E-01 
 5.0026E-01 
 4.9947E-01 
 4.9879E-01 
 4.9862E-01 
 4.9909E-01 
 5.0000E-01 
 5.0089E-01 
 5.0115E-01 
 4.9993E-01 
 4.9642E-01 
 4.8989E-01 
 4.7982E-01 
 4.6618E-01 
 4.4940E-01 
 4.3029E-01 
 4.1014E-01 
 3.9035E-01 
 3.7212E-01 
 3.5617E-01 
 3.4177E-01 
 3.2786E-01 
 3.1363E-01 
 2.9872E-01 
 2.8329E-01 
 2.6742E-01 
 2.5128E-01 
 2.3512E-01 
 2.1927E-01 
 2.0399E-01 
 1.8936E-01 
 1.7530E-01 
 1.6173E-01 
 1.4859E-01 
 1.3586E-01 
 1.2354E-01 
 1.1166E-01 
 1.0021E-01 
 8.9227E-02 
 7.8687E-02 
 6.8569E-02 
 5.8901E-02 
 4.9800E-02 
 4.1348E-02 
 3.3384E-02 
 2.5665E-02 
 4.8475E-01 
 4.8471E-01 
 4.8458E-01 
 4.8437E-01 
 4.8407E-01 
 4.8369E-01 
 4.8324E-01 
 4.8272E-01 
 4.8238E-01 
 4.8261E-01 
 4.8358E-01 
 4.8517E-01 
 4.8688E-01 
 4.8803E-01 
 4.8772E-01 
 4.8504E-01 
 4.7922E-01 
 4.6973E-01 
 4.5660E-01 
 4.4038E-01 
 4.2197E-01 
 4.0265E-01 
 3.8373E-01 
 3.6636E-01 
 3.5123E-01 
 3.3749E-01 
 3.2401E-01 
 3.0990E-01 
 2.9486E-01 
 2.7916E-01 
 2.6299E-01 
 2.4658E-01 
 2.3023E-01 
 2.1427E-01 
 1.9897E-01 
 1.8442E-01 
 1.7053E-01 
 1.5723E-01 
 1.4443E-01 
 1.3211E-01 
 1.2023E-01 
 1.0879E-01 
 9.7794E-02 
 8.7243E-02 
 7.7123E-02 
 6.7407E-02 
 5.8123E-02 
 4.9385E-02 
 4.1269E-02 
 3.3622E-02 
 2.6209E-02 
 4.7231E-01 
 4.7214E-01 
 4.7165E-01 
 4.7084E-01 
 4.6971E-01 
 4.6826E-01 
 4.6650E-01 
 4.6453E-01 
 4.6269E-01 
 4.6147E-01 
 4.6148E-01 
 4.6313E-01 
 4.6627E-01 
 4.7032E-01 
 4.7420E-01 
 4.7685E-01 
 4.7732E-01 
 4.7499E-01 
 4.6967E-01 
 4.6163E-01 
 4.5127E-01 
 4.3896E-01 
 4.2507E-01 
 4.0991E-01 
 3.9366E-01 
 3.7627E-01 
 3.5767E-01 
 3.3789E-01 
 3.1725E-01 
 2.9627E-01 
 2.7535E-01 
 2.5488E-01 
 2.3524E-01 
 2.1675E-01 
 1.9964E-01 
 1.8391E-01 
 1.6935E-01 
 1.5577E-01 
 1.4303E-01 
 1.3103E-01 
 1.1967E-01 
 1.0893E-01 
 9.8740E-02 
 8.9088E-02 
 7.9924E-02 
 7.1188E-02 
 6.2892E-02 
 5.5138E-02 
 4.7984E-02 
 4.1275E-02 
 3.4787E-02 
 4.6701E-01 
 4.6693E-01 
 4.6667E-01 
 4.6624E-01 
 4.6564E-01 
 4.6487E-01 
 4.6395E-01 
 4.6293E-01 
 4.6206E-01 
 4.6173E-01 
 4.6251E-01 
 4.6479E-01 
 4.6837E-01 
 4.7265E-01 
 4.7657E-01 
 4.7909E-01 
 4.7931E-01 
 4.7660E-01 
 4.7078E-01 
 4.6211E-01 
 4.5099E-01 
 4.3788E-01 
 4.2318E-01 
 4.0727E-01 
 3.9037E-01 
 3.7247E-01 
 3.5355E-01 
 3.3370E-01 
 3.1324E-01 
 2.9262E-01 
 2.7219E-01 
 2.5228E-01 
 2.3318E-01 
 2.1511E-01 
 1.9821E-01 
 1.8248E-01 
 1.6775E-01 
 1.5390E-01 
 1.4083E-01 
 1.2845E-01 
 1.1672E-01 
 1.0559E-01 
 9.5059E-02 
 8.5100E-02 
 7.5675E-02 
 6.6726E-02 
 5.8258E-02 
 5.0357E-02 
 4.3070E-02 
 3.6234E-02 
 2.9623E-02 
 4.5839E-01 
 4.5822E-01 
 4.5771E-01 
 4.5686E-01 
 4.5566E-01 
 4.5412E-01 
 4.5220E-01 
 4.4976E-01 
 4.4713E-01 
 4.4493E-01 
 4.4409E-01 
 4.4527E-01 
 4.4823E-01 
 4.5201E-01 
 4.5535E-01 
 4.5704E-01 
 4.5621E-01 
 4.5266E-01 
 4.4651E-01 
 4.3803E-01 
 4.2765E-01 
 4.1580E-01 
 4.0292E-01 
 3.8932E-01 
 3.7492E-01 
 3.5941E-01 
 3.4257E-01 
 3.2447E-01 
 3.0551E-01 
 2.8615E-01 
 2.6676E-01 
 2.4771E-01 
 2.2930E-01 
 2.1182E-01 
 1.9541E-01 
 1.8003E-01 
 1.6561E-01 
 1.5205E-01 
 1.3925E-01 
 1.2711E-01 
 1.1556E-01 
 1.0460E-01 
 9.4235E-02 
 8.4446E-02 
 7.5194E-02 
 6.6416E-02 
 5.8126E-02 
 5.0411E-02 
 4.3309E-02 
 3.6648E-02 
 3.0208E-02 
 4.3270E-01 
 4.3261E-01 
 4.3234E-01 
 4.3189E-01 
 4.3126E-01 
 4.3045E-01 
 4.2943E-01 
 4.2810E-01 
 4.2681E-01 
 4.2617E-01 
 4.2711E-01 
 4.3028E-01 
 4.3533E-01 
 4.4113E-01 
 4.4630E-01 
 4.4954E-01 
 4.5000E-01 
 4.4753E-01 
 4.4228E-01 
 4.3439E-01 
 4.2416E-01 
 4.1202E-01 
 3.9838E-01 
 3.8360E-01 
 3.6787E-01 
 3.5129E-01 
 3.3395E-01 
 3.1605E-01 
 2.9782E-01 
 2.7951E-01 
 2.6131E-01 
 2.4343E-01 
 2.2605E-01 
 2.0935E-01 
 1.9341E-01 
 1.7826E-01 
 1.6389E-01 
 1.5027E-01 
 1.3736E-01 
 1.2508E-01 
 1.1338E-01 
 1.0223E-01 
 9.1617E-02 
 8.1530E-02 
 7.1926E-02 
 6.2754E-02 
 5.4048E-02 
 4.5926E-02 
 3.8447E-02 
 3.1434E-02 
 2.4656E-02 
 4.6376E-01 
 4.6365E-01 
 4.6330E-01 
 4.6273E-01 
 4.6194E-01 
 4.6092E-01 
 4.5965E-01 
 4.5810E-01 
 4.5637E-01 
 4.5457E-01 
 4.5278E-01 
 4.5105E-01 
 4.4929E-01 
 4.4722E-01 
 4.4446E-01 
 4.4067E-01 
 4.3560E-01 
 4.2921E-01 
 4.2149E-01 
 4.1249E-01 
 4.0230E-01 
 3.9103E-01 
 3.7879E-01 
 3.6567E-01 
 3.5176E-01 
 3.3714E-01 
 3.2191E-01 
 3.0621E-01 
 2.9021E-01 
 2.7406E-01 
 2.5791E-01 
 2.4187E-01 
 2.2607E-01 
 2.1061E-01 
 1.9554E-01 
 1.8093E-01 
 1.6681E-01 
 1.5318E-01 
 1.4007E-01 
 1.2745E-01 
 1.1532E-01 
 1.0366E-01 
 9.2478E-02 
 8.1787E-02 
 7.1556E-02 
 6.1747E-02 
 5.2417E-02 
 4.3721E-02 
 3.5742E-02 
 2.8285E-02 
 2.1090E-02 
 4.5270E-01 
 4.5267E-01 
 4.5256E-01 
 4.5238E-01 
 4.5212E-01 
 4.5180E-01 
 4.5134E-01 
 4.5058E-01 
 4.4947E-01 
 4.4811E-01 
 4.4680E-01 
 4.4581E-01 
 4.4518E-01 
 4.4456E-01 
 4.4334E-01 
 4.4100E-01 
 4.3715E-01 
 4.3163E-01 
 4.2441E-01 
 4.1554E-01 
 4.0520E-01 
 3.9358E-01 
 3.8089E-01 
 3.6728E-01 
 3.5283E-01 
 3.3754E-01 
 3.2139E-01 
 3.0454E-01 
 2.8726E-01 
 2.6982E-01 
 2.5247E-01 
 2.3541E-01 
 2.1883E-01 
 2.0286E-01 
 1.8758E-01 
 1.7300E-01 
 1.5909E-01 
 1.4582E-01 
 1.3315E-01 
 1.2106E-01 
 1.0951E-01 
 9.8483E-02 
 8.7961E-02 
 7.7947E-02 
 6.8402E-02 
 5.9275E-02 
 5.0611E-02 
 4.2541E-02 
 3.5137E-02 
 2.8216E-02 
 2.1538E-02 
 4.3669E-01 
 4.3666E-01 
 4.3656E-01 
 4.3641E-01 
 4.3619E-01 
 4.3591E-01 
 4.3553E-01 
 4.3502E-01 
 4.3441E-01 
 4.3379E-01 
 4.3327E-01 
 4.3293E-01 
 4.3268E-01 
 4.3219E-01 
 4.3105E-01 
 4.2892E-01 
 4.2550E-01 
 4.2062E-01 
 4.1415E-01 
 4.0611E-01 
 3.9668E-01 
 3.8604E-01 
 3.7437E-01 
 3.6179E-01 
 3.4833E-01 
 3.3401E-01 
 3.1888E-01 
 3.0311E-01 
 2.8691E-01 
 2.7048E-01 
 2.5400E-01 
 2.3762E-01 
 2.2148E-01 
 2.0569E-01 
 1.9031E-01 
 1.7541E-01 
 1.6103E-01 
 1.4719E-01 
 1.3390E-01 
 1.2116E-01 
 1.0896E-01 
 9.7307E-02 
 8.6212E-02 
 7.5683E-02 
 6.5676E-02 
 5.6134E-02 
 4.7105E-02 
 3.8719E-02 
 3.1028E-02 
 2.3833E-02 
 1.6886E-02 
 4.2079E-01 
 4.2076E-01 
 4.2066E-01 
 4.2051E-01 
 4.2028E-01 
 4.2000E-01 
 4.1962E-01 
 4.1918E-01 
 4.1884E-01 
 4.1875E-01 
 4.1909E-01 
 4.1995E-01 
 4.2115E-01 
 4.2223E-01 
 4.2267E-01 
 4.2201E-01 
 4.1984E-01 
 4.1588E-01 
 4.0987E-01 
 4.0174E-01 
 3.9180E-01 
 3.8047E-01 
 3.6818E-01 
 3.5519E-01 
 3.4152E-01 
 3.2710E-01 
 3.1196E-01 
 2.9620E-01 
 2.8006E-01 
 2.6373E-01 
 2.4739E-01 
 2.3120E-01 
 2.1529E-01 
 1.9978E-01 
 1.8474E-01 
 1.7021E-01 
 1.5623E-01 
 1.4281E-01 
 1.2995E-01 
 1.1766E-01 
 1.0590E-01 
 9.4690E-02 
 8.4022E-02 
 7.3906E-02 
 6.4294E-02 
 5.5129E-02 
 4.6459E-02 
 3.8406E-02 
 3.1020E-02 
 2.4111E-02 
 1.7440E-02 
 4.0209E-01 
 4.0210E-01 
 4.0215E-01 
 4.0223E-01 
 4.0234E-01 
 4.0249E-01 
 4.0266E-01 
 4.0296E-01 
 4.0353E-01 
 4.0452E-01 
 4.0605E-01 
 4.0819E-01 
 4.1071E-01 
 4.1325E-01 
 4.1540E-01 
 4.1679E-01 
 4.1707E-01 
 4.1589E-01 
 4.1293E-01 
 4.0800E-01 
 4.0114E-01 
 3.9252E-01 
 3.8232E-01 
 3.7066E-01 
 3.5761E-01 
 3.4328E-01 
 3.2783E-01 
 3.1149E-01 
 2.9455E-01 
 2.7728E-01 
 2.5990E-01 
 2.4263E-01 
 2.2563E-01 
 2.0905E-01 
 1.9298E-01 
 1.7748E-01 
 1.6258E-01 
 1.4830E-01 
 1.3466E-01 
 1.2164E-01 
 1.0922E-01 
 9.7380E-02 
 8.6130E-02 
 7.5469E-02 
 6.5344E-02 
 5.5690E-02 
 4.6554E-02 
 3.8066E-02 
 3.0280E-02 
 2.2995E-02 
 1.5960E-02 
 4.2313E-01 
 4.2315E-01 
 4.2320E-01 
 4.2330E-01 
 4.2342E-01 
 4.2359E-01 
 4.2378E-01 
 4.2401E-01 
 4.2440E-01 
 4.2506E-01 
 4.2606E-01 
 4.2740E-01 
 4.2887E-01 
 4.3007E-01 
 4.3059E-01 
 4.3006E-01 
 4.2813E-01 
 4.2453E-01 
 4.1901E-01 
 4.1144E-01 
 4.0189E-01 
 3.9054E-01 
 3.7757E-01 
 3.6310E-01 
 3.4728E-01 
 3.3026E-01 
 3.1223E-01 
 2.9353E-01 
 2.7455E-01 
 2.5569E-01 
 2.3725E-01 
 2.1952E-01 
 2.0275E-01 
 1.8711E-01 
 1.7262E-01 
 1.5911E-01 
 1.4639E-01 
 1.3433E-01 
 1.2286E-01 
 1.1193E-01 
 1.0150E-01 
 9.1555E-02 
 8.2088E-02 
 7.3088E-02 
 6.4514E-02 
 5.6321E-02 
 4.8555E-02 
 4.1334E-02 
 3.4710E-02 
 2.8515E-02 
 2.2533E-02 
 4.0974E-01 
 4.0978E-01 
 4.0990E-01 
 4.1010E-01 
 4.1037E-01 
 4.1072E-01 
 4.1111E-01 
 4.1155E-01 
 4.1213E-01 
 4.1295E-01 
 4.1412E-01 
 4.1570E-01 
 4.1750E-01 
 4.1919E-01 
 4.2040E-01 
 4.2082E-01 
 4.2016E-01 
 4.1818E-01 
 4.1466E-01 
 4.0946E-01 
 4.0254E-01 
 3.9386E-01 
 3.8340E-01 
 3.7114E-01 
 3.5707E-01 
 3.4139E-01 
 3.2436E-01 
 3.0636E-01 
 2.8781E-01 
 2.6910E-01 
 2.5052E-01 
 2.3238E-01 
 2.1494E-01 
 1.9835E-01 
 1.8267E-01 
 1.6783E-01 
 1.5375E-01 
 1.4039E-01 
 1.2769E-01 
 1.1563E-01 
 1.0417E-01 
 9.3306E-02 
 8.3030E-02 
 7.3338E-02 
 6.4166E-02 
 5.5440E-02 
 4.7195E-02 
 3.9543E-02 
 3.2524E-02 
 2.5955E-02 
 1.9612E-02 
 4.3109E-01 
 4.3107E-01 
 4.3102E-01 
 4.3094E-01 
 4.3083E-01 
 4.3069E-01 
 4.3049E-01 
 4.3017E-01 
 4.2974E-01 
 4.2918E-01 
 4.2850E-01 
 4.2766E-01 
 4.2649E-01 
 4.2476E-01 
 4.2223E-01 
 4.1871E-01 
 4.1404E-01 
 4.0815E-01 
 4.0096E-01 
 3.9249E-01 
 3.8281E-01 
 3.7199E-01 
 3.6011E-01 
 3.4724E-01 
 3.3342E-01 
 3.1873E-01 
 3.0326E-01 
 2.8720E-01 
 2.7079E-01 
 2.5425E-01 
 2.3776E-01 
 2.2149E-01 
 2.0561E-01 
 1.9025E-01 
 1.7551E-01 
 1.6140E-01 
 1.4797E-01 
 1.3523E-01 
 1.2319E-01 
 1.1186E-01 
 1.0127E-01 
 9.1395E-02 
 8.2256E-02 
 7.3848E-02 
 6.6119E-02 
 5.9005E-02 
 5.2511E-02 
 4.6691E-02 
 4.1535E-02 
 3.6848E-02 
 3.2394E-02 
 4.3211E-01 
 4.3206E-01 
 4.3192E-01 
 4.3168E-01 
 4.3134E-01 
 4.3091E-01 
 4.3037E-01 
 4.2971E-01 
 4.2891E-01 
 4.2792E-01 
 4.2669E-01 
 4.2516E-01 
 4.2317E-01 
 4.2055E-01 
 4.1711E-01 
 4.1270E-01 
 4.0724E-01 
 4.0064E-01 
 3.9287E-01 
 3.8395E-01 
 3.7393E-01 
 3.6288E-01 
 3.5088E-01 
 3.3799E-01 
 3.2425E-01 
 3.0974E-01 
 2.9459E-01 
 2.7898E-01 
 2.6312E-01 
 2.4722E-01 
 2.3144E-01 
 2.1594E-01 
 2.0089E-01 
 1.8640E-01 
 1.7255E-01 
 1.5933E-01 
 1.4676E-01 
 1.3484E-01 
 1.2355E-01 
 1.1291E-01 
 1.0289E-01 
 9.3496E-02 
 8.4721E-02 
 7.6558E-02 
 6.8960E-02 
 6.1872E-02 
 5.5313E-02 
 4.9356E-02 
 4.4010E-02 
 3.9093E-02 
 3.4391E-02 
 4.5027E-01 
 4.5009E-01 
 4.4955E-01 
 4.4866E-01 
 4.4741E-01 
 4.4581E-01 
 4.4378E-01 
 4.4111E-01 
 4.3800E-01 
 4.3463E-01 
 4.3106E-01 
 4.2732E-01 
 4.2319E-01 
 4.1837E-01 
 4.1258E-01 
 4.0558E-01 
 3.9737E-01 
 3.8811E-01 
 3.7799E-01 
 3.6733E-01 
 3.5657E-01 
 3.4611E-01 
 3.3635E-01 
 3.2708E-01 
 3.1752E-01 
 3.0706E-01 
 2.9535E-01 
 2.8250E-01 
 2.6877E-01 
 2.5442E-01 
 2.3966E-01 
 2.2470E-01 
 2.0975E-01 
 1.9497E-01 
 1.8050E-01 
 1.6647E-01 
 1.5296E-01 
 1.4006E-01 
 1.2780E-01 
 1.1622E-01 
 1.0535E-01 
 9.5193E-02 
 8.5765E-02 
 7.7071E-02 
 6.9062E-02 
 6.1676E-02 
 5.4925E-02 
 4.8866E-02 
 4.3493E-02 
 3.8600E-02 
 3.3948E-02 
 4.2048E-01 
 4.2039E-01 
 4.2014E-01 
 4.1971E-01 
 4.1912E-01 
 4.1836E-01 
 4.1752E-01 
 4.1684E-01 
 4.1656E-01 
 4.1687E-01 
 4.1787E-01 
 4.1959E-01 
 4.2151E-01 
 4.2279E-01 
 4.2265E-01 
 4.2041E-01 
 4.1574E-01 
 4.0851E-01 
 3.9863E-01 
 3.8692E-01 
 3.7479E-01 
 3.6359E-01 
 3.5448E-01 
 3.4692E-01 
 3.3904E-01 
 3.2923E-01 
 3.1664E-01 
 3.0180E-01 
 2.8552E-01 
 2.6856E-01 
 2.5144E-01 
 2.3445E-01 
 2.1774E-01 
 2.0144E-01 
 1.8565E-01 
 1.7045E-01 
 1.5591E-01 
 1.4204E-01 
 1.2884E-01 
 1.1629E-01 
 1.0437E-01 
 9.3053E-02 
 8.2346E-02 
 7.2236E-02 
 6.2651E-02 
 5.3514E-02 
 4.4873E-02 
 3.6854E-02 
 2.9498E-02 
 2.2613E-02 
 1.5962E-02 


!chie from confinement nodes
POINTS 51 GRIDTYPE 14 NAMEXP CAR5 NTIMES 28 
 3.0030E-01 
  3.2530E-01 
  3.5030E-01 
  3.7530E-01 
  4.0030E-01 
  4.2530E-01 
  4.5030E-01 
  4.7530E-01 
  5.0030E-01 
  5.2530E-01 
  5.5030E-01 
  5.7530E-01 
  6.0030E-01 
  6.2530E-01 
  6.5030E-01 
  6.7530E-01 
  7.0030E-01 
  7.2530E-01 
  7.5030E-01 
  7.7530E-01 
  8.0030E-01 
  8.2530E-01 
  8.5030E-01 
  8.7530E-01 
  9.0030E-01 
  9.2530E-01 
  9.5030E-01 
  9.7530E-01 
  0.0000E+00 
  2.0000E-02 
  4.0000E-02 
  6.0000E-02 
  8.0000E-02 
  1.0000E-01 
  1.2000E-01 
  1.4000E-01 
  1.6000E-01 
  1.8000E-01 
  2.0000E-01 
  2.2000E-01 
  2.4000E-01 
  2.6000E-01 
  2.8000E-01 
  3.0000E-01 
  3.2000E-01 
  3.4000E-01 
  3.6000E-01 
  3.8000E-01 
  4.0000E-01 
  4.2000E-01 
  4.4000E-01 
  4.6000E-01 
  4.8000E-01 
  5.0000E-01 
  5.2000E-01 
  5.4000E-01 
  5.6000E-01 
  5.8000E-01 
  6.0000E-01 
  6.2000E-01 
  6.4000E-01 
  6.6000E-01 
  6.8000E-01 
  7.0000E-01 
  7.2000E-01 
  7.4000E-01 
  7.6000E-01 
  7.8000E-01 
  8.0000E-01 
  8.2000E-01 
  8.4000E-01 
  8.6000E-01 
  8.8000E-01 
  9.0000E-01 
  9.2000E-01 
  9.4000E-01 
  9.6000E-01 
  9.8000E-01 
  1.0000E+00 
  6.8126E-01 
 2.6285E+00 
 2.9713E+00 
 2.8594E+00 
 2.8424E+00 
 2.8343E+00 
 2.8053E+00 
 2.9404E+00 
 4.5249E+00 
 1.0312E+01 
 1.7543E+01 
 2.3834E+01 
 2.7879E+01 
 2.8463E+01 
 2.4468E+01 
 1.4902E+01 
 3.7405E+00 
 8.2138E-01 
 7.6456E-01 
 7.6496E-01 
 6.8260E-01 
 6.2640E-01 
 6.0212E-01 
 5.9570E-01 
 5.9446E-01 
 5.8675E-01 
 5.6749E-01 
 5.4153E-01 
 5.1969E-01 
 5.0978E-01 
 5.1358E-01 
 5.2927E-01 
 5.5516E-01 
 5.9104E-01 
 6.3683E-01 
 6.9155E-01 
 7.5216E-01 
 8.1613E-01 
 8.8253E-01 
 9.5243E-01 
 1.0276E+00 
 1.1094E+00 
 1.1984E+00 
 1.2953E+00 
 1.4015E+00 
 1.5210E+00 
 1.6603E+00 
 1.8347E+00 
 2.0589E+00 
 2.3253E+00 
 2.6129E+00 
 5.9086E-01 
 2.2881E+00 
 2.5842E+00 
 2.4961E+00 
 2.4902E+00 
 2.4874E+00 
 2.5015E+00 
 2.7887E+00 
 3.6393E+00 
 4.9551E+00 
 6.3661E+00 
 7.6320E+00 
 8.1862E+00 
 6.6653E+00 
 3.8281E+00 
 1.9965E+00 
 1.2057E+00 
 8.4346E-01 
 6.4821E-01 
 5.4298E-01 
 4.9069E-01 
 4.7483E-01 
 4.9253E-01 
 5.5118E-01 
 6.4612E-01 
 7.3574E-01 
 7.7033E-01 
 7.4114E-01 
 6.8898E-01 
 6.4811E-01 
 6.2793E-01 
 6.2460E-01 
 6.3446E-01 
 6.5686E-01 
 6.9097E-01 
 7.3461E-01 
 7.8395E-01 
 8.3643E-01 
 8.9148E-01 
 9.5083E-01 
 1.0166E+00 
 1.0898E+00 
 1.1706E+00 
 1.2581E+00 
 1.3524E+00 
 1.4549E+00 
 1.5701E+00 
 1.7114E+00 
 1.8917E+00 
 2.1049E+00 
 2.3345E+00 
 4.9934E-01 
 1.9314E+00 
 2.1750E+00 
 2.0916E+00 
 2.0771E+00 
 2.0741E+00 
 2.0740E+00 
 2.1253E+00 
 2.2105E+00 
 2.2016E+00 
 2.0543E+00 
 1.8363E+00 
 1.6089E+00 
 1.3914E+00 
 1.1880E+00 
 1.0098E+00 
 8.6333E-01 
 7.4822E-01 
 6.6417E-01 
 6.0819E-01 
 5.7450E-01 
 5.5985E-01 
 5.6253E-01 
 5.8153E-01 
 6.1235E-01 
 6.4492E-01 
 6.7021E-01 
 6.8647E-01 
 6.9816E-01 
 7.1004E-01 
 7.2447E-01 
 7.4239E-01 
 7.6465E-01 
 7.9211E-01 
 8.2478E-01 
 8.6180E-01 
 9.0175E-01 
 9.4376E-01 
 9.8767E-01 
 1.0341E+00 
 1.0839E+00 
 1.1372E+00 
 1.1940E+00 
 1.2541E+00 
 1.3165E+00 
 1.3796E+00 
 1.4445E+00 
 1.5220E+00 
 1.6230E+00 
 1.7448E+00 
 1.8770E+00 
 4.4169E-01 
 1.7123E+00 
 1.9253E+00 
 1.8539E+00 
 1.8436E+00 
 1.8384E+00 
 1.8443E+00 
 1.9852E+00 
 2.3406E+00 
 2.8795E+00 
 3.6505E+00 
 4.8500E+00 
 6.6160E+00 
 7.7415E+00 
 6.4830E+00 
 4.1644E+00 
 2.5754E+00 
 1.7537E+00 
 1.3327E+00 
 1.1026E+00 
 9.6465E-01 
 8.7307E-01 
 8.0890E-01 
 7.6456E-01 
 7.3240E-01 
 7.0293E-01 
 6.7053E-01 
 6.3695E-01 
 6.0845E-01 
 5.8946E-01 
 5.8070E-01 
 5.8138E-01 
 5.9102E-01 
 6.0956E-01 
 6.3644E-01 
 6.7038E-01 
 7.0947E-01 
 7.5249E-01 
 7.9919E-01 
 8.5065E-01 
 9.0801E-01 
 9.7138E-01 
 1.0401E+00 
 1.1123E+00 
 1.1865E+00 
 1.2619E+00 
 1.3406E+00 
 1.4339E+00 
 1.5525E+00 
 1.6933E+00 
 1.8451E+00 
 4.2850E-01 
 1.6604E+00 
 1.8650E+00 
 1.7928E+00 
 1.7790E+00 
 1.7715E+00 
 1.7861E+00 
 1.8961E+00 
 1.8666E+00 
 2.0940E+00 
 1.1107E+01 
 3.6108E+01 
 4.9237E+01 
 4.8964E+01 
 3.9931E+01 
 2.6491E+01 
 1.2683E+01 
 3.5017E+00 
 1.4444E+00 
 1.2302E+00 
 1.0646E+00 
 9.0740E-01 
 8.1431E-01 
 7.6817E-01 
 7.4192E-01 
 7.1596E-01 
 6.8238E-01 
 6.4501E-01 
 6.1304E-01 
 5.9222E-01 
 5.8323E-01 
 5.8474E-01 
 5.9581E-01 
 6.1615E-01 
 6.4497E-01 
 6.8069E-01 
 7.2102E-01 
 7.6447E-01 
 8.1068E-01 
 8.6075E-01 
 9.1582E-01 
 9.7587E-01 
 1.0401E+00 
 1.1066E+00 
 1.1738E+00 
 1.2401E+00 
 1.3075E+00 
 1.3865E+00 
 1.4874E+00 
 1.6077E+00 
 1.7377E+00 
 1.0000E-01 
 3.6685E-01 
 1.3994E+00 
 2.9390E+00 
 4.8722E+00 
 7.0571E+00 
 9.3592E+00 
 1.1642E+01 
 1.3774E+01 
 1.5626E+01 
 1.7077E+01 
 1.8014E+01 
 1.8331E+01 
 1.7932E+01 
 1.6733E+01 
 1.4657E+01 
 1.1640E+01 
 7.6407E+00 
 3.8343E+00 
 2.2151E+00 
 1.6161E+00 
 1.2821E+00 
 1.0454E+00 
 8.7741E-01 
 7.6432E-01 
 6.9162E-01 
 6.4545E-01 
 6.1589E-01 
 5.9821E-01 
 5.9005E-01 
 5.8996E-01 
 5.9693E-01 
 6.1027E-01 
 6.2964E-01 
 6.5458E-01 
 6.8440E-01 
 7.1813E-01 
 7.5516E-01 
 7.9530E-01 
 8.3873E-01 
 8.8559E-01 
 9.3566E-01 
 9.8861E-01 
 1.0440E+00 
 1.1013E+00 
 1.1596E+00 
 1.2207E+00 
 1.2939E+00 
 1.3882E+00 
 1.5007E+00 
 1.6223E+00 
 8.7437E-01 
 3.3857E+00 
 3.8002E+00 
 3.6469E+00 
 3.6146E+00 
 3.6104E+00 
 3.5951E+00 
 3.4627E+00 
 3.4399E+00 
 5.9093E+00 
 1.3116E+01 
 1.7825E+01 
 1.8876E+01 
 1.7058E+01 
 1.3123E+01 
 7.7936E+00 
 3.1852E+00 
 1.6104E+00 
 1.1681E+00 
 9.2659E-01 
 7.6081E-01 
 6.6541E-01 
 6.1854E-01 
 6.0214E-01 
 6.0446E-01 
 6.1286E-01 
 6.1826E-01 
 6.1994E-01 
 6.2275E-01 
 6.3062E-01 
 6.4491E-01 
 6.6544E-01 
 6.9143E-01 
 7.2209E-01 
 7.5716E-01 
 7.9679E-01 
 8.4125E-01 
 8.9102E-01 
 9.4685E-01 
 1.0100E+00 
 1.0817E+00 
 1.1630E+00 
 1.2546E+00 
 1.3573E+00 
 1.4711E+00 
 1.5953E+00 
 1.7321E+00 
 1.8907E+00 
 2.0801E+00 
 2.2949E+00 
 2.5225E+00 
 9.0804E-01 
 3.5304E+00 
 3.9538E+00 
 3.8045E+00 
 3.7824E+00 
 3.7641E+00 
 3.7404E+00 
 4.0555E+00 
 6.7657E+00 
 1.4985E+01 
 2.3407E+01 
 2.9095E+01 
 3.0424E+01 
 2.5891E+01 
 1.4284E+01 
 2.9909E+00 
 8.0197E-01 
 7.8166E-01 
 6.8523E-01 
 5.5172E-01 
 4.7563E-01 
 4.4935E-01 
 4.5838E-01 
 5.0138E-01 
 5.7291E-01 
 6.4980E-01 
 7.0837E-01 
 7.4185E-01 
 7.5931E-01 
 7.7141E-01 
 7.8229E-01 
 7.9396E-01 
 8.0853E-01 
 8.2774E-01 
 8.5233E-01 
 8.8243E-01 
 9.1822E-01 
 9.6010E-01 
 1.0087E+00 
 1.0650E+00 
 1.1297E+00 
 1.2033E+00 
 1.2863E+00 
 1.3792E+00 
 1.4829E+00 
 1.5986E+00 
 1.7312E+00 
 1.8932E+00 
 2.0951E+00 
 2.3293E+00 
 2.5797E+00 
 1.1487E-01 
 5.0628E+00 
 1.8154E+01 
 3.6744E+01 
 5.8213E+01 
 7.9976E+01 
 9.9503E+01 
 1.1435E+02 
 1.2218E+02 
 1.2080E+02 
 1.0814E+02 
 8.2317E+01 
 4.1800E+01 
 6.0056E+00 
 3.9857E-01 
 1.0276E+00 
 9.4960E-01 
 6.6743E-01 
 5.1607E-01 
 4.5209E-01 
 4.2780E-01 
 4.3169E-01 
 4.6859E-01 
 5.4940E-01 
 6.6533E-01 
 7.7034E-01 
 8.2033E-01 
 8.1361E-01 
 7.8502E-01 
 7.6329E-01 
 7.5416E-01 
 7.5610E-01 
 7.6844E-01 
 7.9175E-01 
 8.2571E-01 
 8.6922E-01 
 9.2097E-01 
 9.8074E-01 
 1.0491E+00 
 1.1273E+00 
 1.2162E+00 
 1.3165E+00 
 1.4287E+00 
 1.5537E+00 
 1.6933E+00 
 1.8504E+00 
 2.0318E+00 
 2.2521E+00 
 2.5241E+00 
 2.8374E+00 
 3.1714E+00 
 1.0000E-01 
 1.7697E+00 
 6.4662E+00 
 1.3297E+01 
 2.1477E+01 
 3.0211E+01 
 3.8724E+01 
 4.6264E+01 
 5.2110E+01 
 5.5579E+01 
 5.6029E+01 
 5.2868E+01 
 4.5557E+01 
 3.3605E+01 
 1.6719E+01 
 2.9565E+00 
 6.4611E-01 
 7.3046E-01 
 6.4446E-01 
 5.2540E-01 
 4.7676E-01 
 4.7739E-01 
 5.1780E-01 
 6.0513E-01 
 7.1978E-01 
 8.0105E-01 
 8.0931E-01 
 7.6303E-01 
 7.1160E-01 
 6.8044E-01 
 6.6932E-01 
 6.7326E-01 
 6.9069E-01 
 7.2186E-01 
 7.6482E-01 
 8.1600E-01 
 8.7135E-01 
 9.2937E-01 
 9.9043E-01 
 1.0557E+00 
 1.1262E+00 
 1.2019E+00 
 1.2829E+00 
 1.3685E+00 
 1.4586E+00 
 1.5536E+00 
 1.6589E+00 
 1.7890E+00 
 1.9566E+00 
 2.1547E+00 
 2.3681E+00 
 1.9433E+00 
 7.5339E+00 
 8.4022E+00 
 8.0337E+00 
 7.9744E+00 
 7.8935E+00 
 7.0619E+00 
 5.9074E+00 
 5.4234E+00 
 6.0302E+00 
 7.9067E+00 
 8.5912E+00 
 6.1627E+00 
 3.4685E+00 
 1.9806E+00 
 1.2914E+00 
 9.3129E-01 
 7.2218E-01 
 6.0421E-01 
 5.4366E-01 
 5.2041E-01 
 5.2741E-01 
 5.6644E-01 
 6.3746E-01 
 7.1246E-01 
 7.4637E-01 
 7.2508E-01 
 6.7436E-01 
 6.2959E-01 
 6.0482E-01 
 5.9766E-01 
 6.0400E-01 
 6.2291E-01 
 6.5478E-01 
 6.9787E-01 
 7.4897E-01 
 8.0445E-01 
 8.6283E-01 
 9.2411E-01 
 9.8874E-01 
 1.0570E+00 
 1.1284E+00 
 1.2024E+00 
 1.2782E+00 
 1.3550E+00 
 1.4323E+00 
 1.5145E+00 
 1.6156E+00 
 1.7478E+00 
 1.9057E+00 
 2.0765E+00 
 1.2936E+00 
 5.0506E+00 
 5.6184E+00 
 5.4069E+00 
 5.3914E+00 
 5.3542E+00 
 5.0956E+00 
 6.0193E+00 
 1.0014E+01 
 1.2862E+01 
 1.3645E+01 
 1.2779E+01 
 1.0661E+01 
 7.6678E+00 
 4.1920E+00 
 1.7214E+00 
 9.6416E-01 
 7.2471E-01 
 5.8939E-01 
 5.0762E-01 
 4.6986E-01 
 4.6835E-01 
 5.0192E-01 
 5.6958E-01 
 6.4927E-01 
 7.0279E-01 
 7.1430E-01 
 6.9720E-01 
 6.7383E-01 
 6.5654E-01 
 6.4706E-01 
 6.4749E-01 
 6.6042E-01 
 6.8650E-01 
 7.2190E-01 
 7.6162E-01 
 8.0143E-01 
 8.4096E-01 
 8.8158E-01 
 9.2534E-01 
 9.7353E-01 
 1.0264E+00 
 1.0839E+00 
 1.1455E+00 
 1.2104E+00 
 1.2781E+00 
 1.3529E+00 
 1.4468E+00 
 1.5693E+00 
 1.7147E+00 
 1.8714E+00 
 1.9485E+00 
 7.6092E+00 
 8.4678E+00 
 8.1610E+00 
 8.1721E+00 
 7.9107E+00 
 6.7306E+00 
 1.3328E+01 
 4.3510E+01 
 6.3983E+01 
 6.8332E+01 
 6.1067E+01 
 4.6487E+01 
 2.8627E+01 
 1.1383E+01 
 1.8643E+00 
 7.1713E-01 
 7.6909E-01 
 6.5917E-01 
 5.5389E-01 
 5.1046E-01 
 5.1139E-01 
 5.5066E-01 
 6.2707E-01 
 7.1331E-01 
 7.6241E-01 
 7.5871E-01 
 7.2392E-01 
 6.8777E-01 
 6.6362E-01 
 6.5102E-01 
 6.5010E-01 
 6.6251E-01 
 6.8900E-01 
 7.2636E-01 
 7.6999E-01 
 8.1557E-01 
 8.6212E-01 
 9.1034E-01 
 9.6179E-01 
 1.0176E+00 
 1.0784E+00 
 1.1444E+00 
 1.2154E+00 
 1.2918E+00 
 1.3744E+00 
 1.4691E+00 
 1.5899E+00 
 1.7478E+00 
 1.9348E+00 
 2.1365E+00 
 5.3914E-01 
 2.1075E+00 
 2.3461E+00 
 2.2608E+00 
 2.2533E+00 
 2.2552E+00 
 2.2499E+00 
 2.4566E+00 
 3.9170E+00 
 7.3531E+00 
 9.8524E+00 
 1.1035E+01 
 1.1136E+01 
 1.0385E+01 
 8.9948E+00 
 7.1672E+00 
 5.0883E+00 
 2.9569E+00 
 1.5303E+00 
 1.0786E+00 
 9.2313E-01 
 8.2510E-01 
 7.5635E-01 
 7.0927E-01 
 6.7133E-01 
 6.3532E-01 
 6.0241E-01 
 5.7810E-01 
 5.6645E-01 
 5.6766E-01 
 5.8038E-01 
 6.0538E-01 
 6.4463E-01 
 6.9921E-01 
 7.6583E-01 
 8.3930E-01 
 9.1431E-01 
 9.8906E-01 
 1.0634E+00 
 1.1384E+00 
 1.2145E+00 
 1.2918E+00 
 1.3695E+00 
 1.4464E+00 
 1.5200E+00 
 1.5874E+00 
 1.6541E+00 
 1.7361E+00 
 1.8463E+00 
 1.9789E+00 
 2.1227E+00 
 1.0204E+00 
 3.9903E+00 
 4.4464E+00 
 4.2921E+00 
 4.2822E+00 
 4.2750E+00 
 4.3190E+00 
 5.3081E+00 
 8.0836E+00 
 1.0255E+01 
 1.1310E+01 
 1.1441E+01 
 1.0835E+01 
 9.6697E+00 
 8.1131E+00 
 6.3219E+00 
 4.4399E+00 
 2.6195E+00 
 1.4218E+00 
 1.0214E+00 
 8.7622E-01 
 7.8943E-01 
 7.3232E-01 
 6.9515E-01 
 6.6610E-01 
 6.3883E-01 
 6.1459E-01 
 5.9823E-01 
 5.9329E-01 
 6.0002E-01 
 6.1720E-01 
 6.4506E-01 
 6.8458E-01 
 7.3604E-01 
 7.9654E-01 
 8.6217E-01 
 9.2932E-01 
 9.9711E-01 
 1.0659E+00 
 1.1371E+00 
 1.2118E+00 
 1.2908E+00 
 1.3739E+00 
 1.4599E+00 
 1.5462E+00 
 1.6291E+00 
 1.7140E+00 
 1.8181E+00 
 1.9550E+00 
 2.1176E+00 
 2.2932E+00 
 5.1354E-01 
 2.0141E+00 
 2.2226E+00 
 2.1335E+00 
 2.1246E+00 
 2.1079E+00 
 1.9825E+00 
 1.7736E+00 
 1.8253E+00 
 6.1021E+00 
 1.6800E+01 
 2.5455E+01 
 3.0648E+01 
 3.1896E+01 
 2.8786E+01 
 2.0947E+01 
 8.8287E+00 
 1.7309E+00 
 9.8448E-01 
 1.0491E+00 
 9.5938E-01 
 8.6658E-01 
 8.1920E-01 
 7.8827E-01 
 7.5003E-01 
 7.0255E-01 
 6.5759E-01 
 6.2610E-01 
 6.1153E-01 
 6.1188E-01 
 6.2468E-01 
 6.5014E-01 
 6.8882E-01 
 7.4005E-01 
 8.0067E-01 
 8.6694E-01 
 9.3524E-01 
 1.0030E+00 
 1.0694E+00 
 1.1355E+00 
 1.2030E+00 
 1.2736E+00 
 1.3469E+00 
 1.4214E+00 
 1.4929E+00 
 1.5569E+00 
 1.6192E+00 
 1.6961E+00 
 1.7998E+00 
 1.9244E+00 
 2.0593E+00 
 9.8459E-01 
 3.8655E+00 
 4.2757E+00 
 4.1182E+00 
 4.1285E+00 
 4.0773E+00 
 3.5556E+00 
 3.1802E+00 
 7.7302E+00 
 2.0320E+01 
 2.7987E+01 
 3.0083E+01 
 2.8093E+01 
 2.3428E+01 
 1.7403E+01 
 1.1234E+01 
 6.0334E+00 
 2.7454E+00 
 1.4136E+00 
 1.0539E+00 
 9.0342E-01 
 8.0604E-01 
 7.4494E-01 
 7.0650E-01 
 6.7839E-01 
 6.5574E-01 
 6.3906E-01 
 6.2996E-01 
 6.2887E-01 
 6.3528E-01 
 6.4898E-01 
 6.7076E-01 
 7.0124E-01 
 7.4026E-01 
 7.8663E-01 
 8.3902E-01 
 8.9598E-01 
 9.5576E-01 
 1.0172E+00 
 1.0801E+00 
 1.1445E+00 
 1.2112E+00 
 1.2797E+00 
 1.3495E+00 
 1.4185E+00 
 1.4843E+00 
 1.5535E+00 
 1.6421E+00 
 1.7613E+00 
 1.9039E+00 
 2.0582E+00 
 7.7886E-01 
 3.0538E+00 
 3.3834E+00 
 3.2584E+00 
 3.2534E+00 
 3.2246E+00 
 3.1072E+00 
 3.0758E+00 
 3.2335E+00 
 3.5427E+00 
 3.9916E+00 
 4.3955E+00 
 4.3129E+00 
 3.6322E+00 
 2.7825E+00 
 2.1101E+00 
 1.6696E+00 
 1.3893E+00 
 1.1990E+00 
 1.0643E+00 
 9.6769E-01 
 8.9662E-01 
 8.4319E-01 
 8.0237E-01 
 7.7102E-01 
 7.4711E-01 
 7.2983E-01 
 7.1930E-01 
 7.1551E-01 
 7.1803E-01 
 7.2657E-01 
 7.4115E-01 
 7.6167E-01 
 7.8776E-01 
 8.1883E-01 
 8.5430E-01 
 8.9356E-01 
 9.3579E-01 
 9.8039E-01 
 1.0272E+00 
 1.0761E+00 
 1.1271E+00 
 1.1800E+00 
 1.2344E+00 
 1.2881E+00 
 1.3385E+00 
 1.3914E+00 
 1.4608E+00 
 1.5568E+00 
 1.6729E+00 
 1.7993E+00 
 2.4197E+00 
 9.4632E+00 
 1.0430E+01 
 9.9856E+00 
 1.0021E+01 
 9.5272E+00 
 7.4408E+00 
 5.3610E+00 
 4.3728E+00 
 4.4106E+00 
 5.9525E+00 
 1.0042E+01 
 1.3379E+01 
 1.0539E+01 
 5.5102E+00 
 2.9396E+00 
 1.9698E+00 
 1.5163E+00 
 1.2367E+00 
 1.0574E+00 
 9.4358E-01 
 8.6849E-01 
 8.1675E-01 
 7.7843E-01 
 7.4581E-01 
 7.1556E-01 
 6.9022E-01 
 6.7388E-01 
 6.6824E-01 
 6.7249E-01 
 6.8548E-01 
 7.0708E-01 
 7.3709E-01 
 7.7458E-01 
 8.1761E-01 
 8.6455E-01 
 9.1433E-01 
 9.6643E-01 
 1.0207E+00 
 1.0772E+00 
 1.1361E+00 
 1.1977E+00 
 1.2615E+00 
 1.3269E+00 
 1.3914E+00 
 1.4523E+00 
 1.5161E+00 
 1.5991E+00 
 1.7128E+00 
 1.8499E+00 
 1.9988E+00 
 3.0554E+00 
 1.1999E+01 
 1.3085E+01 
 1.2460E+01 
 1.2366E+01 
 1.1845E+01 
 1.0365E+01 
 9.2838E+00 
 9.3025E+00 
 1.1174E+01 
 1.8025E+01 
 2.8769E+01 
 2.6395E+01 
 1.3257E+01 
 5.7556E+00 
 3.3301E+00 
 2.3725E+00 
 1.8009E+00 
 1.4353E+00 
 1.2108E+00 
 1.0707E+00 
 9.7753E-01 
 9.1106E-01 
 8.5877E-01 
 8.1409E-01 
 7.7603E-01 
 7.4645E-01 
 7.2713E-01 
 7.1790E-01 
 7.1742E-01 
 7.2438E-01 
 7.3808E-01 
 7.5798E-01 
 7.8346E-01 
 8.1387E-01 
 8.4859E-01 
 8.8701E-01 
 9.2842E-01 
 9.7256E-01 
 1.0196E+00 
 1.0697E+00 
 1.1231E+00 
 1.1791E+00 
 1.2364E+00 
 1.2911E+00 
 1.3392E+00 
 1.3871E+00 
 1.4494E+00 
 1.5355E+00 
 1.6395E+00 
 1.7526E+00 
 3.0647E+00 
 1.2029E+01 
 1.3101E+01 
 1.2448E+01 
 1.2296E+01 
 1.1623E+01 
 1.0679E+01 
 1.3235E+01 
 2.1494E+01 
 3.0002E+01 
 3.6773E+01 
 4.0712E+01 
 4.0812E+01 
 3.6164E+01 
 2.5943E+01 
 1.0819E+01 
 2.8180E+00 
 1.6486E+00 
 1.4182E+00 
 1.1657E+00 
 9.9704E-01 
 9.1325E-01 
 8.6978E-01 
 8.3813E-01 
 8.0631E-01 
 7.7474E-01 
 7.4847E-01 
 7.3148E-01 
 7.2447E-01 
 7.2622E-01 
 7.3533E-01 
 7.5122E-01 
 7.7343E-01 
 8.0140E-01 
 8.3437E-01 
 8.7182E-01 
 9.1327E-01 
 9.5822E-01 
 1.0064E+00 
 1.0579E+00 
 1.1127E+00 
 1.1707E+00 
 1.2310E+00 
 1.2920E+00 
 1.3498E+00 
 1.4000E+00 
 1.4499E+00 
 1.5149E+00 
 1.6053E+00 
 1.7148E+00 
 1.8340E+00 
 1.0000E-01 
 6.7696E-01 
 2.5430E+00 
 5.3111E+00 
 8.7368E+00 
 1.2550E+01 
 1.6494E+01 
 2.0317E+01 
 2.3778E+01 
 2.6647E+01 
 2.8709E+01 
 2.9767E+01 
 2.9638E+01 
 2.8162E+01 
 2.5198E+01 
 2.0626E+01 
 1.4343E+01 
 6.8142E+00 
 2.6425E+00 
 1.6819E+00 
 1.4039E+00 
 1.1979E+00 
 1.0413E+00 
 9.3088E-01 
 8.5078E-01 
 7.9197E-01 
 7.5054E-01 
 7.2472E-01 
 7.1236E-01 
 7.1104E-01 
 7.1894E-01 
 7.3522E-01 
 7.5919E-01 
 7.9009E-01 
 8.2693E-01 
 8.6886E-01 
 9.1509E-01 
 9.6469E-01 
 1.0171E+00 
 1.0718E+00 
 1.1288E+00 
 1.1876E+00 
 1.2471E+00 
 1.3057E+00 
 1.3589E+00 
 1.4017E+00 
 1.4409E+00 
 1.4918E+00 
 1.5651E+00 
 1.6554E+00 
 1.7543E+00 
 1.0000E-01 
 2.2921E+00 
 8.4167E+00 
 1.7392E+01 
 2.8225E+01 
 3.9915E+01 
 5.1493E+01 
 6.2022E+01 
 7.0604E+01 
 7.6388E+01 
 7.8586E+01 
 7.6474E+01 
 6.9394E+01 
 5.6773E+01 
 3.8092E+01 
 1.4712E+01 
 3.1212E+00 
 1.7871E+00 
 1.6192E+00 
 1.3028E+00 
 1.0605E+00 
 9.1800E-01 
 8.2581E-01 
 7.5887E-01 
 7.0913E-01 
 6.7335E-01 
 6.5064E-01 
 6.4153E-01 
 6.4546E-01 
 6.6141E-01 
 6.8950E-01 
 7.3176E-01 
 7.8881E-01 
 8.5788E-01 
 9.3221E-01 
 1.0059E+00 
 1.0757E+00 
 1.1423E+00 
 1.2071E+00 
 1.2719E+00 
 1.3370E+00 
 1.4022E+00 
 1.4664E+00 
 1.5283E+00 
 1.5838E+00 
 1.6285E+00 
 1.6709E+00 
 1.7291E+00 
 1.8157E+00 
 1.9238E+00 
 2.0426E+00 
 1.0000E-01 
 1.7674E+00 
 6.5360E+00 
 1.3581E+01 
 2.2183E+01 
 3.1607E+01 
 4.1148E+01 
 5.0118E+01 
 5.7859E+01 
 6.3749E+01 
 6.7206E+01 
 6.7698E+01 
 6.4741E+01 
 5.7905E+01 
 4.6822E+01 
 3.1165E+01 
 1.2371E+01 
 3.3507E+00 
 2.0589E+00 
 1.7823E+00 
 1.4469E+00 
 1.1797E+00 
 1.0000E+00 
 8.7214E-01 
 7.7933E-01 
 7.1499E-01 
 6.7376E-01 
 6.5161E-01 
 6.4479E-01 
 6.5052E-01 
 6.6765E-01 
 6.9648E-01 
 7.3633E-01 
 7.8478E-01 
 8.3796E-01 
 8.9317E-01 
 9.4901E-01 
 1.0055E+00 
 1.0632E+00 
 1.1227E+00 
 1.1844E+00 
 1.2479E+00 
 1.3117E+00 
 1.3733E+00 
 1.4273E+00 
 1.4687E+00 
 1.5050E+00 
 1.5529E+00 
 1.6239E+00 
 1.7124E+00 
 1.8097E+00 
 6.1912E+00 
 2.4332E+01 
 2.6520E+01 
 2.5264E+01 
 2.5097E+01 
 2.3458E+01 
 1.8591E+01 
 1.4329E+01 
 1.2143E+01 
 1.0837E+01 
 9.6786E+00 
 7.9928E+00 
 5.9150E+00 
 4.1936E+00 
 3.0553E+00 
 2.3368E+00 
 1.8722E+00 
 1.5566E+00 
 1.3339E+00 
 1.1759E+00 
 1.0618E+00 
 9.7628E-01 
 9.0923E-01 
 8.5429E-01 
 8.0850E-01 
 7.7150E-01 
 7.4448E-01 
 7.2842E-01 
 7.2244E-01 
 7.2510E-01 
 7.3562E-01 
 7.5419E-01 
 7.8066E-01 
 8.1430E-01 
 8.5396E-01 
 8.9907E-01 
 9.4965E-01 
 1.0064E+00 
 1.0704E+00 
 1.1432E+00 
 1.2261E+00 
 1.3204E+00 
 1.4262E+00 
 1.5427E+00 
 1.6671E+00 
 1.7967E+00 
 1.9384E+00 
 2.1067E+00 
 2.3101E+00 
 2.5391E+00 
 2.7809E+00 
 2.0995E+00 
 8.2930E+00 
 9.1033E+00 
 8.7598E+00 
 8.7262E+00 
 8.6608E+00 
 8.3266E+00 
 7.8106E+00 
 7.2009E+00 
 6.4691E+00 
 5.6747E+00 
 4.7973E+00 
 3.8839E+00 
 3.0923E+00 
 2.4855E+00 
 2.0400E+00 
 1.7159E+00 
 1.4752E+00 
 1.2937E+00 
 1.1579E+00 
 1.0558E+00 
 9.7742E-01 
 9.1524E-01 
 8.6456E-01 
 8.2327E-01 
 7.9107E-01 
 7.6877E-01 
 7.5700E-01 
 7.5486E-01 
 7.6121E-01 
 7.7574E-01 
 7.9917E-01 
 8.3146E-01 
 8.7156E-01 
 9.1774E-01 
 9.6898E-01 
 1.0250E+00 
 1.0862E+00 
 1.1535E+00 
 1.2282E+00 
 1.3116E+00 
 1.4047E+00 
 1.5076E+00 
 1.6202E+00 
 1.7422E+00 
 1.8740E+00 
 2.0263E+00 
 2.2164E+00 
 2.4542E+00 
 2.7267E+00 
 3.0164E+00 
 5.7095E-01 
 2.2544E+00 
 2.4726E+00 
 2.3775E+00 
 2.3713E+00 
 2.3229E+00 
 2.1210E+00 
 1.9623E+00 
 1.9713E+00 
 2.0496E+00 
 2.1324E+00 
 2.1389E+00 
 2.0056E+00 
 1.7793E+00 
 1.5358E+00 
 1.3317E+00 
 1.1913E+00 
 1.1005E+00 
 1.0469E+00 
 1.0327E+00 
 1.0615E+00 
 1.1375E+00 
 1.2254E+00 
 1.2539E+00 
 1.1944E+00 
 1.0888E+00 
 9.8947E-01 
 9.1922E-01 
 8.7642E-01 
 8.5281E-01 
 8.4278E-01 
 8.4418E-01 
 8.5579E-01 
 8.7677E-01 
 9.0653E-01 
 9.4478E-01 
 9.9140E-01 
 1.0464E+00 
 1.1106E+00 
 1.1850E+00 
 1.2713E+00 
 1.3712E+00 
 1.4854E+00 
 1.6141E+00 
 1.7574E+00 
 1.9159E+00 
 2.0990E+00 
 2.3217E+00 
 2.5923E+00 
 2.8973E+00 
 3.2196E+00 
 1.2446E+00 
 4.9296E+00 
 5.4134E+00 
 5.2362E+00 
 5.2123E+00 
 4.9313E+00 
 5.1599E+00 
 1.8506E+01 
 5.2889E+01 
 7.0067E+01 
 6.9877E+01 
 5.8259E+01 
 4.0827E+01 
 2.2811E+01 
 9.0260E+00 
 2.9632E+00 
 1.5906E+00 
 1.2440E+00 
 1.0262E+00 
 9.3474E-01 
 9.7974E-01 
 1.1802E+00 
 1.4636E+00 
 1.5839E+00 
 1.4201E+00 
 1.1335E+00 
 9.1847E-01 
 8.0803E-01 
 7.6634E-01 
 7.5897E-01 
 7.6837E-01 
 7.8681E-01 
 8.1182E-01 
 8.4305E-01 
 8.8075E-01 
 9.2467E-01 
 9.7399E-01 
 1.0274E+00 
 1.0840E+00 
 1.1435E+00 
 1.2055E+00 
 1.2693E+00 
 1.3331E+00 
 1.3941E+00 
 1.4472E+00 
 1.4878E+00 
 1.5242E+00 
 1.5729E+00 
 1.6445E+00 
 1.7333E+00 
 1.8307E+00 


!ECH profile set to zero (no ECH)
POINTS 51 GRIDTYPE 14 NAMEXP CAR4 NTIMES 1 
 3.0000E-01 
  0.0000E+00 
  2.0000E-02 
  4.0000E-02 
  6.0000E-02 
  8.0000E-02 
  1.0000E-01 
  1.2000E-01 
  1.4000E-01 
  1.6000E-01 
  1.8000E-01 
  2.0000E-01 
  2.2000E-01 
  2.4000E-01 
  2.6000E-01 
  2.8000E-01 
  3.0000E-01 
  3.2000E-01 
  3.4000E-01 
  3.6000E-01 
  3.8000E-01 
  4.0000E-01 
  4.2000E-01 
  4.4000E-01 
  4.6000E-01 
  4.8000E-01 
  5.0000E-01 
  5.2000E-01 
  5.4000E-01 
  5.6000E-01 
  5.8000E-01 
  6.0000E-01 
  6.2000E-01 
  6.4000E-01 
  6.6000E-01 
  6.8000E-01 
  7.0000E-01 
  7.2000E-01 
  7.4000E-01 
  7.6000E-01 
  7.8000E-01 
  8.0000E-01 
  8.2000E-01 
  8.4000E-01 
  8.6000E-01 
  8.8000E-01 
  9.0000E-01 
  9.2000E-01 
  9.4000E-01 
  9.6000E-01 
  9.8000E-01 
  1.0000E+00 
  0.0000E+00 
 0.0000E+00 
 0.0000E+00 
 0.0000E+00 
 0.0000E+00 
 0.0000E+00 
 0.0000E+00 
 0.0000E+00 
 0.0000E+00 
 0.0000E+00 
 0.0000E+00 
 0.0000E+00 
 0.0000E+00 
 0.0000E+00 
 0.0000E+00 
 0.0000E+00 
 0.0000E+00 
 0.0000E+00 
 0.0000E+00 
 0.0000E+00 
 0.0000E+00 
 0.0000E+00 
 0.0000E+00 
 0.0000E+00 
 0.0000E+00 
 0.0000E+00 
 0.0000E+00 
 0.0000E+00 
 0.0000E+00 
 0.0000E+00 
 0.0000E+00 
 0.0000E+00 
 0.0000E+00 
 0.0000E+00 
 0.0000E+00 
 0.0000E+00 
 0.0000E+00 
 0.0000E+00 
 0.0000E+00 
 0.0000E+00 
 0.0000E+00 
 0.0000E+00 
 0.0000E+00 
 0.0000E+00 
 0.0000E+00 
 0.0000E+00 
 0.0000E+00 
 0.0000E+00 
 0.0000E+00 
 0.0000E+00 
 0.0000E+00 


!ECCD profile set to zero (no ECCD)
POINTS 51 GRIDTYPE 14 NAMEXP CAR6 NTIMES 1 
 3.0000E-01 
  0.0000E+00 
  2.0000E-02 
  4.0000E-02 
  6.0000E-02 
  8.0000E-02 
  1.0000E-01 
  1.2000E-01 
  1.4000E-01 
  1.6000E-01 
  1.8000E-01 
  2.0000E-01 
  2.2000E-01 
  2.4000E-01 
  2.6000E-01 
  2.8000E-01 
  3.0000E-01 
  3.2000E-01 
  3.4000E-01 
  3.6000E-01 
  3.8000E-01 
  4.0000E-01 
  4.2000E-01 
  4.4000E-01 
  4.6000E-01 
  4.8000E-01 
  5.0000E-01 
  5.2000E-01 
  5.4000E-01 
  5.6000E-01 
  5.8000E-01 
  6.0000E-01 
  6.2000E-01 
  6.4000E-01 
  6.6000E-01 
  6.8000E-01 
  7.0000E-01 
  7.2000E-01 
  7.4000E-01 
  7.6000E-01 
  7.8000E-01 
  8.0000E-01 
  8.2000E-01 
  8.4000E-01 
  8.6000E-01 
  8.8000E-01 
  9.0000E-01 
  9.2000E-01 
  9.4000E-01 
  9.6000E-01 
  9.8000E-01 
  1.0000E+00 
  -0.0000E+00 
 -0.0000E+00 
 -0.0000E+00 
 -0.0000E+00 
 -0.0000E+00 
 -0.0000E+00 
 -0.0000E+00 
 -0.0000E+00 
 -0.0000E+00 
 -0.0000E+00 
 -0.0000E+00 
 -0.0000E+00 
 -0.0000E+00 
 -0.0000E+00 
 -0.0000E+00 
 -0.0000E+00 
 -0.0000E+00 
 -0.0000E+00 
 -0.0000E+00 
 -0.0000E+00 
 -0.0000E+00 
 -0.0000E+00 
 -0.0000E+00 
 -0.0000E+00 
 -0.0000E+00 
 -0.0000E+00 
 -0.0000E+00 
 -0.0000E+00 
 -0.0000E+00 
 -0.0000E+00 
 -0.0000E+00 
 -0.0000E+00 
 -0.0000E+00 
 -0.0000E+00 
 -0.0000E+00 
 -0.0000E+00 
 -0.0000E+00 
 -0.0000E+00 
 -0.0000E+00 
 -0.0000E+00 
 -0.0000E+00 
 -0.0000E+00 
 -0.0000E+00 
 -0.0000E+00 
 -0.0000E+00 
 -0.0000E+00 
 -0.0000E+00 
 -0.0000E+00 
 -0.0000E+00 
 -0.0000E+00 
 -0.0000E+00 
END