 -TCV- #36524 t0=0.4
 Param|Time  |  Value  |   Error
|-----|------|---------|--------
T_OFFSET          0.3000
TEND            1.3000
NB1             91.0000
AWALL           0.2800
AB              0.2600
RTOR            0.8800
ELONM           1.6000
TRICH           0.3000
ABC             0.2387
SHIFT           0.0100
ELONG           1.3843
TRIAN           0.2672
UPDWN           0.0000
ZMJ             1.0000
AMJ             2.0000
BTOR            1.4443
ZRD10           0.9800
ZRD30           36524.0000
ZRD6            0.1110
ZRD7            2.0000
ZRD8            0.0010
ZRD1            3.5000
ZRD3            0.3563
 

!Density boundary condition loading in time
NAMEXP ZRD2 NTIMES 1 
-1.0000E-01 
1.9650E-01 
 

!Ip from LIUQE [MA]
NAMEXP IPL NTIMES 25 
3.0000E-01 
3.2500E-01 
3.5000E-01 
3.7500E-01 
4.0000E-01 
4.2500E-01 
4.5000E-01 
4.7500E-01 
5.0000E-01 
5.2500E-01 
5.5000E-01 
5.7500E-01 
6.0000E-01 
6.2500E-01 
6.5000E-01 
6.7500E-01 
7.0000E-01 
7.2500E-01 
7.5000E-01 
7.7500E-01 
8.0000E-01 
8.2500E-01 
8.5000E-01 
8.7500E-01 
9.0000E-01 
2.7680E-01 
2.7645E-01 
2.7622E-01 
2.7630E-01 
2.7588E-01 
2.7678E-01 
2.7695E-01 
2.7642E-01 
2.7572E-01 
2.7632E-01 
2.7631E-01 
2.7680E-01 
2.7660E-01 
2.7584E-01 
2.7644E-01 
2.7682E-01 
2.7623E-01 
2.7593E-01 
2.7655E-01 
2.7617E-01 
2.7649E-01 
2.7610E-01 
2.7712E-01 
2.7713E-01 
2.7647E-01 


!Minor radius [m]
POINTS 51 GRIDTYPE 14 NAMEXP CAR9 NTIMES 1 
 0.0000E+00 
  0.0000E+00 
  2.0000E-02 
  4.0000E-02 
  6.0000E-02 
  8.0000E-02 
  1.0000E-01 
  1.2000E-01 
  1.4000E-01 
  1.6000E-01 
  1.8000E-01 
  2.0000E-01 
  2.2000E-01 
  2.4000E-01 
  2.6000E-01 
  2.8000E-01 
  3.0000E-01 
  3.2000E-01 
  3.4000E-01 
  3.6000E-01 
  3.8000E-01 
  4.0000E-01 
  4.2000E-01 
  4.4000E-01 
  4.6000E-01 
  4.8000E-01 
  5.0000E-01 
  5.2000E-01 
  5.4000E-01 
  5.6000E-01 
  5.8000E-01 
  6.0000E-01 
  6.2000E-01 
  6.4000E-01 
  6.6000E-01 
  6.8000E-01 
  7.0000E-01 
  7.2000E-01 
  7.4000E-01 
  7.6000E-01 
  7.8000E-01 
  8.0000E-01 
  8.2000E-01 
  8.4000E-01 
  8.6000E-01 
  8.8000E-01 
  9.0000E-01 
  9.2000E-01 
  9.4000E-01 
  9.6000E-01 
  9.8000E-01 
  1.0000E+00 
  0.0000E+00 
 5.2000E-03 
 1.0400E-02 
 1.5600E-02 
 2.0800E-02 
 2.6000E-02 
 3.1200E-02 
 3.6400E-02 
 4.1600E-02 
 4.6800E-02 
 5.2000E-02 
 5.7200E-02 
 6.2400E-02 
 6.7600E-02 
 7.2800E-02 
 7.8000E-02 
 8.3200E-02 
 8.8400E-02 
 9.3600E-02 
 9.8800E-02 
 1.0400E-01 
 1.0920E-01 
 1.1440E-01 
 1.1960E-01 
 1.2480E-01 
 1.3000E-01 
 1.3520E-01 
 1.4040E-01 
 1.4560E-01 
 1.5080E-01 
 1.5600E-01 
 1.6120E-01 
 1.6640E-01 
 1.7160E-01 
 1.7680E-01 
 1.8200E-01 
 1.8720E-01 
 1.9240E-01 
 1.9760E-01 
 2.0280E-01 
 2.0800E-01 
 2.1320E-01 
 2.1840E-01 
 2.2360E-01 
 2.2880E-01 
 2.3400E-01 
 2.3920E-01 
 2.4440E-01 
 2.4960E-01 
 2.5480E-01 
 2.6000E-01 


!initial mu from parabolic 1/q
POINTS 51 GRIDTYPE 14 NAMEXP MU NTIMES 1 
 0.0000E+00 
  0.0000E+00 
  2.0000E-02 
  4.0000E-02 
  6.0000E-02 
  8.0000E-02 
  1.0000E-01 
  1.2000E-01 
  1.4000E-01 
  1.6000E-01 
  1.8000E-01 
  2.0000E-01 
  2.2000E-01 
  2.4000E-01 
  2.6000E-01 
  2.8000E-01 
  3.0000E-01 
  3.2000E-01 
  3.4000E-01 
  3.6000E-01 
  3.8000E-01 
  4.0000E-01 
  4.2000E-01 
  4.4000E-01 
  4.6000E-01 
  4.8000E-01 
  5.0000E-01 
  5.2000E-01 
  5.4000E-01 
  5.6000E-01 
  5.8000E-01 
  6.0000E-01 
  6.2000E-01 
  6.4000E-01 
  6.6000E-01 
  6.8000E-01 
  7.0000E-01 
  7.2000E-01 
  7.4000E-01 
  7.6000E-01 
  7.8000E-01 
  8.0000E-01 
  8.2000E-01 
  8.4000E-01 
  8.6000E-01 
  8.8000E-01 
  9.0000E-01 
  9.2000E-01 
  9.4000E-01 
  9.6000E-01 
  9.8000E-01 
  1.0000E+00 
  5.0000E-01 
 4.9960E-01 
 4.9841E-01 
 4.9643E-01 
 4.9368E-01 
 4.9020E-01 
 4.8600E-01 
 4.8114E-01 
 4.7565E-01 
 4.6957E-01 
 4.6296E-01 
 4.5587E-01 
 4.4835E-01 
 4.4045E-01 
 4.3223E-01 
 4.2373E-01 
 4.1501E-01 
 4.0611E-01 
 3.9708E-01 
 3.8796E-01 
 3.7879E-01 
 3.6960E-01 
 3.6044E-01 
 3.5132E-01 
 3.4228E-01 
 3.3333E-01 
 3.2451E-01 
 3.1582E-01 
 3.0728E-01 
 2.9890E-01 
 2.9070E-01 
 2.8268E-01 
 2.7485E-01 
 2.6721E-01 
 2.5977E-01 
 2.5253E-01 
 2.4548E-01 
 2.3864E-01 
 2.3200E-01 
 2.2555E-01 
 2.1930E-01 
 2.1324E-01 
 2.0737E-01 
 2.0168E-01 
 1.9617E-01 
 1.9084E-01 
 1.8568E-01 
 1.8069E-01 
 1.7586E-01 
 1.7119E-01 
 1.6667E-01 


!ne from confinement nodes [1e19m^-3]
POINTS 51 GRIDTYPE 14 NAMEXP NE NTIMES 24 
 3.0030E-01 
  3.2530E-01 
  3.5030E-01 
  3.7530E-01 
  4.0030E-01 
  4.2530E-01 
  4.5030E-01 
  4.7530E-01 
  5.0030E-01 
  5.2530E-01 
  5.5030E-01 
  5.7530E-01 
  6.0030E-01 
  6.2530E-01 
  6.5030E-01 
  6.7530E-01 
  7.0030E-01 
  7.2530E-01 
  7.5030E-01 
  7.7530E-01 
  8.0030E-01 
  8.2530E-01 
  8.5030E-01 
  8.7530E-01 
  0.0000E+00 
  2.0000E-02 
  4.0000E-02 
  6.0000E-02 
  8.0000E-02 
  1.0000E-01 
  1.2000E-01 
  1.4000E-01 
  1.6000E-01 
  1.8000E-01 
  2.0000E-01 
  2.2000E-01 
  2.4000E-01 
  2.6000E-01 
  2.8000E-01 
  3.0000E-01 
  3.2000E-01 
  3.4000E-01 
  3.6000E-01 
  3.8000E-01 
  4.0000E-01 
  4.2000E-01 
  4.4000E-01 
  4.6000E-01 
  4.8000E-01 
  5.0000E-01 
  5.2000E-01 
  5.4000E-01 
  5.6000E-01 
  5.8000E-01 
  6.0000E-01 
  6.2000E-01 
  6.4000E-01 
  6.6000E-01 
  6.8000E-01 
  7.0000E-01 
  7.2000E-01 
  7.4000E-01 
  7.6000E-01 
  7.8000E-01 
  8.0000E-01 
  8.2000E-01 
  8.4000E-01 
  8.6000E-01 
  8.8000E-01 
  9.0000E-01 
  9.2000E-01 
  9.4000E-01 
  9.6000E-01 
  9.8000E-01 
  1.0000E+00 
  6.5632E+00 
 6.5629E+00 
 6.5619E+00 
 6.5604E+00 
 6.5583E+00 
 6.5556E+00 
 6.5524E+00 
 6.5492E+00 
 6.5456E+00 
 6.5405E+00 
 6.5333E+00 
 6.5245E+00 
 6.5139E+00 
 6.5013E+00 
 6.4869E+00 
 6.4712E+00 
 6.4546E+00 
 6.4372E+00 
 6.4165E+00 
 6.3902E+00 
 6.3560E+00 
 6.3109E+00 
 6.2516E+00 
 6.1752E+00 
 6.0794E+00 
 5.9643E+00 
 5.8324E+00 
 5.6862E+00 
 5.5275E+00 
 5.3576E+00 
 5.1770E+00 
 4.9865E+00 
 4.7871E+00 
 4.5805E+00 
 4.3683E+00 
 4.1520E+00 
 3.9340E+00 
 3.7166E+00 
 3.5024E+00 
 3.2934E+00 
 3.0915E+00 
 2.8988E+00 
 2.7164E+00 
 2.5443E+00 
 2.3815E+00 
 2.2265E+00 
 2.0781E+00 
 1.9373E+00 
 1.8053E+00 
 1.6804E+00 
 1.5590E+00 
 6.8249E+00 
 6.8228E+00 
 6.8163E+00 
 6.8056E+00 
 6.7907E+00 
 6.7716E+00 
 6.7484E+00 
 6.7209E+00 
 6.6887E+00 
 6.6515E+00 
 6.6090E+00 
 6.5610E+00 
 6.5073E+00 
 6.4476E+00 
 6.3820E+00 
 6.3103E+00 
 6.2326E+00 
 6.1488E+00 
 6.0592E+00 
 5.9640E+00 
 5.8635E+00 
 5.7580E+00 
 5.6479E+00 
 5.5336E+00 
 5.4155E+00 
 5.2942E+00 
 5.1703E+00 
 5.0445E+00 
 4.9174E+00 
 4.7896E+00 
 4.6617E+00 
 4.5341E+00 
 4.4073E+00 
 4.2819E+00 
 4.1581E+00 
 4.0363E+00 
 3.9170E+00 
 3.8004E+00 
 3.6867E+00 
 3.5761E+00 
 3.4690E+00 
 3.3654E+00 
 3.2654E+00 
 3.1692E+00 
 3.0768E+00 
 2.9880E+00 
 2.9029E+00 
 2.8222E+00 
 2.7467E+00 
 2.6754E+00 
 2.6061E+00 
 6.6277E+00 
 6.6259E+00 
 6.6204E+00 
 6.6114E+00 
 6.5988E+00 
 6.5828E+00 
 6.5638E+00 
 6.5464E+00 
 6.5340E+00 
 6.5254E+00 
 6.5201E+00 
 6.5191E+00 
 6.5194E+00 
 6.5171E+00 
 6.5098E+00 
 6.4959E+00 
 6.4737E+00 
 6.4420E+00 
 6.4006E+00 
 6.3547E+00 
 6.3112E+00 
 6.2682E+00 
 6.2184E+00 
 6.1551E+00 
 6.0733E+00 
 5.9722E+00 
 5.8538E+00 
 5.7196E+00 
 5.5711E+00 
 5.4088E+00 
 5.2331E+00 
 5.0446E+00 
 4.8445E+00 
 4.6345E+00 
 4.4161E+00 
 4.1912E+00 
 3.9623E+00 
 3.7321E+00 
 3.5031E+00 
 3.2776E+00 
 3.0575E+00 
 2.8445E+00 
 2.6401E+00 
 2.4443E+00 
 2.2573E+00 
 2.0780E+00 
 1.9062E+00 
 1.7436E+00 
 1.5915E+00 
 1.4476E+00 
 1.3079E+00 
 6.7089E+00 
 6.7063E+00 
 6.6985E+00 
 6.6855E+00 
 6.6675E+00 
 6.6445E+00 
 6.6171E+00 
 6.5906E+00 
 6.5684E+00 
 6.5489E+00 
 6.5314E+00 
 6.5171E+00 
 6.5023E+00 
 6.4831E+00 
 6.4578E+00 
 6.4258E+00 
 6.3863E+00 
 6.3394E+00 
 6.2865E+00 
 6.2350E+00 
 6.1925E+00 
 6.1554E+00 
 6.1138E+00 
 6.0585E+00 
 5.9831E+00 
 5.8874E+00 
 5.7740E+00 
 5.6449E+00 
 5.5020E+00 
 5.3459E+00 
 5.1770E+00 
 4.9960E+00 
 4.8038E+00 
 4.6016E+00 
 4.3906E+00 
 4.1721E+00 
 3.9491E+00 
 3.7242E+00 
 3.5002E+00 
 3.2794E+00 
 3.0637E+00 
 2.8550E+00 
 2.6547E+00 
 2.4629E+00 
 2.2795E+00 
 2.1038E+00 
 1.9355E+00 
 1.7761E+00 
 1.6269E+00 
 1.4858E+00 
 1.3487E+00 
 6.7116E+00 
 6.7077E+00 
 6.6960E+00 
 6.6765E+00 
 6.6493E+00 
 6.6145E+00 
 6.5728E+00 
 6.5280E+00 
 6.4845E+00 
 6.4452E+00 
 6.4135E+00 
 6.3916E+00 
 6.3766E+00 
 6.3646E+00 
 6.3531E+00 
 6.3398E+00 
 6.3229E+00 
 6.3008E+00 
 6.2730E+00 
 6.2395E+00 
 6.2004E+00 
 6.1525E+00 
 6.0915E+00 
 6.0133E+00 
 5.9157E+00 
 5.7998E+00 
 5.6681E+00 
 5.5226E+00 
 5.3654E+00 
 5.1980E+00 
 5.0219E+00 
 4.8386E+00 
 4.6494E+00 
 4.4559E+00 
 4.2593E+00 
 4.0609E+00 
 3.8624E+00 
 3.6651E+00 
 3.4704E+00 
 3.2794E+00 
 3.0932E+00 
 2.9127E+00 
 2.7385E+00 
 2.5709E+00 
 2.4100E+00 
 2.2553E+00 
 2.1071E+00 
 1.9666E+00 
 1.8352E+00 
 1.7108E+00 
 1.5900E+00 
 6.8433E+00 
 6.8378E+00 
 6.8210E+00 
 6.7931E+00 
 6.7542E+00 
 6.7041E+00 
 6.6451E+00 
 6.5864E+00 
 6.5351E+00 
 6.4932E+00 
 6.4626E+00 
 6.4430E+00 
 6.4299E+00 
 6.4186E+00 
 6.4057E+00 
 6.3881E+00 
 6.3631E+00 
 6.3287E+00 
 6.2847E+00 
 6.2344E+00 
 6.1812E+00 
 6.1219E+00 
 6.0510E+00 
 5.9635E+00 
 5.8570E+00 
 5.7341E+00 
 5.5991E+00 
 5.4554E+00 
 5.3051E+00 
 5.1474E+00 
 4.9817E+00 
 4.8075E+00 
 4.6246E+00 
 4.4334E+00 
 4.2341E+00 
 4.0277E+00 
 3.8170E+00 
 3.6045E+00 
 3.3929E+00 
 3.1844E+00 
 2.9813E+00 
 2.7857E+00 
 2.5988E+00 
 2.4205E+00 
 2.2504E+00 
 2.0875E+00 
 1.9318E+00 
 1.7846E+00 
 1.6475E+00 
 1.5181E+00 
 1.3925E+00 
 6.6603E+00 
 6.6581E+00 
 6.6517E+00 
 6.6410E+00 
 6.6260E+00 
 6.6069E+00 
 6.5843E+00 
 6.5609E+00 
 6.5392E+00 
 6.5212E+00 
 6.5083E+00 
 6.4998E+00 
 6.4930E+00 
 6.4852E+00 
 6.4739E+00 
 6.4572E+00 
 6.4330E+00 
 6.3997E+00 
 6.3560E+00 
 6.3022E+00 
 6.2388E+00 
 6.1646E+00 
 6.0778E+00 
 5.9768E+00 
 5.8613E+00 
 5.7329E+00 
 5.5939E+00 
 5.4462E+00 
 5.2908E+00 
 5.1270E+00 
 4.9543E+00 
 4.7722E+00 
 4.5807E+00 
 4.3805E+00 
 4.1719E+00 
 3.9560E+00 
 3.7360E+00 
 3.5146E+00 
 3.2947E+00 
 3.0787E+00 
 2.8687E+00 
 2.6668E+00 
 2.4740E+00 
 2.2903E+00 
 2.1151E+00 
 1.9474E+00 
 1.7871E+00 
 1.6356E+00 
 1.4944E+00 
 1.3611E+00 
 1.2318E+00 
 6.4685E+00 
 6.4680E+00 
 6.4662E+00 
 6.4632E+00 
 6.4592E+00 
 6.4540E+00 
 6.4479E+00 
 6.4417E+00 
 6.4360E+00 
 6.4309E+00 
 6.4267E+00 
 6.4232E+00 
 6.4193E+00 
 6.4137E+00 
 6.4052E+00 
 6.3924E+00 
 6.3744E+00 
 6.3493E+00 
 6.3149E+00 
 6.2694E+00 
 6.2116E+00 
 6.1404E+00 
 6.0552E+00 
 5.9552E+00 
 5.8404E+00 
 5.7122E+00 
 5.5725E+00 
 5.4229E+00 
 5.2645E+00 
 5.0972E+00 
 4.9212E+00 
 4.7365E+00 
 4.5438E+00 
 4.3436E+00 
 4.1365E+00 
 3.9240E+00 
 3.7087E+00 
 3.4932E+00 
 3.2797E+00 
 3.0703E+00 
 2.8671E+00 
 2.6718E+00 
 2.4853E+00 
 2.3074E+00 
 2.1378E+00 
 1.9755E+00 
 1.8203E+00 
 1.6738E+00 
 1.5371E+00 
 1.4079E+00 
 1.2825E+00 
 6.3297E+00 
 6.3298E+00 
 6.3303E+00 
 6.3312E+00 
 6.3325E+00 
 6.3341E+00 
 6.3366E+00 
 6.3414E+00 
 6.3479E+00 
 6.3530E+00 
 6.3544E+00 
 6.3501E+00 
 6.3401E+00 
 6.3248E+00 
 6.3054E+00 
 6.2832E+00 
 6.2592E+00 
 6.2314E+00 
 6.1951E+00 
 6.1483E+00 
 6.0900E+00 
 6.0190E+00 
 5.9338E+00 
 5.8335E+00 
 5.7184E+00 
 5.5926E+00 
 5.4619E+00 
 5.3302E+00 
 5.1984E+00 
 5.0624E+00 
 4.9186E+00 
 4.7643E+00 
 4.5977E+00 
 4.4171E+00 
 4.2223E+00 
 4.0151E+00 
 3.8007E+00 
 3.5833E+00 
 3.3667E+00 
 3.1536E+00 
 2.9465E+00 
 2.7473E+00 
 2.5573E+00 
 2.3771E+00 
 2.2061E+00 
 2.0430E+00 
 1.8873E+00 
 1.7402E+00 
 1.6031E+00 
 1.4734E+00 
 1.3475E+00 
 6.2278E+00 
 6.2276E+00 
 6.2268E+00 
 6.2256E+00 
 6.2239E+00 
 6.2218E+00 
 6.2200E+00 
 6.2203E+00 
 6.2221E+00 
 6.2226E+00 
 6.2183E+00 
 6.2068E+00 
 6.1891E+00 
 6.1670E+00 
 6.1416E+00 
 6.1142E+00 
 6.0859E+00 
 6.0549E+00 
 6.0181E+00 
 5.9747E+00 
 5.9241E+00 
 5.8638E+00 
 5.7913E+00 
 5.7047E+00 
 5.6041E+00 
 5.4938E+00 
 5.3791E+00 
 5.2634E+00 
 5.1463E+00 
 5.0228E+00 
 4.8890E+00 
 4.7423E+00 
 4.5811E+00 
 4.4048E+00 
 4.2140E+00 
 4.0118E+00 
 3.8038E+00 
 3.5946E+00 
 3.3878E+00 
 3.1854E+00 
 2.9890E+00 
 2.7995E+00 
 2.6177E+00 
 2.4442E+00 
 2.2790E+00 
 2.1210E+00 
 1.9704E+00 
 1.8287E+00 
 1.6971E+00 
 1.5731E+00 
 1.4529E+00 
 6.2098E+00 
 6.2088E+00 
 6.2059E+00 
 6.2012E+00 
 6.1946E+00 
 6.1862E+00 
 6.1769E+00 
 6.1694E+00 
 6.1640E+00 
 6.1597E+00 
 6.1543E+00 
 6.1453E+00 
 6.1307E+00 
 6.1097E+00 
 6.0837E+00 
 6.0544E+00 
 6.0232E+00 
 5.9892E+00 
 5.9506E+00 
 5.9067E+00 
 5.8563E+00 
 5.7971E+00 
 5.7262E+00 
 5.6414E+00 
 5.5435E+00 
 5.4378E+00 
 5.3304E+00 
 5.2252E+00 
 5.1212E+00 
 5.0121E+00 
 4.8928E+00 
 4.7597E+00 
 4.6103E+00 
 4.4433E+00 
 4.2582E+00 
 4.0576E+00 
 3.8470E+00 
 3.6317E+00 
 3.4154E+00 
 3.2005E+00 
 2.9886E+00 
 2.7806E+00 
 2.5777E+00 
 2.3809E+00 
 2.1907E+00 
 2.0071E+00 
 1.8309E+00 
 1.6645E+00 
 1.5098E+00 
 1.3640E+00 
 1.2227E+00 
 6.0848E+00 
 6.0842E+00 
 6.0823E+00 
 6.0792E+00 
 6.0749E+00 
 6.0693E+00 
 6.0632E+00 
 6.0581E+00 
 6.0542E+00 
 6.0507E+00 
 6.0465E+00 
 6.0397E+00 
 6.0287E+00 
 6.0129E+00 
 5.9933E+00 
 5.9711E+00 
 5.9475E+00 
 5.9217E+00 
 5.8921E+00 
 5.8579E+00 
 5.8177E+00 
 5.7686E+00 
 5.7074E+00 
 5.6314E+00 
 5.5403E+00 
 5.4371E+00 
 5.3253E+00 
 5.2073E+00 
 5.0834E+00 
 4.9515E+00 
 4.8098E+00 
 4.6577E+00 
 4.4955E+00 
 4.3243E+00 
 4.1453E+00 
 3.9598E+00 
 3.7698E+00 
 3.5770E+00 
 3.3829E+00 
 3.1892E+00 
 2.9969E+00 
 2.8073E+00 
 2.6213E+00 
 2.4402E+00 
 2.2644E+00 
 2.0942E+00 
 1.9305E+00 
 1.7762E+00 
 1.6329E+00 
 1.4982E+00 
 1.3678E+00 
 6.0818E+00 
 6.0810E+00 
 6.0785E+00 
 6.0745E+00 
 6.0688E+00 
 6.0616E+00 
 6.0528E+00 
 6.0430E+00 
 6.0329E+00 
 6.0234E+00 
 6.0164E+00 
 6.0123E+00 
 6.0075E+00 
 5.9998E+00 
 5.9883E+00 
 5.9727E+00 
 5.9524E+00 
 5.9264E+00 
 5.8931E+00 
 5.8514E+00 
 5.8002E+00 
 5.7380E+00 
 5.6634E+00 
 5.5754E+00 
 5.4752E+00 
 5.3670E+00 
 5.2553E+00 
 5.1428E+00 
 5.0288E+00 
 4.9096E+00 
 4.7824E+00 
 4.6453E+00 
 4.4970E+00 
 4.3370E+00 
 4.1650E+00 
 3.9822E+00 
 3.7915E+00 
 3.5957E+00 
 3.3970E+00 
 3.1973E+00 
 2.9985E+00 
 2.8019E+00 
 2.6087E+00 
 2.4203E+00 
 2.2374E+00 
 2.0603E+00 
 1.8900E+00 
 1.7294E+00 
 1.5804E+00 
 1.4403E+00 
 1.3046E+00 
 5.9634E+00 
 5.9628E+00 
 5.9607E+00 
 5.9573E+00 
 5.9526E+00 
 5.9466E+00 
 5.9394E+00 
 5.9310E+00 
 5.9215E+00 
 5.9105E+00 
 5.8985E+00 
 5.8856E+00 
 5.8718E+00 
 5.8569E+00 
 5.8407E+00 
 5.8230E+00 
 5.8034E+00 
 5.7809E+00 
 5.7538E+00 
 5.7207E+00 
 5.6800E+00 
 5.6299E+00 
 5.5684E+00 
 5.4941E+00 
 5.4075E+00 
 5.3112E+00 
 5.2081E+00 
 5.0994E+00 
 4.9842E+00 
 4.8605E+00 
 4.7266E+00 
 4.5822E+00 
 4.4278E+00 
 4.2646E+00 
 4.0938E+00 
 3.9170E+00 
 3.7365E+00 
 3.5542E+00 
 3.3716E+00 
 3.1901E+00 
 3.0109E+00 
 2.8350E+00 
 2.6632E+00 
 2.4964E+00 
 2.3352E+00 
 2.1795E+00 
 2.0302E+00 
 1.8895E+00 
 1.7590E+00 
 1.6362E+00 
 1.5172E+00 
 5.8327E+00 
 5.8319E+00 
 5.8294E+00 
 5.8252E+00 
 5.8195E+00 
 5.8121E+00 
 5.8035E+00 
 5.7946E+00 
 5.7857E+00 
 5.7770E+00 
 5.7690E+00 
 5.7628E+00 
 5.7585E+00 
 5.7556E+00 
 5.7528E+00 
 5.7490E+00 
 5.7429E+00 
 5.7328E+00 
 5.7168E+00 
 5.6928E+00 
 5.6582E+00 
 5.6113E+00 
 5.5504E+00 
 5.4744E+00 
 5.3850E+00 
 5.2870E+00 
 5.1854E+00 
 5.0824E+00 
 4.9762E+00 
 4.8627E+00 
 4.7388E+00 
 4.6027E+00 
 4.4539E+00 
 4.2923E+00 
 4.1188E+00 
 3.9357E+00 
 3.7467E+00 
 3.5547E+00 
 3.3622E+00 
 3.1714E+00 
 2.9837E+00 
 2.8002E+00 
 2.6219E+00 
 2.4499E+00 
 2.2846E+00 
 2.1258E+00 
 1.9743E+00 
 1.8319E+00 
 1.6999E+00 
 1.5757E+00 
 1.4553E+00 
 5.8096E+00 
 5.8076E+00 
 5.8015E+00 
 5.7914E+00 
 5.7774E+00 
 5.7594E+00 
 5.7412E+00 
 5.7287E+00 
 5.7201E+00 
 5.7113E+00 
 5.7012E+00 
 5.6912E+00 
 5.6827E+00 
 5.6758E+00 
 5.6689E+00 
 5.6604E+00 
 5.6490E+00 
 5.6337E+00 
 5.6137E+00 
 5.5882E+00 
 5.5557E+00 
 5.5136E+00 
 5.4597E+00 
 5.3924E+00 
 5.3124E+00 
 5.2228E+00 
 5.1266E+00 
 5.0252E+00 
 4.9173E+00 
 4.8003E+00 
 4.6723E+00 
 4.5327E+00 
 4.3820E+00 
 4.2209E+00 
 4.0508E+00 
 3.8738E+00 
 3.6930E+00 
 3.5107E+00 
 3.3290E+00 
 3.1496E+00 
 2.9737E+00 
 2.8022E+00 
 2.6361E+00 
 2.4762E+00 
 2.3228E+00 
 2.1757E+00 
 2.0356E+00 
 1.9045E+00 
 1.7836E+00 
 1.6700E+00 
 1.5601E+00 
 5.7884E+00 
 5.7856E+00 
 5.7770E+00 
 5.7628E+00 
 5.7430E+00 
 5.7177E+00 
 5.6930E+00 
 5.6786E+00 
 5.6747E+00 
 5.6778E+00 
 5.6832E+00 
 5.6873E+00 
 5.6888E+00 
 5.6867E+00 
 5.6804E+00 
 5.6696E+00 
 5.6536E+00 
 5.6312E+00 
 5.6023E+00 
 5.5684E+00 
 5.5291E+00 
 5.4811E+00 
 5.4209E+00 
 5.3464E+00 
 5.2586E+00 
 5.1623E+00 
 5.0622E+00 
 4.9605E+00 
 4.8555E+00 
 4.7436E+00 
 4.6219E+00 
 4.4891E+00 
 4.3449E+00 
 4.1897E+00 
 4.0242E+00 
 3.8507E+00 
 3.6720E+00 
 3.4907E+00 
 3.3088E+00 
 3.1281E+00 
 2.9498E+00 
 2.7748E+00 
 2.6038E+00 
 2.4379E+00 
 2.2773E+00 
 2.1221E+00 
 1.9734E+00 
 1.8338E+00 
 1.7049E+00 
 1.5839E+00 
 1.4668E+00 
 5.8252E+00 
 5.8223E+00 
 5.8134E+00 
 5.7986E+00 
 5.7781E+00 
 5.7520E+00 
 5.7243E+00 
 5.7013E+00 
 5.6833E+00 
 5.6695E+00 
 5.6588E+00 
 5.6498E+00 
 5.6398E+00 
 5.6276E+00 
 5.6127E+00 
 5.5950E+00 
 5.5738E+00 
 5.5458E+00 
 5.5111E+00 
 5.4747E+00 
 5.4371E+00 
 5.3944E+00 
 5.3421E+00 
 5.2775E+00 
 5.2002E+00 
 5.1129E+00 
 5.0181E+00 
 4.9167E+00 
 4.8080E+00 
 4.6902E+00 
 4.5623E+00 
 4.4241E+00 
 4.2765E+00 
 4.1206E+00 
 3.9575E+00 
 3.7892E+00 
 3.6179E+00 
 3.4452E+00 
 3.2727E+00 
 3.1017E+00 
 2.9331E+00 
 2.7675E+00 
 2.6057E+00 
 2.4484E+00 
 2.2958E+00 
 2.1481E+00 
 2.0065E+00 
 1.8738E+00 
 1.7516E+00 
 1.6371E+00 
 1.5265E+00 
 5.6988E+00 
 5.6974E+00 
 5.6931E+00 
 5.6861E+00 
 5.6763E+00 
 5.6638E+00 
 5.6497E+00 
 5.6358E+00 
 5.6232E+00 
 5.6123E+00 
 5.6021E+00 
 5.5910E+00 
 5.5775E+00 
 5.5620E+00 
 5.5463E+00 
 5.5323E+00 
 5.5209E+00 
 5.5093E+00 
 5.4947E+00 
 5.4764E+00 
 5.4523E+00 
 5.4188E+00 
 5.3723E+00 
 5.3103E+00 
 5.2328E+00 
 5.1423E+00 
 5.0411E+00 
 4.9307E+00 
 4.8115E+00 
 4.6835E+00 
 4.5466E+00 
 4.4015E+00 
 4.2488E+00 
 4.0896E+00 
 3.9249E+00 
 3.7564E+00 
 3.5859E+00 
 3.4150E+00 
 3.2450E+00 
 3.0770E+00 
 2.9119E+00 
 2.7504E+00 
 2.5933E+00 
 2.4412E+00 
 2.2944E+00 
 2.1527E+00 
 2.0174E+00 
 1.8907E+00 
 1.7740E+00 
 1.6648E+00 
 1.5591E+00 
 5.8190E+00 
 5.8185E+00 
 5.8170E+00 
 5.8146E+00 
 5.8111E+00 
 5.8068E+00 
 5.8014E+00 
 5.7950E+00 
 5.7872E+00 
 5.7778E+00 
 5.7664E+00 
 5.7524E+00 
 5.7352E+00 
 5.7140E+00 
 5.6881E+00 
 5.6568E+00 
 5.6196E+00 
 5.5756E+00 
 5.5244E+00 
 5.4655E+00 
 5.3986E+00 
 5.3233E+00 
 5.2394E+00 
 5.1469E+00 
 5.0458E+00 
 4.9367E+00 
 4.8201E+00 
 4.6964E+00 
 4.5663E+00 
 4.4303E+00 
 4.2891E+00 
 4.1436E+00 
 3.9947E+00 
 3.8432E+00 
 3.6902E+00 
 3.5366E+00 
 3.3834E+00 
 3.2315E+00 
 3.0816E+00 
 2.9344E+00 
 2.7904E+00 
 2.6502E+00 
 2.5142E+00 
 2.3829E+00 
 2.2564E+00 
 2.1345E+00 
 2.0183E+00 
 1.9099E+00 
 1.8101E+00 
 1.7166E+00 
 1.6263E+00 
 5.5731E+00 
 5.5723E+00 
 5.5699E+00 
 5.5660E+00 
 5.5606E+00 
 5.5537E+00 
 5.5463E+00 
 5.5394E+00 
 5.5335E+00 
 5.5289E+00 
 5.5250E+00 
 5.5208E+00 
 5.5157E+00 
 5.5092E+00 
 5.5011E+00 
 5.4911E+00 
 5.4788E+00 
 5.4637E+00 
 5.4449E+00 
 5.4219E+00 
 5.3929E+00 
 5.3554E+00 
 5.3071E+00 
 5.2460E+00 
 5.1723E+00 
 5.0872E+00 
 4.9921E+00 
 4.8880E+00 
 4.7746E+00 
 4.6518E+00 
 4.5193E+00 
 4.3772E+00 
 4.2259E+00 
 4.0658E+00 
 3.8976E+00 
 3.7236E+00 
 3.5466E+00 
 3.3685E+00 
 3.1913E+00 
 3.0166E+00 
 2.8455E+00 
 2.6788E+00 
 2.5176E+00 
 2.3626E+00 
 2.2140E+00 
 2.0715E+00 
 1.9362E+00 
 1.8101E+00 
 1.6941E+00 
 1.5855E+00 
 1.4804E+00 
 5.5366E+00 
 5.5358E+00 
 5.5335E+00 
 5.5298E+00 
 5.5247E+00 
 5.5183E+00 
 5.5124E+00 
 5.5087E+00 
 5.5057E+00 
 5.5023E+00 
 5.4988E+00 
 5.4956E+00 
 5.4922E+00 
 5.4878E+00 
 5.4818E+00 
 5.4736E+00 
 5.4625E+00 
 5.4474E+00 
 5.4286E+00 
 5.4076E+00 
 5.3826E+00 
 5.3494E+00 
 5.3036E+00 
 5.2424E+00 
 5.1656E+00 
 5.0757E+00 
 4.9748E+00 
 4.8641E+00 
 4.7434E+00 
 4.6119E+00 
 4.4694E+00 
 4.3169E+00 
 4.1559E+00 
 3.9884E+00 
 3.8161E+00 
 3.6411E+00 
 3.4657E+00 
 3.2917E+00 
 3.1204E+00 
 2.9533E+00 
 2.7909E+00 
 2.6341E+00 
 2.4834E+00 
 2.3394E+00 
 2.2020E+00 
 2.0709E+00 
 1.9468E+00 
 1.8316E+00 
 1.7259E+00 
 1.6269E+00 
 1.5313E+00 
 5.5918E+00 
 5.5901E+00 
 5.5851E+00 
 5.5769E+00 
 5.5654E+00 
 5.5509E+00 
 5.5365E+00 
 5.5261E+00 
 5.5182E+00 
 5.5114E+00 
 5.5065E+00 
 5.5041E+00 
 5.5031E+00 
 5.5024E+00 
 5.5005E+00 
 5.4958E+00 
 5.4872E+00 
 5.4736E+00 
 5.4548E+00 
 5.4311E+00 
 5.4005E+00 
 5.3591E+00 
 5.3031E+00 
 5.2304E+00 
 5.1424E+00 
 5.0436E+00 
 4.9375E+00 
 4.8258E+00 
 4.7071E+00 
 4.5788E+00 
 4.4396E+00 
 4.2898E+00 
 4.1305E+00 
 3.9637E+00 
 3.7908E+00 
 3.6143E+00 
 3.4368E+00 
 3.2601E+00 
 3.0860E+00 
 2.9155E+00 
 2.7493E+00 
 2.5878E+00 
 2.4313E+00 
 2.2805E+00 
 2.1351E+00 
 1.9952E+00 
 1.8619E+00 
 1.7377E+00 
 1.6237E+00 
 1.5171E+00 
 1.4141E+00 
 5.4293E+00 
 5.4295E+00 
 5.4301E+00 
 5.4311E+00 
 5.4325E+00 
 5.4345E+00 
 5.4393E+00 
 5.4491E+00 
 5.4593E+00 
 5.4652E+00 
 5.4683E+00 
 5.4695E+00 
 5.4685E+00 
 5.4653E+00 
 5.4599E+00 
 5.4523E+00 
 5.4424E+00 
 5.4296E+00 
 5.4139E+00 
 5.3955E+00 
 5.3707E+00 
 5.3347E+00 
 5.2828E+00 
 5.2127E+00 
 5.1269E+00 
 5.0313E+00 
 4.9300E+00 
 4.8242E+00 
 4.7108E+00 
 4.5864E+00 
 4.4493E+00 
 4.2999E+00 
 4.1406E+00 
 3.9739E+00 
 3.8019E+00 
 3.6270E+00 
 3.4512E+00 
 3.2765E+00 
 3.1041E+00 
 2.9351E+00 
 2.7699E+00 
 2.6086E+00 
 2.4517E+00 
 2.2997E+00 
 2.1524E+00 
 2.0100E+00 
 1.8743E+00 
 1.7480E+00 
 1.6324E+00 
 1.5244E+00 
 1.4201E+00 


!te from confinement nodes [keV]
POINTS 51 GRIDTYPE 14 NAMEXP TE NTIMES 24 
 3.0030E-01 
  3.2530E-01 
  3.5030E-01 
  3.7530E-01 
  4.0030E-01 
  4.2530E-01 
  4.5030E-01 
  4.7530E-01 
  5.0030E-01 
  5.2530E-01 
  5.5030E-01 
  5.7530E-01 
  6.0030E-01 
  6.2530E-01 
  6.5030E-01 
  6.7530E-01 
  7.0030E-01 
  7.2530E-01 
  7.5030E-01 
  7.7530E-01 
  8.0030E-01 
  8.2530E-01 
  8.5030E-01 
  8.7530E-01 
  0.0000E+00 
  2.0000E-02 
  4.0000E-02 
  6.0000E-02 
  8.0000E-02 
  1.0000E-01 
  1.2000E-01 
  1.4000E-01 
  1.6000E-01 
  1.8000E-01 
  2.0000E-01 
  2.2000E-01 
  2.4000E-01 
  2.6000E-01 
  2.8000E-01 
  3.0000E-01 
  3.2000E-01 
  3.4000E-01 
  3.6000E-01 
  3.8000E-01 
  4.0000E-01 
  4.2000E-01 
  4.4000E-01 
  4.6000E-01 
  4.8000E-01 
  5.0000E-01 
  5.2000E-01 
  5.4000E-01 
  5.6000E-01 
  5.8000E-01 
  6.0000E-01 
  6.2000E-01 
  6.4000E-01 
  6.6000E-01 
  6.8000E-01 
  7.0000E-01 
  7.2000E-01 
  7.4000E-01 
  7.6000E-01 
  7.8000E-01 
  8.0000E-01 
  8.2000E-01 
  8.4000E-01 
  8.6000E-01 
  8.8000E-01 
  9.0000E-01 
  9.2000E-01 
  9.4000E-01 
  9.6000E-01 
  9.8000E-01 
  1.0000E+00 
  8.1156E-01 
 8.1161E-01 
 8.1174E-01 
 8.1196E-01 
 8.1226E-01 
 8.1264E-01 
 8.1308E-01 
 8.1326E-01 
 8.1311E-01 
 8.1276E-01 
 8.1247E-01 
 8.1250E-01 
 8.1270E-01 
 8.1267E-01 
 8.1171E-01 
 8.0899E-01 
 8.0374E-01 
 7.9530E-01 
 7.8323E-01 
 7.6747E-01 
 7.4825E-01 
 7.2599E-01 
 7.0130E-01 
 6.7473E-01 
 6.4680E-01 
 6.1780E-01 
 5.8771E-01 
 5.5654E-01 
 5.2437E-01 
 4.9168E-01 
 4.5903E-01 
 4.2691E-01 
 3.9574E-01 
 3.6590E-01 
 3.3772E-01 
 3.1145E-01 
 2.8699E-01 
 2.6412E-01 
 2.4257E-01 
 2.2211E-01 
 2.0261E-01 
 1.8389E-01 
 1.6588E-01 
 1.4853E-01 
 1.3183E-01 
 1.1577E-01 
 1.0035E-01 
 8.5723E-02 
 7.2009E-02 
 5.9028E-02 
 4.6414E-02 
 8.1912E-01 
 8.1871E-01 
 8.1747E-01 
 8.1542E-01 
 8.1254E-01 
 8.0886E-01 
 8.0436E-01 
 7.9901E-01 
 7.9344E-01 
 7.8887E-01 
 7.8638E-01 
 7.8629E-01 
 7.8822E-01 
 7.9148E-01 
 7.9456E-01 
 7.9565E-01 
 7.9313E-01 
 7.8548E-01 
 7.7144E-01 
 7.5065E-01 
 7.2339E-01 
 6.9163E-01 
 6.5845E-01 
 6.2662E-01 
 5.9884E-01 
 5.7496E-01 
 5.5266E-01 
 5.2966E-01 
 5.0452E-01 
 4.7762E-01 
 4.4964E-01 
 4.2119E-01 
 3.9289E-01 
 3.6533E-01 
 3.3909E-01 
 3.1455E-01 
 2.9160E-01 
 2.7001E-01 
 2.4950E-01 
 2.2989E-01 
 2.1108E-01 
 1.9300E-01 
 1.7560E-01 
 1.5887E-01 
 1.4281E-01 
 1.2737E-01 
 1.1257E-01 
 9.8548E-02 
 8.5434E-02 
 7.3032E-02 
 6.0987E-02 
 8.0269E-01 
 8.0229E-01 
 8.0110E-01 
 7.9912E-01 
 7.9636E-01 
 7.9281E-01 
 7.8849E-01 
 7.8339E-01 
 7.7808E-01 
 7.7376E-01 
 7.7167E-01 
 7.7261E-01 
 7.7572E-01 
 7.7975E-01 
 7.8340E-01 
 7.8542E-01 
 7.8465E-01 
 7.7985E-01 
 7.6952E-01 
 7.5266E-01 
 7.2887E-01 
 6.9975E-01 
 6.6828E-01 
 6.3703E-01 
 6.0891E-01 
 5.8421E-01 
 5.6098E-01 
 5.3715E-01 
 5.1148E-01 
 4.8428E-01 
 4.5613E-01 
 4.2757E-01 
 3.9910E-01 
 3.7126E-01 
 3.4454E-01 
 3.1929E-01 
 2.9547E-01 
 2.7296E-01 
 2.5157E-01 
 2.3120E-01 
 2.1173E-01 
 1.9308E-01 
 1.7518E-01 
 1.5801E-01 
 1.4154E-01 
 1.2573E-01 
 1.1058E-01 
 9.6225E-02 
 8.2801E-02 
 7.0106E-02 
 5.7776E-02 
 8.2949E-01 
 8.2937E-01 
 8.2900E-01 
 8.2838E-01 
 8.2753E-01 
 8.2643E-01 
 8.2510E-01 
 8.2352E-01 
 8.2177E-01 
 8.2001E-01 
 8.1838E-01 
 8.1690E-01 
 8.1502E-01 
 8.1210E-01 
 8.0741E-01 
 8.0023E-01 
 7.8994E-01 
 7.7597E-01 
 7.5791E-01 
 7.3561E-01 
 7.0923E-01 
 6.7998E-01 
 6.4965E-01 
 6.1982E-01 
 5.9202E-01 
 5.6624E-01 
 5.4147E-01 
 5.1672E-01 
 4.9141E-01 
 4.6567E-01 
 4.3976E-01 
 4.1387E-01 
 3.8825E-01 
 3.6317E-01 
 3.3890E-01 
 3.1559E-01 
 2.9324E-01 
 2.7178E-01 
 2.5113E-01 
 2.3124E-01 
 2.1208E-01 
 1.9361E-01 
 1.7582E-01 
 1.5870E-01 
 1.4226E-01 
 1.2646E-01 
 1.1132E-01 
 9.6967E-02 
 8.3542E-02 
 7.0840E-02 
 5.8500E-02 
 8.4407E-01 
 8.4401E-01 
 8.4386E-01 
 8.4359E-01 
 8.4323E-01 
 8.4275E-01 
 8.4216E-01 
 8.4135E-01 
 8.4025E-01 
 8.3886E-01 
 8.3720E-01 
 8.3514E-01 
 8.3228E-01 
 8.2808E-01 
 8.2191E-01 
 8.1313E-01 
 8.0120E-01 
 7.8569E-01 
 7.6644E-01 
 7.4354E-01 
 7.1732E-01 
 6.8892E-01 
 6.5990E-01 
 6.3162E-01 
 6.0519E-01 
 5.8024E-01 
 5.5559E-01 
 5.3023E-01 
 5.0363E-01 
 4.7615E-01 
 4.4825E-01 
 4.2029E-01 
 3.9264E-01 
 3.6564E-01 
 3.3957E-01 
 3.1464E-01 
 2.9079E-01 
 2.6793E-01 
 2.4596E-01 
 2.2482E-01 
 2.0444E-01 
 1.8479E-01 
 1.6584E-01 
 1.4760E-01 
 1.3006E-01 
 1.1321E-01 
 9.7052E-02 
 8.1746E-02 
 6.7425E-02 
 5.3876E-02 
 4.0713E-02 
 8.6978E-01 
 8.6976E-01 
 8.6968E-01 
 8.6955E-01 
 8.6936E-01 
 8.6913E-01 
 8.6881E-01 
 8.6824E-01 
 8.6733E-01 
 8.6609E-01 
 8.6451E-01 
 8.6236E-01 
 8.5904E-01 
 8.5389E-01 
 8.4624E-01 
 8.3546E-01 
 8.2099E-01 
 8.0254E-01 
 7.8028E-01 
 7.5464E-01 
 7.2623E-01 
 6.9610E-01 
 6.6545E-01 
 6.3536E-01 
 6.0666E-01 
 5.7917E-01 
 5.5223E-01 
 5.2527E-01 
 4.9802E-01 
 4.7068E-01 
 4.4345E-01 
 4.1654E-01 
 3.9014E-01 
 3.6448E-01 
 3.3975E-01 
 3.1605E-01 
 2.9329E-01 
 2.7137E-01 
 2.5018E-01 
 2.2969E-01 
 2.0984E-01 
 1.9063E-01 
 1.7206E-01 
 1.5415E-01 
 1.3692E-01 
 1.2035E-01 
 1.0447E-01 
 8.9469E-02 
 7.5481E-02 
 6.2284E-02 
 4.9482E-02 
 8.5079E-01 
 8.5085E-01 
 8.5104E-01 
 8.5136E-01 
 8.5180E-01 
 8.5236E-01 
 8.5299E-01 
 8.5342E-01 
 8.5361E-01 
 8.5371E-01 
 8.5378E-01 
 8.5352E-01 
 8.5231E-01 
 8.4945E-01 
 8.4422E-01 
 8.3590E-01 
 8.2387E-01 
 8.0769E-01 
 7.8730E-01 
 7.6287E-01 
 7.3479E-01 
 7.0424E-01 
 6.7274E-01 
 6.4163E-01 
 6.1201E-01 
 5.8380E-01 
 5.5626E-01 
 5.2871E-01 
 5.0082E-01 
 4.7281E-01 
 4.4491E-01 
 4.1734E-01 
 3.9034E-01 
 3.6416E-01 
 3.3905E-01 
 3.1509E-01 
 2.9217E-01 
 2.7014E-01 
 2.4885E-01 
 2.2824E-01 
 2.0827E-01 
 1.8889E-01 
 1.7012E-01 
 1.5199E-01 
 1.3453E-01 
 1.1772E-01 
 1.0161E-01 
 8.6390E-02 
 7.2198E-02 
 5.8808E-02 
 4.5820E-02 
 8.3753E-01 
 8.3757E-01 
 8.3768E-01 
 8.3786E-01 
 8.3810E-01 
 8.3840E-01 
 8.3857E-01 
 8.3780E-01 
 8.3641E-01 
 8.3557E-01 
 8.3611E-01 
 8.3793E-01 
 8.3996E-01 
 8.4090E-01 
 8.3915E-01 
 8.3314E-01 
 8.2151E-01 
 8.0344E-01 
 7.7895E-01 
 7.4830E-01 
 7.1245E-01 
 6.7434E-01 
 6.3758E-01 
 6.0523E-01 
 5.7970E-01 
 5.5938E-01 
 5.4109E-01 
 5.2207E-01 
 5.0088E-01 
 4.7783E-01 
 4.5321E-01 
 4.2739E-01 
 4.0097E-01 
 3.7474E-01 
 3.4935E-01 
 3.2517E-01 
 3.0208E-01 
 2.7992E-01 
 2.5853E-01 
 2.3783E-01 
 2.1778E-01 
 1.9835E-01 
 1.7954E-01 
 1.6139E-01 
 1.4390E-01 
 1.2707E-01 
 1.1095E-01 
 9.5702E-02 
 8.1479E-02 
 6.8041E-02 
 5.4995E-02 
 8.3296E-01 
 8.3267E-01 
 8.3179E-01 
 8.3033E-01 
 8.2827E-01 
 8.2564E-01 
 8.2235E-01 
 8.1799E-01 
 8.1327E-01 
 8.0964E-01 
 8.0847E-01 
 8.1034E-01 
 8.1394E-01 
 8.1757E-01 
 8.1931E-01 
 8.1733E-01 
 8.1003E-01 
 7.9639E-01 
 7.7639E-01 
 7.5068E-01 
 7.2053E-01 
 6.8812E-01 
 6.5580E-01 
 6.2562E-01 
 5.9917E-01 
 5.7545E-01 
 5.5245E-01 
 5.2847E-01 
 5.0282E-01 
 4.7597E-01 
 4.4837E-01 
 4.2043E-01 
 3.9268E-01 
 3.6567E-01 
 3.3987E-01 
 3.1546E-01 
 2.9233E-01 
 2.7032E-01 
 2.4932E-01 
 2.2925E-01 
 2.1005E-01 
 1.9167E-01 
 1.7409E-01 
 1.5729E-01 
 1.4122E-01 
 1.2581E-01 
 1.1108E-01 
 9.7171E-02 
 8.4188E-02 
 7.1918E-02 
 6.0006E-02 
 7.9826E-01 
 7.9819E-01 
 7.9799E-01 
 7.9765E-01 
 7.9716E-01 
 7.9654E-01 
 7.9557E-01 
 7.9355E-01 
 7.9100E-01 
 7.8922E-01 
 7.8930E-01 
 7.9183E-01 
 7.9646E-01 
 8.0228E-01 
 8.0756E-01 
 8.1063E-01 
 8.1005E-01 
 8.0495E-01 
 7.9530E-01 
 7.8153E-01 
 7.6435E-01 
 7.4449E-01 
 7.2268E-01 
 6.9957E-01 
 6.7536E-01 
 6.4933E-01 
 6.2061E-01 
 5.8870E-01 
 5.5402E-01 
 5.1790E-01 
 4.8145E-01 
 4.4563E-01 
 4.1128E-01 
 3.7913E-01 
 3.4965E-01 
 3.2290E-01 
 2.9837E-01 
 2.7562E-01 
 2.5434E-01 
 2.3432E-01 
 2.1541E-01 
 1.9751E-01 
 1.8056E-01 
 1.6447E-01 
 1.4919E-01 
 1.3461E-01 
 1.2072E-01 
 1.0767E-01 
 9.5542E-02 
 8.4116E-02 
 7.3040E-02 
 8.0678E-01 
 8.0665E-01 
 8.0623E-01 
 8.0554E-01 
 8.0457E-01 
 8.0334E-01 
 8.0181E-01 
 7.9998E-01 
 7.9837E-01 
 7.9776E-01 
 7.9880E-01 
 8.0175E-01 
 8.0628E-01 
 8.1165E-01 
 8.1638E-01 
 8.1901E-01 
 8.1824E-01 
 8.1296E-01 
 8.0276E-01 
 7.8810E-01 
 7.6975E-01 
 7.4852E-01 
 7.2520E-01 
 7.0049E-01 
 6.7461E-01 
 6.4698E-01 
 6.1688E-01 
 5.8398E-01 
 5.4871E-01 
 5.1232E-01 
 4.7584E-01 
 4.4015E-01 
 4.0593E-01 
 3.7373E-01 
 3.4392E-01 
 3.1655E-01 
 2.9126E-01 
 2.6775E-01 
 2.4577E-01 
 2.2513E-01 
 2.0569E-01 
 1.8732E-01 
 1.6993E-01 
 1.5345E-01 
 1.3779E-01 
 1.2286E-01 
 1.0866E-01 
 9.5331E-02 
 8.2957E-02 
 7.1305E-02 
 6.0014E-02 
 8.0576E-01 
 8.0549E-01 
 8.0467E-01 
 8.0331E-01 
 8.0142E-01 
 7.9900E-01 
 7.9614E-01 
 7.9313E-01 
 7.9058E-01 
 7.8919E-01 
 7.8936E-01 
 7.9106E-01 
 7.9417E-01 
 7.9827E-01 
 8.0233E-01 
 8.0536E-01 
 8.0641E-01 
 8.0452E-01 
 7.9906E-01 
 7.9014E-01 
 7.7804E-01 
 7.6309E-01 
 7.4567E-01 
 7.2609E-01 
 7.0429E-01 
 6.7965E-01 
 6.5145E-01 
 6.1938E-01 
 5.8400E-01 
 5.4683E-01 
 5.0919E-01 
 4.7208E-01 
 4.3621E-01 
 4.0207E-01 
 3.7002E-01 
 3.4019E-01 
 3.1236E-01 
 2.8630E-01 
 2.6184E-01 
 2.3882E-01 
 2.1712E-01 
 1.9660E-01 
 1.7717E-01 
 1.5877E-01 
 1.4131E-01 
 1.2467E-01 
 1.0887E-01 
 9.4052E-02 
 8.0339E-02 
 6.7452E-02 
 5.4978E-02 
 8.1311E-01 
 8.1307E-01 
 8.1298E-01 
 8.1282E-01 
 8.1259E-01 
 8.1230E-01 
 8.1185E-01 
 8.1103E-01 
 8.0997E-01 
 8.0901E-01 
 8.0843E-01 
 8.0845E-01 
 8.0906E-01 
 8.0992E-01 
 8.1008E-01 
 8.0863E-01 
 8.0476E-01 
 7.9779E-01 
 7.8722E-01 
 7.7279E-01 
 7.5463E-01 
 7.3329E-01 
 7.0944E-01 
 6.8367E-01 
 6.5635E-01 
 6.2762E-01 
 5.9753E-01 
 5.6624E-01 
 5.3413E-01 
 5.0175E-01 
 4.6958E-01 
 4.3799E-01 
 4.0731E-01 
 3.7779E-01 
 3.4960E-01 
 3.2281E-01 
 2.9734E-01 
 2.7310E-01 
 2.5003E-01 
 2.2805E-01 
 2.0711E-01 
 1.8713E-01 
 1.6809E-01 
 1.4995E-01 
 1.3267E-01 
 1.1615E-01 
 1.0041E-01 
 8.5639E-02 
 7.1959E-02 
 5.9100E-02 
 4.6651E-02 
 7.8760E-01 
 7.8757E-01 
 7.8745E-01 
 7.8726E-01 
 7.8700E-01 
 7.8665E-01 
 7.8618E-01 
 7.8548E-01 
 7.8474E-01 
 7.8423E-01 
 7.8412E-01 
 7.8439E-01 
 7.8475E-01 
 7.8473E-01 
 7.8370E-01 
 7.8107E-01 
 7.7630E-01 
 7.6894E-01 
 7.5855E-01 
 7.4487E-01 
 7.2798E-01 
 7.0840E-01 
 6.8670E-01 
 6.6340E-01 
 6.3878E-01 
 6.1285E-01 
 5.8562E-01 
 5.5721E-01 
 5.2794E-01 
 4.9824E-01 
 4.6847E-01 
 4.3895E-01 
 4.0994E-01 
 3.8170E-01 
 3.5438E-01 
 3.2805E-01 
 3.0267E-01 
 2.7823E-01 
 2.5468E-01 
 2.3203E-01 
 2.1027E-01 
 1.8938E-01 
 1.6938E-01 
 1.5028E-01 
 1.3204E-01 
 1.1459E-01 
 9.7975E-02 
 8.2372E-02 
 6.7909E-02 
 5.4298E-02 
 4.1114E-02 
 7.8223E-01 
 7.8218E-01 
 7.8204E-01 
 7.8179E-01 
 7.8144E-01 
 7.8100E-01 
 7.8039E-01 
 7.7951E-01 
 7.7857E-01 
 7.7788E-01 
 7.7773E-01 
 7.7822E-01 
 7.7918E-01 
 7.8013E-01 
 7.8032E-01 
 7.7905E-01 
 7.7569E-01 
 7.6974E-01 
 7.6077E-01 
 7.4848E-01 
 7.3292E-01 
 7.1454E-01 
 6.9388E-01 
 6.7139E-01 
 6.4727E-01 
 6.2143E-01 
 5.9374E-01 
 5.6431E-01 
 5.3358E-01 
 5.0214E-01 
 4.7051E-01 
 4.3912E-01 
 4.0833E-01 
 3.7843E-01 
 3.4964E-01 
 3.2205E-01 
 2.9562E-01 
 2.7032E-01 
 2.4614E-01 
 2.2305E-01 
 2.0105E-01 
 1.8011E-01 
 1.6024E-01 
 1.4145E-01 
 1.2368E-01 
 1.0685E-01 
 9.0949E-02 
 7.6085E-02 
 6.2318E-02 
 4.9361E-02 
 3.6808E-02 
 7.8086E-01 
 7.8089E-01 
 7.8097E-01 
 7.8110E-01 
 7.8129E-01 
 7.8152E-01 
 7.8168E-01 
 7.8160E-01 
 7.8148E-01 
 7.8165E-01 
 7.8241E-01 
 7.8384E-01 
 7.8567E-01 
 7.8733E-01 
 7.8801E-01 
 7.8696E-01 
 7.8350E-01 
 7.7715E-01 
 7.6754E-01 
 7.5443E-01 
 7.3797E-01 
 7.1871E-01 
 6.9726E-01 
 6.7411E-01 
 6.4942E-01 
 6.2299E-01 
 5.9465E-01 
 5.6449E-01 
 5.3299E-01 
 5.0082E-01 
 4.6852E-01 
 4.3655E-01 
 4.0529E-01 
 3.7507E-01 
 3.4610E-01 
 3.1843E-01 
 2.9201E-01 
 2.6680E-01 
 2.4277E-01 
 2.1988E-01 
 1.9811E-01 
 1.7743E-01 
 1.5785E-01 
 1.3936E-01 
 1.2191E-01 
 1.0539E-01 
 8.9807E-02 
 7.5300E-02 
 6.1923E-02 
 4.9366E-02 
 3.7221E-02 
 7.9288E-01 
 7.9297E-01 
 7.9325E-01 
 7.9372E-01 
 7.9436E-01 
 7.9519E-01 
 7.9608E-01 
 7.9685E-01 
 7.9754E-01 
 7.9822E-01 
 7.9902E-01 
 7.9991E-01 
 8.0063E-01 
 8.0077E-01 
 7.9967E-01 
 7.9677E-01 
 7.9157E-01 
 7.8363E-01 
 7.7269E-01 
 7.5866E-01 
 7.4165E-01 
 7.2196E-01 
 6.9990E-01 
 6.7575E-01 
 6.4966E-01 
 6.2163E-01 
 5.9165E-01 
 5.5993E-01 
 5.2702E-01 
 4.9365E-01 
 4.6041E-01 
 4.2778E-01 
 3.9620E-01 
 3.6600E-01 
 3.3741E-01 
 3.1044E-01 
 2.8494E-01 
 2.6081E-01 
 2.3795E-01 
 2.1627E-01 
 1.9570E-01 
 1.7616E-01 
 1.5762E-01 
 1.4004E-01 
 1.2335E-01 
 1.0746E-01 
 9.2389E-02 
 7.8316E-02 
 6.5332E-02 
 5.3145E-02 
 4.1357E-02 
 8.0829E-01 
 8.0829E-01 
 8.0830E-01 
 8.0830E-01 
 8.0830E-01 
 8.0829E-01 
 8.0794E-01 
 8.0686E-01 
 8.0532E-01 
 8.0377E-01 
 8.0272E-01 
 8.0240E-01 
 8.0266E-01 
 8.0287E-01 
 8.0198E-01 
 7.9907E-01 
 7.9336E-01 
 7.8442E-01 
 7.7233E-01 
 7.5757E-01 
 7.4055E-01 
 7.2151E-01 
 7.0068E-01 
 6.7824E-01 
 6.5400E-01 
 6.2743E-01 
 5.9806E-01 
 5.6596E-01 
 5.3191E-01 
 4.9702E-01 
 4.6216E-01 
 4.2801E-01 
 3.9511E-01 
 3.6385E-01 
 3.3448E-01 
 3.0697E-01 
 2.8111E-01 
 2.5676E-01 
 2.3378E-01 
 2.1207E-01 
 1.9154E-01 
 1.7213E-01 
 1.5379E-01 
 1.3649E-01 
 1.2014E-01 
 1.0463E-01 
 8.9992E-02 
 7.6373E-02 
 6.3843E-02 
 5.2099E-02 
 4.0748E-02 
 7.8875E-01 
 7.8867E-01 
 7.8843E-01 
 7.8803E-01 
 7.8747E-01 
 7.8675E-01 
 7.8567E-01 
 7.8405E-01 
 7.8218E-01 
 7.8050E-01 
 7.7965E-01 
 7.8004E-01 
 7.8156E-01 
 7.8362E-01 
 7.8517E-01 
 7.8529E-01 
 7.8313E-01 
 7.7804E-01 
 7.6970E-01 
 7.5801E-01 
 7.4316E-01 
 7.2549E-01 
 7.0538E-01 
 6.8313E-01 
 6.5876E-01 
 6.3203E-01 
 6.0269E-01 
 5.7090E-01 
 5.3737E-01 
 5.0304E-01 
 4.6866E-01 
 4.3486E-01 
 4.0215E-01 
 3.7093E-01 
 3.4145E-01 
 3.1370E-01 
 2.8751E-01 
 2.6276E-01 
 2.3934E-01 
 2.1716E-01 
 1.9615E-01 
 1.7627E-01 
 1.5747E-01 
 1.3974E-01 
 1.2300E-01 
 1.0712E-01 
 9.2143E-02 
 7.8212E-02 
 6.5394E-02 
 5.3379E-02 
 4.1765E-02 
 8.1473E-01 
 8.1468E-01 
 8.1454E-01 
 8.1431E-01 
 8.1398E-01 
 8.1356E-01 
 8.1303E-01 
 8.1242E-01 
 8.1187E-01 
 8.1155E-01 
 8.1150E-01 
 8.1157E-01 
 8.1146E-01 
 8.1064E-01 
 8.0848E-01 
 8.0439E-01 
 7.9789E-01 
 7.8860E-01 
 7.7641E-01 
 7.6139E-01 
 7.4373E-01 
 7.2366E-01 
 7.0143E-01 
 6.7724E-01 
 6.5122E-01 
 6.2337E-01 
 5.9373E-01 
 5.6254E-01 
 5.3033E-01 
 4.9770E-01 
 4.6516E-01 
 4.3310E-01 
 4.0186E-01 
 3.7169E-01 
 3.4278E-01 
 3.1513E-01 
 2.8870E-01 
 2.6345E-01 
 2.3936E-01 
 2.1638E-01 
 1.9448E-01 
 1.7363E-01 
 1.5383E-01 
 1.3505E-01 
 1.1724E-01 
 1.0029E-01 
 8.4266E-02 
 6.9369E-02 
 5.5674E-02 
 4.2837E-02 
 3.0431E-02 
 8.2719E-01 
 8.2688E-01 
 8.2596E-01 
 8.2443E-01 
 8.2230E-01 
 8.1958E-01 
 8.1638E-01 
 8.1294E-01 
 8.0971E-01 
 8.0721E-01 
 8.0625E-01 
 8.0696E-01 
 8.0872E-01 
 8.1064E-01 
 8.1161E-01 
 8.1062E-01 
 8.0679E-01 
 7.9935E-01 
 7.8801E-01 
 7.7294E-01 
 7.5455E-01 
 7.3342E-01 
 7.1014E-01 
 6.8515E-01 
 6.5848E-01 
 6.2974E-01 
 5.9863E-01 
 5.6520E-01 
 5.3021E-01 
 4.9464E-01 
 4.5926E-01 
 4.2469E-01 
 3.9145E-01 
 3.5992E-01 
 3.3037E-01 
 3.0272E-01 
 2.7679E-01 
 2.5242E-01 
 2.2949E-01 
 2.0787E-01 
 1.8751E-01 
 1.6832E-01 
 1.5028E-01 
 1.3335E-01 
 1.1744E-01 
 1.0241E-01 
 8.8284E-02 
 7.5189E-02 
 6.3153E-02 
 5.1871E-02 
 4.0964E-02 
 8.2204E-01 
 8.2170E-01 
 8.2067E-01 
 8.1895E-01 
 8.1657E-01 
 8.1353E-01 
 8.0997E-01 
 8.0626E-01 
 8.0306E-01 
 8.0111E-01 
 8.0127E-01 
 8.0345E-01 
 8.0675E-01 
 8.0997E-01 
 8.1174E-01 
 8.1081E-01 
 8.0611E-01 
 7.9683E-01 
 7.8322E-01 
 7.6627E-01 
 7.4678E-01 
 7.2526E-01 
 7.0220E-01 
 6.7792E-01 
 6.5224E-01 
 6.2454E-01 
 5.9436E-01 
 5.6168E-01 
 5.2732E-01 
 4.9230E-01 
 4.5743E-01 
 4.2336E-01 
 3.9059E-01 
 3.5949E-01 
 3.3033E-01 
 3.0301E-01 
 2.7736E-01 
 2.5322E-01 
 2.3047E-01 
 2.0901E-01 
 1.8876E-01 
 1.6968E-01 
 1.5173E-01 
 1.3487E-01 
 1.1900E-01 
 1.0401E-01 
 8.9925E-02 
 7.6886E-02 
 6.4924E-02 
 5.3724E-02 
 4.2905E-02 
 8.3498E-01 
 8.3491E-01 
 8.3470E-01 
 8.3434E-01 
 8.3385E-01 
 8.3322E-01 
 8.3249E-01 
 8.3168E-01 
 8.3079E-01 
 8.2979E-01 
 8.2862E-01 
 8.2701E-01 
 8.2459E-01 
 8.2090E-01 
 8.1544E-01 
 8.0776E-01 
 7.9751E-01 
 7.8446E-01 
 7.6865E-01 
 7.5032E-01 
 7.2977E-01 
 7.0731E-01 
 6.8322E-01 
 6.5776E-01 
 6.3112E-01 
 6.0342E-01 
 5.7477E-01 
 5.4539E-01 
 5.1558E-01 
 4.8570E-01 
 4.5601E-01 
 4.2677E-01 
 3.9817E-01 
 3.7037E-01 
 3.4350E-01 
 3.1759E-01 
 2.9264E-01 
 2.6866E-01 
 2.4564E-01 
 2.2358E-01 
 2.0246E-01 
 1.8226E-01 
 1.6299E-01 
 1.4465E-01 
 1.2716E-01 
 1.1047E-01 
 9.4665E-02 
 7.9981E-02 
 6.6507E-02 
 5.3896E-02 
 4.1715E-02 
 7.9117E-01 
 7.9119E-01 
 7.9127E-01 
 7.9140E-01 
 7.9158E-01 
 7.9181E-01 
 7.9207E-01 
 7.9236E-01 
 7.9266E-01 
 7.9292E-01 
 7.9304E-01 
 7.9274E-01 
 7.9168E-01 
 7.8939E-01 
 7.8539E-01 
 7.7926E-01 
 7.7069E-01 
 7.5950E-01 
 7.4572E-01 
 7.2947E-01 
 7.1096E-01 
 6.9041E-01 
 6.6803E-01 
 6.4402E-01 
 6.1856E-01 
 5.9178E-01 
 5.6382E-01 
 5.3492E-01 
 5.0542E-01 
 4.7564E-01 
 4.4587E-01 
 4.1637E-01 
 3.8739E-01 
 3.5912E-01 
 3.3175E-01 
 3.0539E-01 
 2.8016E-01 
 2.5614E-01 
 2.3339E-01 
 2.1194E-01 
 1.9182E-01 
 1.7304E-01 
 1.5563E-01 
 1.3957E-01 
 1.2478E-01 
 1.1118E-01 
 9.8800E-02 
 8.7773E-02 
 7.8072E-02 
 6.9294E-02 
 6.0978E-02 


!ti from confinement nodes [keV]
POINTS 51 GRIDTYPE 14 NAMEXP TI NTIMES 24 
 3.0030E-01 
  3.2530E-01 
  3.5030E-01 
  3.7530E-01 
  4.0030E-01 
  4.2530E-01 
  4.5030E-01 
  4.7530E-01 
  5.0030E-01 
  5.2530E-01 
  5.5030E-01 
  5.7530E-01 
  6.0030E-01 
  6.2530E-01 
  6.5030E-01 
  6.7530E-01 
  7.0030E-01 
  7.2530E-01 
  7.5030E-01 
  7.7530E-01 
  8.0030E-01 
  8.2530E-01 
  8.5030E-01 
  8.7530E-01 
  0.0000E+00 
  2.0000E-02 
  4.0000E-02 
  6.0000E-02 
  8.0000E-02 
  1.0000E-01 
  1.2000E-01 
  1.4000E-01 
  1.6000E-01 
  1.8000E-01 
  2.0000E-01 
  2.2000E-01 
  2.4000E-01 
  2.6000E-01 
  2.8000E-01 
  3.0000E-01 
  3.2000E-01 
  3.4000E-01 
  3.6000E-01 
  3.8000E-01 
  4.0000E-01 
  4.2000E-01 
  4.4000E-01 
  4.6000E-01 
  4.8000E-01 
  5.0000E-01 
  5.2000E-01 
  5.4000E-01 
  5.6000E-01 
  5.8000E-01 
  6.0000E-01 
  6.2000E-01 
  6.4000E-01 
  6.6000E-01 
  6.8000E-01 
  7.0000E-01 
  7.2000E-01 
  7.4000E-01 
  7.6000E-01 
  7.8000E-01 
  8.0000E-01 
  8.2000E-01 
  8.4000E-01 
  8.6000E-01 
  8.8000E-01 
  9.0000E-01 
  9.2000E-01 
  9.4000E-01 
  9.6000E-01 
  9.8000E-01 
  1.0000E+00 
  5.0841E-01 
 5.0843E-01 
 5.0852E-01 
 5.0866E-01 
 5.0884E-01 
 5.0908E-01 
 5.0936E-01 
 5.0947E-01 
 5.0937E-01 
 5.0916E-01 
 5.0898E-01 
 5.0900E-01 
 5.0912E-01 
 5.0910E-01 
 5.0850E-01 
 5.0680E-01 
 5.0351E-01 
 4.9822E-01 
 4.9066E-01 
 4.8078E-01 
 4.6874E-01 
 4.5480E-01 
 4.3933E-01 
 4.2269E-01 
 4.0519E-01 
 3.8702E-01 
 3.6818E-01 
 3.4865E-01 
 3.2849E-01 
 3.0802E-01 
 2.8756E-01 
 2.6744E-01 
 2.4791E-01 
 2.2922E-01 
 2.1156E-01 
 1.9511E-01 
 1.7979E-01 
 1.6546E-01 
 1.5196E-01 
 1.3914E-01 
 1.2692E-01 
 1.1520E-01 
 1.0391E-01 
 9.3047E-02 
 8.2588E-02 
 7.2525E-02 
 6.2867E-02 
 5.3701E-02 
 4.5110E-02 
 3.6978E-02 
 2.9076E-02 
 5.1176E-01 
 5.1150E-01 
 5.1073E-01 
 5.0945E-01 
 5.0765E-01 
 5.0535E-01 
 5.0254E-01 
 4.9920E-01 
 4.9571E-01 
 4.9287E-01 
 4.9131E-01 
 4.9125E-01 
 4.9246E-01 
 4.9450E-01 
 4.9642E-01 
 4.9710E-01 
 4.9553E-01 
 4.9074E-01 
 4.8197E-01 
 4.6898E-01 
 4.5196E-01 
 4.3211E-01 
 4.1138E-01 
 3.9149E-01 
 3.7414E-01 
 3.5922E-01 
 3.4529E-01 
 3.3092E-01 
 3.1521E-01 
 2.9840E-01 
 2.8092E-01 
 2.6315E-01 
 2.4546E-01 
 2.2825E-01 
 2.1185E-01 
 1.9652E-01 
 1.8218E-01 
 1.6870E-01 
 1.5588E-01 
 1.4363E-01 
 1.3188E-01 
 1.2058E-01 
 1.0971E-01 
 9.9260E-02 
 8.9223E-02 
 7.9577E-02 
 7.0330E-02 
 6.1570E-02 
 5.3376E-02 
 4.5628E-02 
 3.8103E-02 
 4.9530E-01 
 4.9506E-01 
 4.9432E-01 
 4.9310E-01 
 4.9139E-01 
 4.8920E-01 
 4.8654E-01 
 4.8339E-01 
 4.8011E-01 
 4.7745E-01 
 4.7616E-01 
 4.7674E-01 
 4.7866E-01 
 4.8115E-01 
 4.8340E-01 
 4.8464E-01 
 4.8417E-01 
 4.8121E-01 
 4.7484E-01 
 4.6443E-01 
 4.4975E-01 
 4.3178E-01 
 4.1236E-01 
 3.9308E-01 
 3.7573E-01 
 3.6049E-01 
 3.4615E-01 
 3.3145E-01 
 3.1561E-01 
 2.9882E-01 
 2.8146E-01 
 2.6383E-01 
 2.4626E-01 
 2.2909E-01 
 2.1260E-01 
 1.9702E-01 
 1.8232E-01 
 1.6843E-01 
 1.5523E-01 
 1.4266E-01 
 1.3065E-01 
 1.1914E-01 
 1.0810E-01 
 9.7501E-02 
 8.7339E-02 
 7.7581E-02 
 6.8231E-02 
 5.9376E-02 
 5.1092E-02 
 4.3259E-02 
 3.5651E-02 
 5.1800E-01 
 5.1792E-01 
 5.1769E-01 
 5.1731E-01 
 5.1678E-01 
 5.1609E-01 
 5.1526E-01 
 5.1427E-01 
 5.1318E-01 
 5.1208E-01 
 5.1106E-01 
 5.1014E-01 
 5.0897E-01 
 5.0714E-01 
 5.0421E-01 
 4.9973E-01 
 4.9330E-01 
 4.8458E-01 
 4.7330E-01 
 4.5937E-01 
 4.4290E-01 
 4.2463E-01 
 4.0569E-01 
 3.8707E-01 
 3.6971E-01 
 3.5361E-01 
 3.3814E-01 
 3.2268E-01 
 3.0687E-01 
 2.9080E-01 
 2.7462E-01 
 2.5845E-01 
 2.4245E-01 
 2.2680E-01 
 2.1164E-01 
 1.9708E-01 
 1.8312E-01 
 1.6972E-01 
 1.5682E-01 
 1.4441E-01 
 1.3244E-01 
 1.2091E-01 
 1.0979E-01 
 9.9108E-02 
 8.8842E-02 
 7.8974E-02 
 6.9515E-02 
 6.0554E-02 
 5.2170E-02 
 4.4238E-02 
 3.6532E-02 
 5.2565E-01 
 5.2562E-01 
 5.2552E-01 
 5.2536E-01 
 5.2513E-01 
 5.2484E-01 
 5.2447E-01 
 5.2396E-01 
 5.2328E-01 
 5.2241E-01 
 5.2138E-01 
 5.2010E-01 
 5.1831E-01 
 5.1570E-01 
 5.1185E-01 
 5.0639E-01 
 4.9896E-01 
 4.8930E-01 
 4.7731E-01 
 4.6305E-01 
 4.4672E-01 
 4.2904E-01 
 4.1096E-01 
 3.9335E-01 
 3.7689E-01 
 3.6135E-01 
 3.4600E-01 
 3.3021E-01 
 3.1364E-01 
 2.9653E-01 
 2.7915E-01 
 2.6174E-01 
 2.4452E-01 
 2.2771E-01 
 2.1147E-01 
 1.9594E-01 
 1.8109E-01 
 1.6686E-01 
 1.5318E-01 
 1.4001E-01 
 1.2732E-01 
 1.1508E-01 
 1.0328E-01 
 9.1917E-02 
 8.0999E-02 
 7.0503E-02 
 6.0440E-02 
 5.0908E-02 
 4.1990E-02 
 3.3552E-02 
 2.5355E-02 
 5.4710E-01 
 5.4708E-01 
 5.4704E-01 
 5.4695E-01 
 5.4684E-01 
 5.4669E-01 
 5.4649E-01 
 5.4613E-01 
 5.4556E-01 
 5.4478E-01 
 5.4378E-01 
 5.4243E-01 
 5.4034E-01 
 5.3710E-01 
 5.3229E-01 
 5.2551E-01 
 5.1641E-01 
 5.0480E-01 
 4.9080E-01 
 4.7468E-01 
 4.5680E-01 
 4.3785E-01 
 4.1857E-01 
 3.9965E-01 
 3.8159E-01 
 3.6431E-01 
 3.4736E-01 
 3.3040E-01 
 3.1326E-01 
 2.9606E-01 
 2.7893E-01 
 2.6200E-01 
 2.4540E-01 
 2.2926E-01 
 2.1370E-01 
 1.9880E-01 
 1.8448E-01 
 1.7069E-01 
 1.5737E-01 
 1.4447E-01 
 1.3199E-01 
 1.1991E-01 
 1.0823E-01 
 9.6962E-02 
 8.6125E-02 
 7.5701E-02 
 6.5715E-02 
 5.6277E-02 
 4.7478E-02 
 3.9177E-02 
 3.1124E-02 
 5.3206E-01 
 5.3210E-01 
 5.3222E-01 
 5.3242E-01 
 5.3270E-01 
 5.3305E-01 
 5.3344E-01 
 5.3371E-01 
 5.3383E-01 
 5.3389E-01 
 5.3394E-01 
 5.3378E-01 
 5.3302E-01 
 5.3123E-01 
 5.2796E-01 
 5.2276E-01 
 5.1523E-01 
 5.0511E-01 
 4.9236E-01 
 4.7708E-01 
 4.5952E-01 
 4.4042E-01 
 4.2072E-01 
 4.0126E-01 
 3.8274E-01 
 3.6510E-01 
 3.4788E-01 
 3.3065E-01 
 3.1321E-01 
 2.9569E-01 
 2.7824E-01 
 2.6099E-01 
 2.4411E-01 
 2.2774E-01 
 2.1203E-01 
 1.9705E-01 
 1.8272E-01 
 1.6894E-01 
 1.5563E-01 
 1.4274E-01 
 1.3025E-01 
 1.1813E-01 
 1.0639E-01 
 9.5053E-02 
 8.4132E-02 
 7.3620E-02 
 6.3547E-02 
 5.4026E-02 
 4.5151E-02 
 3.6778E-02 
 2.8655E-02 
 5.1414E-01 
 5.1416E-01 
 5.1423E-01 
 5.1434E-01 
 5.1449E-01 
 5.1467E-01 
 5.1477E-01 
 5.1430E-01 
 5.1345E-01 
 5.1294E-01 
 5.1327E-01 
 5.1438E-01 
 5.1563E-01 
 5.1621E-01 
 5.1513E-01 
 5.1144E-01 
 5.0430E-01 
 4.9321E-01 
 4.7818E-01 
 4.5936E-01 
 4.3735E-01 
 4.1396E-01 
 3.9139E-01 
 3.7154E-01 
 3.5586E-01 
 3.4339E-01 
 3.3216E-01 
 3.2048E-01 
 3.0748E-01 
 2.9333E-01 
 2.7821E-01 
 2.6236E-01 
 2.4615E-01 
 2.3004E-01 
 2.1446E-01 
 1.9961E-01 
 1.8544E-01 
 1.7183E-01 
 1.5870E-01 
 1.4600E-01 
 1.3369E-01 
 1.2176E-01 
 1.1022E-01 
 9.9070E-02 
 8.8336E-02 
 7.8005E-02 
 6.8106E-02 
 5.8749E-02 
 5.0018E-02 
 4.1768E-02 
 3.3760E-02 
 5.0911E-01 
 5.0893E-01 
 5.0839E-01 
 5.0750E-01 
 5.0624E-01 
 5.0464E-01 
 5.0262E-01 
 4.9996E-01 
 4.9707E-01 
 4.9485E-01 
 4.9414E-01 
 4.9528E-01 
 4.9748E-01 
 4.9970E-01 
 5.0076E-01 
 4.9956E-01 
 4.9509E-01 
 4.8676E-01 
 4.7453E-01 
 4.5882E-01 
 4.4039E-01 
 4.2058E-01 
 4.0082E-01 
 3.8238E-01 
 3.6622E-01 
 3.5172E-01 
 3.3766E-01 
 3.2301E-01 
 3.0733E-01 
 2.9092E-01 
 2.7404E-01 
 2.5697E-01 
 2.4001E-01 
 2.2350E-01 
 2.0773E-01 
 1.9281E-01 
 1.7867E-01 
 1.6522E-01 
 1.5238E-01 
 1.4012E-01 
 1.2838E-01 
 1.1715E-01 
 1.0641E-01 
 9.6136E-02 
 8.6313E-02 
 7.6898E-02 
 6.7895E-02 
 5.9391E-02 
 5.1456E-02 
 4.3957E-02 
 3.6676E-02 
 4.8766E-01 
 4.8762E-01 
 4.8750E-01 
 4.8729E-01 
 4.8699E-01 
 4.8661E-01 
 4.8602E-01 
 4.8478E-01 
 4.8323E-01 
 4.8214E-01 
 4.8219E-01 
 4.8373E-01 
 4.8657E-01 
 4.9012E-01 
 4.9334E-01 
 4.9522E-01 
 4.9486E-01 
 4.9175E-01 
 4.8585E-01 
 4.7744E-01 
 4.6695E-01 
 4.5481E-01 
 4.4149E-01 
 4.2737E-01 
 4.1258E-01 
 3.9668E-01 
 3.7913E-01 
 3.5964E-01 
 3.3846E-01 
 3.1639E-01 
 2.9412E-01 
 2.7224E-01 
 2.5126E-01 
 2.3161E-01 
 2.1361E-01 
 1.9726E-01 
 1.8227E-01 
 1.6838E-01 
 1.5538E-01 
 1.4315E-01 
 1.3159E-01 
 1.2066E-01 
 1.1030E-01 
 1.0048E-01 
 9.1141E-02 
 8.2233E-02 
 7.3750E-02 
 6.5775E-02 
 5.8367E-02 
 5.1387E-02 
 4.4621E-02 
 4.9079E-01 
 4.9070E-01 
 4.9045E-01 
 4.9003E-01 
 4.8944E-01 
 4.8869E-01 
 4.8776E-01 
 4.8665E-01 
 4.8567E-01 
 4.8530E-01 
 4.8593E-01 
 4.8772E-01 
 4.9048E-01 
 4.9375E-01 
 4.9662E-01 
 4.9822E-01 
 4.9775E-01 
 4.9455E-01 
 4.8834E-01 
 4.7942E-01 
 4.6826E-01 
 4.5534E-01 
 4.4116E-01 
 4.2613E-01 
 4.1038E-01 
 3.9357E-01 
 3.7527E-01 
 3.5525E-01 
 3.3380E-01 
 3.1165E-01 
 2.8947E-01 
 2.6775E-01 
 2.4694E-01 
 2.2735E-01 
 2.0921E-01 
 1.9256E-01 
 1.7718E-01 
 1.6288E-01 
 1.4951E-01 
 1.3695E-01 
 1.2513E-01 
 1.1395E-01 
 1.0338E-01 
 9.3347E-02 
 8.3820E-02 
 7.4740E-02 
 6.6103E-02 
 5.7992E-02 
 5.0465E-02 
 4.3377E-02 
 3.6508E-02 
 4.9442E-01 
 4.9425E-01 
 4.9375E-01 
 4.9292E-01 
 4.9176E-01 
 4.9027E-01 
 4.8851E-01 
 4.8667E-01 
 4.8510E-01 
 4.8425E-01 
 4.8436E-01 
 4.8540E-01 
 4.8731E-01 
 4.8982E-01 
 4.9232E-01 
 4.9417E-01 
 4.9482E-01 
 4.9366E-01 
 4.9031E-01 
 4.8483E-01 
 4.7741E-01 
 4.6824E-01 
 4.5755E-01 
 4.4553E-01 
 4.3216E-01 
 4.1704E-01 
 3.9974E-01 
 3.8006E-01 
 3.5835E-01 
 3.3554E-01 
 3.1245E-01 
 2.8967E-01 
 2.6766E-01 
 2.4671E-01 
 2.2705E-01 
 2.0875E-01 
 1.9166E-01 
 1.7567E-01 
 1.6067E-01 
 1.4654E-01 
 1.3322E-01 
 1.2063E-01 
 1.0871E-01 
 9.7422E-02 
 8.6707E-02 
 7.6501E-02 
 6.6802E-02 
 5.7711E-02 
 4.9297E-02 
 4.1389E-02 
 3.3735E-02 
 4.9630E-01 
 4.9628E-01 
 4.9622E-01 
 4.9612E-01 
 4.9598E-01 
 4.9581E-01 
 4.9553E-01 
 4.9503E-01 
 4.9439E-01 
 4.9380E-01 
 4.9344E-01 
 4.9345E-01 
 4.9383E-01 
 4.9435E-01 
 4.9445E-01 
 4.9357E-01 
 4.9121E-01 
 4.8695E-01 
 4.8050E-01 
 4.7169E-01 
 4.6061E-01 
 4.4758E-01 
 4.3302E-01 
 4.1729E-01 
 4.0062E-01 
 3.8308E-01 
 3.6472E-01 
 3.4562E-01 
 3.2602E-01 
 3.0626E-01 
 2.8662E-01 
 2.6734E-01 
 2.4861E-01 
 2.3059E-01 
 2.1339E-01 
 1.9704E-01 
 1.8149E-01 
 1.6669E-01 
 1.5261E-01 
 1.3920E-01 
 1.2641E-01 
 1.1422E-01 
 1.0260E-01 
 9.1528E-02 
 8.0976E-02 
 7.0892E-02 
 6.1287E-02 
 5.2272E-02 
 4.3922E-02 
 3.6073E-02 
 2.8475E-02 
 4.7920E-01 
 4.7918E-01 
 4.7911E-01 
 4.7899E-01 
 4.7883E-01 
 4.7862E-01 
 4.7833E-01 
 4.7791E-01 
 4.7746E-01 
 4.7715E-01 
 4.7708E-01 
 4.7724E-01 
 4.7746E-01 
 4.7745E-01 
 4.7682E-01 
 4.7522E-01 
 4.7232E-01 
 4.6784E-01 
 4.6152E-01 
 4.5320E-01 
 4.4292E-01 
 4.3101E-01 
 4.1781E-01 
 4.0363E-01 
 3.8865E-01 
 3.7288E-01 
 3.5631E-01 
 3.3902E-01 
 3.2121E-01 
 3.0314E-01 
 2.8503E-01 
 2.6707E-01 
 2.4942E-01 
 2.3223E-01 
 2.1561E-01 
 1.9959E-01 
 1.8416E-01 
 1.6928E-01 
 1.5496E-01 
 1.4118E-01 
 1.2793E-01 
 1.1523E-01 
 1.0305E-01 
 9.1432E-02 
 8.0335E-02 
 6.9722E-02 
 5.9611E-02 
 5.0117E-02 
 4.1318E-02 
 3.3036E-02 
 2.5015E-02 
 4.6568E-01 
 4.6565E-01 
 4.6557E-01 
 4.6542E-01 
 4.6521E-01 
 4.6495E-01 
 4.6459E-01 
 4.6406E-01 
 4.6351E-01 
 4.6310E-01 
 4.6300E-01 
 4.6330E-01 
 4.6387E-01 
 4.6443E-01 
 4.6455E-01 
 4.6379E-01 
 4.6179E-01 
 4.5825E-01 
 4.5291E-01 
 4.4559E-01 
 4.3632E-01 
 4.2539E-01 
 4.1309E-01 
 3.9970E-01 
 3.8534E-01 
 3.6995E-01 
 3.5347E-01 
 3.3595E-01 
 3.1765E-01 
 2.9894E-01 
 2.8011E-01 
 2.6142E-01 
 2.4309E-01 
 2.2529E-01 
 2.0815E-01 
 1.9173E-01 
 1.7599E-01 
 1.6093E-01 
 1.4653E-01 
 1.3279E-01 
 1.1969E-01 
 1.0722E-01 
 9.5395E-02 
 8.4207E-02 
 7.3631E-02 
 6.3612E-02 
 5.4144E-02 
 4.5295E-02 
 3.7100E-02 
 2.9386E-02 
 2.1913E-02 
 4.6557E-01 
 4.6559E-01 
 4.6564E-01 
 4.6572E-01 
 4.6583E-01 
 4.6597E-01 
 4.6606E-01 
 4.6602E-01 
 4.6595E-01 
 4.6604E-01 
 4.6650E-01 
 4.6735E-01 
 4.6844E-01 
 4.6943E-01 
 4.6984E-01 
 4.6921E-01 
 4.6715E-01 
 4.6336E-01 
 4.5764E-01 
 4.4982E-01 
 4.4000E-01 
 4.2852E-01 
 4.1573E-01 
 4.0193E-01 
 3.8720E-01 
 3.7145E-01 
 3.5455E-01 
 3.3657E-01 
 3.1778E-01 
 2.9860E-01 
 2.7935E-01 
 2.6028E-01 
 2.4165E-01 
 2.2363E-01 
 2.0635E-01 
 1.8986E-01 
 1.7411E-01 
 1.5908E-01 
 1.4475E-01 
 1.3110E-01 
 1.1812E-01 
 1.0579E-01 
 9.4113E-02 
 8.3091E-02 
 7.2684E-02 
 6.2835E-02 
 5.3546E-02 
 4.4896E-02 
 3.6920E-02 
 2.9434E-02 
 2.2192E-02 
 4.7294E-01 
 4.7300E-01 
 4.7316E-01 
 4.7344E-01 
 4.7383E-01 
 4.7432E-01 
 4.7485E-01 
 4.7531E-01 
 4.7572E-01 
 4.7613E-01 
 4.7660E-01 
 4.7713E-01 
 4.7757E-01 
 4.7764E-01 
 4.7699E-01 
 4.7526E-01 
 4.7216E-01 
 4.6742E-01 
 4.6090E-01 
 4.5253E-01 
 4.4239E-01 
 4.3064E-01 
 4.1748E-01 
 4.0307E-01 
 3.8751E-01 
 3.7079E-01 
 3.5291E-01 
 3.3399E-01 
 3.1436E-01 
 2.9446E-01 
 2.7463E-01 
 2.5517E-01 
 2.3633E-01 
 2.1831E-01 
 2.0126E-01 
 1.8517E-01 
 1.6996E-01 
 1.5557E-01 
 1.4193E-01 
 1.2900E-01 
 1.1673E-01 
 1.0508E-01 
 9.4020E-02 
 8.3533E-02 
 7.3578E-02 
 6.4097E-02 
 5.5109E-02 
 4.6714E-02 
 3.8969E-02 
 3.1700E-02 
 2.4669E-02 
 4.7464E-01 
 4.7464E-01 
 4.7464E-01 
 4.7464E-01 
 4.7464E-01 
 4.7463E-01 
 4.7443E-01 
 4.7379E-01 
 4.7289E-01 
 4.7198E-01 
 4.7136E-01 
 4.7118E-01 
 4.7133E-01 
 4.7145E-01 
 4.7093E-01 
 4.6922E-01 
 4.6587E-01 
 4.6062E-01 
 4.5352E-01 
 4.4485E-01 
 4.3486E-01 
 4.2368E-01 
 4.1145E-01 
 3.9827E-01 
 3.8404E-01 
 3.6843E-01 
 3.5119E-01 
 3.3234E-01 
 3.1234E-01 
 2.9185E-01 
 2.7138E-01 
 2.5133E-01 
 2.3201E-01 
 2.1365E-01 
 1.9641E-01 
 1.8025E-01 
 1.6507E-01 
 1.5077E-01 
 1.3728E-01 
 1.2453E-01 
 1.1247E-01 
 1.0107E-01 
 9.0306E-02 
 8.0147E-02 
 7.0546E-02 
 6.1441E-02 
 5.2844E-02 
 4.4847E-02 
 3.7489E-02 
 3.0593E-02 
 2.3928E-02 
 4.7349E-01 
 4.7345E-01 
 4.7330E-01 
 4.7306E-01 
 4.7272E-01 
 4.7229E-01 
 4.7164E-01 
 4.7067E-01 
 4.6955E-01 
 4.6854E-01 
 4.6803E-01 
 4.6826E-01 
 4.6917E-01 
 4.7041E-01 
 4.7135E-01 
 4.7141E-01 
 4.7012E-01 
 4.6706E-01 
 4.6205E-01 
 4.5504E-01 
 4.4612E-01 
 4.3551E-01 
 4.2344E-01 
 4.1009E-01 
 3.9546E-01 
 3.7941E-01 
 3.6180E-01 
 3.4272E-01 
 3.2259E-01 
 3.0198E-01 
 2.8134E-01 
 2.6105E-01 
 2.4142E-01 
 2.2267E-01 
 2.0497E-01 
 1.8832E-01 
 1.7259E-01 
 1.5774E-01 
 1.4368E-01 
 1.3036E-01 
 1.1775E-01 
 1.0581E-01 
 9.4531E-02 
 8.3888E-02 
 7.3836E-02 
 6.4307E-02 
 5.5314E-02 
 4.6951E-02 
 3.9256E-02 
 3.2043E-02 
 2.5072E-02 
 4.7817E-01 
 4.7814E-01 
 4.7806E-01 
 4.7792E-01 
 4.7773E-01 
 4.7748E-01 
 4.7717E-01 
 4.7682E-01 
 4.7649E-01 
 4.7630E-01 
 4.7627E-01 
 4.7632E-01 
 4.7625E-01 
 4.7577E-01 
 4.7450E-01 
 4.7210E-01 
 4.6828E-01 
 4.6283E-01 
 4.5568E-01 
 4.4687E-01 
 4.3650E-01 
 4.2472E-01 
 4.1167E-01 
 3.9748E-01 
 3.8220E-01 
 3.6586E-01 
 3.4847E-01 
 3.3016E-01 
 3.1125E-01 
 2.9211E-01 
 2.7301E-01 
 2.5419E-01 
 2.3586E-01 
 2.1815E-01 
 2.0118E-01 
 1.8495E-01 
 1.6944E-01 
 1.5462E-01 
 1.4048E-01 
 1.2699E-01 
 1.1414E-01 
 1.0191E-01 
 9.0282E-02 
 7.9264E-02 
 6.8808E-02 
 5.8859E-02 
 4.9456E-02 
 4.0713E-02 
 3.2675E-02 
 2.5142E-02 
 1.7860E-02 
 4.8386E-01 
 4.8368E-01 
 4.8314E-01 
 4.8225E-01 
 4.8100E-01 
 4.7941E-01 
 4.7754E-01 
 4.7553E-01 
 4.7364E-01 
 4.7218E-01 
 4.7161E-01 
 4.7203E-01 
 4.7306E-01 
 4.7418E-01 
 4.7475E-01 
 4.7417E-01 
 4.7193E-01 
 4.6758E-01 
 4.6095E-01 
 4.5213E-01 
 4.4137E-01 
 4.2901E-01 
 4.1539E-01 
 4.0078E-01 
 3.8518E-01 
 3.6836E-01 
 3.5016E-01 
 3.3061E-01 
 3.1015E-01 
 2.8934E-01 
 2.6864E-01 
 2.4842E-01 
 2.2898E-01 
 2.1054E-01 
 1.9325E-01 
 1.7708E-01 
 1.6191E-01 
 1.4765E-01 
 1.3424E-01 
 1.2160E-01 
 1.0968E-01 
 9.8459E-02 
 8.7907E-02 
 7.8005E-02 
 6.8694E-02 
 5.9903E-02 
 5.1641E-02 
 4.3982E-02 
 3.6941E-02 
 3.0342E-02 
 2.3962E-02 
 4.8346E-01 
 4.8326E-01 
 4.8265E-01 
 4.8165E-01 
 4.8024E-01 
 4.7845E-01 
 4.7636E-01 
 4.7418E-01 
 4.7230E-01 
 4.7115E-01 
 4.7124E-01 
 4.7253E-01 
 4.7447E-01 
 4.7636E-01 
 4.7740E-01 
 4.7686E-01 
 4.7409E-01 
 4.6863E-01 
 4.6063E-01 
 4.5066E-01 
 4.3920E-01 
 4.2654E-01 
 4.1298E-01 
 3.9870E-01 
 3.8360E-01 
 3.6731E-01 
 3.4956E-01 
 3.3033E-01 
 3.1013E-01 
 2.8953E-01 
 2.6902E-01 
 2.4899E-01 
 2.2971E-01 
 2.1143E-01 
 1.9428E-01 
 1.7821E-01 
 1.6312E-01 
 1.4892E-01 
 1.3554E-01 
 1.2292E-01 
 1.1102E-01 
 9.9792E-02 
 8.9233E-02 
 7.9319E-02 
 6.9988E-02 
 6.1171E-02 
 5.2887E-02 
 4.5218E-02 
 3.8184E-02 
 3.1597E-02 
 2.5234E-02 
 4.8349E-01 
 4.8345E-01 
 4.8333E-01 
 4.8312E-01 
 4.8284E-01 
 4.8248E-01 
 4.8205E-01 
 4.8158E-01 
 4.8106E-01 
 4.8049E-01 
 4.7981E-01 
 4.7888E-01 
 4.7748E-01 
 4.7534E-01 
 4.7217E-01 
 4.6773E-01 
 4.6180E-01 
 4.5424E-01 
 4.4508E-01 
 4.3447E-01 
 4.2257E-01 
 4.0956E-01 
 3.9562E-01 
 3.8087E-01 
 3.6545E-01 
 3.4941E-01 
 3.3282E-01 
 3.1580E-01 
 2.9855E-01 
 2.8124E-01 
 2.6405E-01 
 2.4712E-01 
 2.3056E-01 
 2.1446E-01 
 1.9890E-01 
 1.8390E-01 
 1.6945E-01 
 1.5557E-01 
 1.4224E-01 
 1.2947E-01 
 1.1724E-01 
 1.0554E-01 
 9.4379E-02 
 8.3756E-02 
 7.3634E-02 
 6.3967E-02 
 5.4815E-02 
 4.6313E-02 
 3.8511E-02 
 3.1208E-02 
 2.4155E-02 
 4.5989E-01 
 4.5990E-01 
 4.5995E-01 
 4.6002E-01 
 4.6013E-01 
 4.6026E-01 
 4.6042E-01 
 4.6058E-01 
 4.6075E-01 
 4.6091E-01 
 4.6098E-01 
 4.6080E-01 
 4.6019E-01 
 4.5885E-01 
 4.5653E-01 
 4.5297E-01 
 4.4798E-01 
 4.4148E-01 
 4.3347E-01 
 4.2403E-01 
 4.1327E-01 
 4.0132E-01 
 3.8831E-01 
 3.7436E-01 
 3.5956E-01 
 3.4399E-01 
 3.2774E-01 
 3.1094E-01 
 2.9379E-01 
 2.7648E-01 
 2.5918E-01 
 2.4203E-01 
 2.2518E-01 
 2.0875E-01 
 1.9284E-01 
 1.7752E-01 
 1.6285E-01 
 1.4889E-01 
 1.3566E-01 
 1.2320E-01 
 1.1150E-01 
 1.0059E-01 
 9.0463E-02 
 8.1127E-02 
 7.2531E-02 
 6.4624E-02 
 5.7430E-02 
 5.1021E-02 
 4.5382E-02 
 4.0279E-02 
 3.5445E-02 


!chie from confinement nodes
POINTS 51 GRIDTYPE 14 NAMEXP CAR5 NTIMES 24 
 3.0030E-01 
  3.2530E-01 
  3.5030E-01 
  3.7530E-01 
  4.0030E-01 
  4.2530E-01 
  4.5030E-01 
  4.7530E-01 
  5.0030E-01 
  5.2530E-01 
  5.5030E-01 
  5.7530E-01 
  6.0030E-01 
  6.2530E-01 
  6.5030E-01 
  6.7530E-01 
  7.0030E-01 
  7.2530E-01 
  7.5030E-01 
  7.7530E-01 
  8.0030E-01 
  8.2530E-01 
  8.5030E-01 
  8.7530E-01 
  0.0000E+00 
  2.0000E-02 
  4.0000E-02 
  6.0000E-02 
  8.0000E-02 
  1.0000E-01 
  1.2000E-01 
  1.4000E-01 
  1.6000E-01 
  1.8000E-01 
  2.0000E-01 
  2.2000E-01 
  2.4000E-01 
  2.6000E-01 
  2.8000E-01 
  3.0000E-01 
  3.2000E-01 
  3.4000E-01 
  3.6000E-01 
  3.8000E-01 
  4.0000E-01 
  4.2000E-01 
  4.4000E-01 
  4.6000E-01 
  4.8000E-01 
  5.0000E-01 
  5.2000E-01 
  5.4000E-01 
  5.6000E-01 
  5.8000E-01 
  6.0000E-01 
  6.2000E-01 
  6.4000E-01 
  6.6000E-01 
  6.8000E-01 
  7.0000E-01 
  7.2000E-01 
  7.4000E-01 
  7.6000E-01 
  7.8000E-01 
  8.0000E-01 
  8.2000E-01 
  8.4000E-01 
  8.6000E-01 
  8.8000E-01 
  9.0000E-01 
  9.2000E-01 
  9.4000E-01 
  9.6000E-01 
  9.8000E-01 
  1.0000E+00 
  3.3968E-01 
 9.2381E+00 
 3.0997E+01 
 5.8219E+01 
 8.3600E+01 
 9.9966E+01 
 1.0034E+02 
 7.7988E+01 
 3.4315E+01 
 2.5104E+01 
 5.9605E+01 
 7.4626E+01 
 6.2269E+01 
 3.4821E+01 
 8.8421E+00 
 1.9619E+00 
 1.4870E+00 
 1.2447E+00 
 9.3588E-01 
 7.4202E-01 
 6.3437E-01 
 5.6901E-01 
 5.2716E-01 
 5.0067E-01 
 4.8312E-01 
 4.6890E-01 
 4.5514E-01 
 4.4267E-01 
 4.3467E-01 
 4.3348E-01 
 4.3955E-01 
 4.5257E-01 
 4.7301E-01 
 5.0214E-01 
 5.4019E-01 
 5.8548E-01 
 6.3455E-01 
 6.8447E-01 
 7.3371E-01 
 7.8156E-01 
 8.2775E-01 
 8.7220E-01 
 9.1517E-01 
 9.5757E-01 
 9.9969E-01 
 1.0403E+00 
 1.0805E+00 
 1.1288E+00 
 1.1944E+00 
 1.2756E+00 
 1.3646E+00 
 2.5578E-01 
 9.8822E-01 
 1.1116E+00 
 1.0670E+00 
 1.0592E+00 
 1.0586E+00 
 1.0409E+00 
 1.0268E+00 
 1.1782E+00 
 2.4726E+00 
 5.9596E+00 
 8.2754E+00 
 8.8566E+00 
 8.1684E+00 
 6.6510E+00 
 4.7158E+00 
 2.7455E+00 
 1.2756E+00 
 7.3268E-01 
 5.6187E-01 
 4.8335E-01 
 4.5319E-01 
 4.6822E-01 
 5.3272E-01 
 6.3317E-01 
 7.1902E-01 
 7.4451E-01 
 7.1295E-01 
 6.6690E-01 
 6.3460E-01 
 6.2067E-01 
 6.2070E-01 
 6.3318E-01 
 6.5876E-01 
 6.9534E-01 
 7.3741E-01 
 7.7727E-01 
 8.0995E-01 
 8.3389E-01 
 8.4980E-01 
 8.5891E-01 
 8.6170E-01 
 8.5848E-01 
 8.4948E-01 
 8.3347E-01 
 8.0668E-01 
 7.6791E-01 
 7.2341E-01 
 6.8001E-01 
 6.3920E-01 
 5.9969E-01 
 2.7504E-01 
 1.0625E+00 
 1.1949E+00 
 1.1464E+00 
 1.1364E+00 
 1.1386E+00 
 1.1362E+00 
 1.0681E+00 
 9.9696E-01 
 3.4768E+00 
 1.2479E+01 
 1.8698E+01 
 2.0417E+01 
 1.8839E+01 
 1.5105E+01 
 1.0280E+01 
 5.3570E+00 
 1.8005E+00 
 7.6790E-01 
 5.6589E-01 
 4.7102E-01 
 4.1517E-01 
 4.0301E-01 
 4.3267E-01 
 4.8980E-01 
 5.3768E-01 
 5.4598E-01 
 5.1842E-01 
 4.8278E-01 
 4.5676E-01 
 4.4323E-01 
 4.3952E-01 
 4.4478E-01 
 4.5943E-01 
 4.8265E-01 
 5.1211E-01 
 5.4476E-01 
 5.7874E-01 
 6.1355E-01 
 6.4928E-01 
 6.8619E-01 
 7.2438E-01 
 7.6405E-01 
 8.0555E-01 
 8.4921E-01 
 8.9516E-01 
 9.4606E-01 
 1.0112E+00 
 1.0994E+00 
 1.2074E+00 
 1.3252E+00 
 8.6365E-01 
 3.3451E+00 
 3.7618E+00 
 3.6210E+00 
 3.6043E+00 
 3.6122E+00 
 3.5878E+00 
 3.5991E+00 
 3.8417E+00 
 4.5157E+00 
 5.4971E+00 
 5.5972E+00 
 4.2904E+00 
 2.8144E+00 
 1.8440E+00 
 1.2933E+00 
 9.6602E-01 
 7.5575E-01 
 6.1567E-01 
 5.2073E-01 
 4.6151E-01 
 4.3423E-01 
 4.3349E-01 
 4.5610E-01 
 4.9140E-01 
 5.1987E-01 
 5.2883E-01 
 5.2113E-01 
 5.0832E-01 
 4.9868E-01 
 4.9425E-01 
 4.9493E-01 
 5.0124E-01 
 5.1389E-01 
 5.3232E-01 
 5.5498E-01 
 5.8000E-01 
 6.0645E-01 
 6.3427E-01 
 6.6379E-01 
 6.9530E-01 
 7.2883E-01 
 7.6440E-01 
 8.0212E-01 
 8.4195E-01 
 8.8362E-01 
 9.2943E-01 
 9.8812E-01 
 1.0680E+00 
 1.1659E+00 
 1.2729E+00 
 2.0215E+00 
 7.8214E+00 
 8.7764E+00 
 8.4294E+00 
 8.4130E+00 
 8.3919E+00 
 7.6978E+00 
 6.4949E+00 
 5.6107E+00 
 5.1295E+00 
 4.6927E+00 
 3.9035E+00 
 2.9172E+00 
 2.0870E+00 
 1.5061E+00 
 1.1257E+00 
 8.7634E-01 
 7.1061E-01 
 5.9895E-01 
 5.2250E-01 
 4.7545E-01 
 4.5647E-01 
 4.6249E-01 
 4.8985E-01 
 5.2437E-01 
 5.4503E-01 
 5.4192E-01 
 5.2280E-01 
 5.0280E-01 
 4.9057E-01 
 4.8689E-01 
 4.9022E-01 
 5.0005E-01 
 5.1642E-01 
 5.3825E-01 
 5.6339E-01 
 5.8943E-01 
 6.1504E-01 
 6.3994E-01 
 6.6427E-01 
 6.8820E-01 
 7.1174E-01 
 7.3493E-01 
 7.5781E-01 
 7.7951E-01 
 7.9770E-01 
 8.1251E-01 
 8.3066E-01 
 8.5894E-01 
 8.9651E-01 
 9.3874E-01 
 3.8490E+00 
 1.4896E+01 
 1.6707E+01 
 1.6074E+01 
 1.6204E+01 
 1.5804E+01 
 1.2380E+01 
 8.3199E+00 
 6.2967E+00 
 5.4289E+00 
 4.6199E+00 
 3.4760E+00 
 2.3818E+00 
 1.6400E+00 
 1.1861E+00 
 9.0034E-01 
 7.1399E-01 
 5.9399E-01 
 5.1779E-01 
 4.6883E-01 
 4.4015E-01 
 4.2958E-01 
 4.3527E-01 
 4.5488E-01 
 4.7988E-01 
 4.9869E-01 
 5.0592E-01 
 5.0483E-01 
 5.0224E-01 
 5.0257E-01 
 5.0681E-01 
 5.1520E-01 
 5.2854E-01 
 5.4751E-01 
 5.7136E-01 
 5.9831E-01 
 6.2640E-01 
 6.5488E-01 
 6.8403E-01 
 7.1442E-01 
 7.4651E-01 
 7.8045E-01 
 8.1635E-01 
 8.5438E-01 
 8.9423E-01 
 9.3494E-01 
 9.7849E-01 
 1.0336E+00 
 1.1084E+00 
 1.1998E+00 
 1.2994E+00 
 1.0000E-01 
 1.2866E+00 
 4.6082E+00 
 9.2661E+00 
 1.4573E+01 
 1.9832E+01 
 2.4368E+01 
 2.7528E+01 
 2.8687E+01 
 2.7254E+01 
 2.2677E+01 
 1.4451E+01 
 5.4007E+00 
 2.1966E+00 
 1.4234E+00 
 1.0387E+00 
 7.7394E-01 
 6.0988E-01 
 5.0912E-01 
 4.4340E-01 
 4.0334E-01 
 3.8613E-01 
 3.8796E-01 
 4.0532E-01 
 4.2948E-01 
 4.4828E-01 
 4.5545E-01 
 4.5389E-01 
 4.5063E-01 
 4.5026E-01 
 4.5390E-01 
 4.6190E-01 
 4.7517E-01 
 4.9449E-01 
 5.1906E-01 
 5.4687E-01 
 5.7564E-01 
 6.0453E-01 
 6.3388E-01 
 6.6445E-01 
 6.9692E-01 
 7.3172E-01 
 7.6929E-01 
 8.1015E-01 
 8.5456E-01 
 9.0248E-01 
 9.5673E-01 
 1.0266E+00 
 1.1207E+00 
 1.2346E+00 
 1.3585E+00 
 1.0000E-01 
 1.7695E+00 
 5.7769E+00 
 1.0440E+01 
 1.4139E+01 
 1.5282E+01 
 1.2327E+01 
 5.5122E+00 
 7.3172E+00 
 2.2551E+01 
 2.9469E+01 
 2.6628E+01 
 1.8535E+01 
 9.4332E+00 
 3.2183E+00 
 1.0806E+00 
 6.6425E-01 
 5.2133E-01 
 4.1628E-01 
 3.4758E-01 
 3.1413E-01 
 3.1217E-01 
 3.4451E-01 
 4.2337E-01 
 5.3912E-01 
 6.3241E-01 
 6.5223E-01 
 6.0819E-01 
 5.4973E-01 
 5.0479E-01 
 4.7530E-01 
 4.5902E-01 
 4.5606E-01 
 4.6633E-01 
 4.8657E-01 
 5.1205E-01 
 5.3839E-01 
 5.6407E-01 
 5.8935E-01 
 6.1508E-01 
 6.4199E-01 
 6.7045E-01 
 7.0078E-01 
 7.3331E-01 
 7.6799E-01 
 8.0427E-01 
 8.4456E-01 
 8.9705E-01 
 9.6901E-01 
 1.0570E+00 
 1.1529E+00 
 3.9066E-01 
 1.5175E+00 
 1.6916E+00 
 1.6196E+00 
 1.6078E+00 
 1.5820E+00 
 1.4332E+00 
 1.3186E+00 
 1.6835E+00 
 2.8710E+00 
 4.2548E+00 
 5.4400E+00 
 6.1594E+00 
 6.1655E+00 
 5.2307E+00 
 3.1828E+00 
 1.2170E+00 
 6.4167E-01 
 5.1476E-01 
 4.4615E-01 
 4.0423E-01 
 3.9478E-01 
 4.1657E-01 
 4.6897E-01 
 5.3395E-01 
 5.7480E-01 
 5.7347E-01 
 5.4351E-01 
 5.1071E-01 
 4.8761E-01 
 4.7434E-01 
 4.6987E-01 
 4.7484E-01 
 4.8969E-01 
 5.1237E-01 
 5.3966E-01 
 5.6861E-01 
 5.9827E-01 
 6.2895E-01 
 6.6118E-01 
 6.9521E-01 
 7.3072E-01 
 7.6728E-01 
 8.0435E-01 
 8.4128E-01 
 8.7725E-01 
 9.1487E-01 
 9.6335E-01 
 1.0310E+00 
 1.1147E+00 
 1.2064E+00 
 1.7500E+00 
 6.7755E+00 
 7.4718E+00 
 7.0843E+00 
 7.0642E+00 
 6.4214E+00 
 4.1509E+00 
 2.5658E+00 
 3.3609E+00 
 7.1612E+00 
 1.1664E+01 
 1.5724E+01 
 1.8667E+01 
 1.9870E+01 
 1.8765E+01 
 1.4834E+01 
 7.7625E+00 
 1.8792E+00 
 8.0799E-01 
 7.9610E-01 
 7.3891E-01 
 6.6417E-01 
 6.2118E-01 
 5.9736E-01 
 5.6929E-01 
 5.2722E-01 
 4.7800E-01 
 4.3500E-01 
 4.0712E-01 
 3.9461E-01 
 3.9398E-01 
 4.0363E-01 
 4.2408E-01 
 4.5617E-01 
 4.9740E-01 
 5.4332E-01 
 5.8896E-01 
 6.3275E-01 
 6.7502E-01 
 7.1694E-01 
 7.5925E-01 
 8.0188E-01 
 8.4441E-01 
 8.8613E-01 
 9.2594E-01 
 9.6245E-01 
 9.9859E-01 
 1.0445E+00 
 1.1092E+00 
 1.1893E+00 
 1.2771E+00 
 8.0952E-01 
 3.1512E+00 
 3.5149E+00 
 3.3767E+00 
 3.3582E+00 
 3.3098E+00 
 3.1313E+00 
 3.5275E+00 
 5.6923E+00 
 8.8017E+00 
 1.2068E+01 
 1.4938E+01 
 1.6893E+01 
 1.7451E+01 
 1.6174E+01 
 1.2663E+01 
 6.6788E+00 
 1.7337E+00 
 7.6636E-01 
 7.2469E-01 
 6.6690E-01 
 5.9981E-01 
 5.6094E-01 
 5.3902E-01 
 5.1493E-01 
 4.8076E-01 
 4.4123E-01 
 4.0632E-01 
 3.8324E-01 
 3.7269E-01 
 3.7193E-01 
 3.7919E-01 
 3.9426E-01 
 4.1740E-01 
 4.4697E-01 
 4.8027E-01 
 5.1440E-01 
 5.4850E-01 
 5.8277E-01 
 6.1776E-01 
 6.5386E-01 
 6.9114E-01 
 7.2967E-01 
 7.6952E-01 
 8.1086E-01 
 8.5404E-01 
 9.0318E-01 
 9.6869E-01 
 1.0594E+00 
 1.1702E+00 
 1.2911E+00 
 4.2079E-01 
 1.6384E+00 
 1.8299E+00 
 1.7585E+00 
 1.7438E+00 
 1.7559E+00 
 1.7897E+00 
 2.0149E+00 
 4.2401E+00 
 1.0565E+01 
 1.5327E+01 
 1.7536E+01 
 1.7704E+01 
 1.6317E+01 
 1.3838E+01 
 1.0697E+01 
 7.2925E+00 
 4.0088E+00 
 1.8078E+00 
 1.1496E+00 
 9.5155E-01 
 8.2655E-01 
 7.3342E-01 
 6.6256E-01 
 5.9623E-01 
 5.2817E-01 
 4.6457E-01 
 4.1522E-01 
 3.8537E-01 
 3.7297E-01 
 3.7286E-01 
 3.8139E-01 
 3.9695E-01 
 4.1916E-01 
 4.4669E-01 
 4.7762E-01 
 5.0992E-01 
 5.4293E-01 
 5.7674E-01 
 6.1157E-01 
 6.4754E-01 
 6.8455E-01 
 7.2248E-01 
 7.6114E-01 
 7.9995E-01 
 8.3805E-01 
 8.7859E-01 
 9.3113E-01 
 1.0037E+00 
 1.0925E+00 
 1.1893E+00 
 3.6192E+00 
 1.4069E+01 
 1.5676E+01 
 1.5075E+01 
 1.5174E+01 
 1.3770E+01 
 9.5283E+00 
 6.5739E+00 
 6.6237E+00 
 1.1944E+01 
 2.3202E+01 
 2.7403E+01 
 2.4853E+01 
 1.8504E+01 
 1.1125E+01 
 5.2467E+00 
 2.2759E+00 
 1.3698E+00 
 1.0266E+00 
 8.1578E-01 
 6.8361E-01 
 6.0654E-01 
 5.6094E-01 
 5.3151E-01 
 5.0901E-01 
 4.8895E-01 
 4.7085E-01 
 4.5660E-01 
 4.4813E-01 
 4.4581E-01 
 4.4883E-01 
 4.5659E-01 
 4.6895E-01 
 4.8585E-01 
 5.0648E-01 
 5.2975E-01 
 5.5471E-01 
 5.8120E-01 
 6.0939E-01 
 6.3956E-01 
 6.7189E-01 
 7.0642E-01 
 7.4315E-01 
 7.8202E-01 
 8.2277E-01 
 8.6504E-01 
 9.1247E-01 
 9.7512E-01 
 1.0613E+00 
 1.1663E+00 
 1.2807E+00 
 3.3309E+00 
 1.2963E+01 
 1.4359E+01 
 1.3729E+01 
 1.3667E+01 
 1.2883E+01 
 1.0420E+01 
 9.1219E+00 
 1.3203E+01 
 2.3052E+01 
 2.7602E+01 
 2.6386E+01 
 2.1441E+01 
 1.4689E+01 
 7.9460E+00 
 3.5986E+00 
 2.1124E+00 
 1.5333E+00 
 1.1760E+00 
 9.4137E-01 
 7.9979E-01 
 7.1717E-01 
 6.6704E-01 
 6.3331E-01 
 6.0565E-01 
 5.7950E-01 
 5.5547E-01 
 5.3634E-01 
 5.2402E-01 
 5.1839E-01 
 5.1846E-01 
 5.2370E-01 
 5.3382E-01 
 5.4835E-01 
 5.6607E-01 
 5.8572E-01 
 6.0645E-01 
 6.2815E-01 
 6.5109E-01 
 6.7560E-01 
 7.0185E-01 
 7.2977E-01 
 7.5908E-01 
 7.8927E-01 
 8.1876E-01 
 8.4512E-01 
 8.7044E-01 
 9.0339E-01 
 9.5127E-01 
 1.0114E+00 
 1.0776E+00 
 2.6735E+00 
 1.0409E+01 
 1.1539E+01 
 1.1046E+01 
 1.0999E+01 
 1.0396E+01 
 8.5544E+00 
 7.5889E+00 
 1.0433E+01 
 1.7610E+01 
 2.2047E+01 
 2.2980E+01 
 2.1199E+01 
 1.7458E+01 
 1.2462E+01 
 6.9290E+00 
 3.0595E+00 
 1.7908E+00 
 1.3332E+00 
 1.0539E+00 
 8.7544E-01 
 7.6987E-01 
 7.0518E-01 
 6.5983E-01 
 6.2061E-01 
 5.8236E-01 
 5.4681E-01 
 5.1823E-01 
 4.9914E-01 
 4.8891E-01 
 4.8571E-01 
 4.8843E-01 
 4.9659E-01 
 5.0971E-01 
 5.2666E-01 
 5.4626E-01 
 5.6762E-01 
 5.9060E-01 
 6.1538E-01 
 6.4228E-01 
 6.7154E-01 
 7.0322E-01 
 7.3699E-01 
 7.7202E-01 
 8.0593E-01 
 8.3505E-01 
 8.6077E-01 
 8.9199E-01 
 9.3633E-01 
 9.9164E-01 
 1.0524E+00 
 1.0000E-01 
 2.2619E+00 
 8.0946E+00 
 1.6297E+01 
 2.5651E+01 
 3.4942E+01 
 4.2989E+01 
 4.8653E+01 
 5.1065E+01 
 5.0422E+01 
 4.7210E+01 
 4.1896E+01 
 3.4928E+01 
 2.6734E+01 
 1.7709E+01 
 8.4321E+00 
 2.8789E+00 
 1.6276E+00 
 1.2883E+00 
 1.0361E+00 
 8.6457E-01 
 7.6611E-01 
 7.0750E-01 
 6.6568E-01 
 6.2701E-01 
 5.8727E-01 
 5.4987E-01 
 5.2032E-01 
 5.0135E-01 
 4.9216E-01 
 4.9053E-01 
 4.9529E-01 
 5.0585E-01 
 5.2157E-01 
 5.4099E-01 
 5.6266E-01 
 5.8551E-01 
 6.0936E-01 
 6.3435E-01 
 6.6074E-01 
 6.8864E-01 
 7.1794E-01 
 7.4809E-01 
 7.7807E-01 
 8.0467E-01 
 8.2350E-01 
 8.3630E-01 
 8.5193E-01 
 8.7764E-01 
 9.1175E-01 
 9.5004E-01 
 1.0000E-01 
 6.8255E-01 
 2.5220E+00 
 5.1886E+00 
 8.3927E+00 
 1.1822E+01 
 1.5180E+01 
 1.8176E+01 
 2.0533E+01 
 2.1989E+01 
 2.2298E+01 
 2.1235E+01 
 1.8594E+01 
 1.4192E+01 
 8.0330E+00 
 3.4478E+00 
 2.0031E+00 
 1.4947E+00 
 1.1785E+00 
 9.6476E-01 
 8.2719E-01 
 7.3686E-01 
 6.7357E-01 
 6.2543E-01 
 5.8482E-01 
 5.4811E-01 
 5.1607E-01 
 4.9174E-01 
 4.7698E-01 
 4.7117E-01 
 4.7263E-01 
 4.8064E-01 
 4.9498E-01 
 5.1513E-01 
 5.3930E-01 
 5.6557E-01 
 5.9241E-01 
 6.1952E-01 
 6.4693E-01 
 6.7473E-01 
 7.0285E-01 
 7.3108E-01 
 7.5909E-01 
 7.8641E-01 
 8.1091E-01 
 8.2964E-01 
 8.4552E-01 
 8.6830E-01 
 9.0574E-01 
 9.5493E-01 
 1.0100E+00 
 2.5915E-01 
 5.6369E+00 
 1.7622E+01 
 2.9998E+01 
 3.6618E+01 
 3.1488E+01 
 1.2947E+01 
 4.6903E+00 
 4.1674E+00 
 6.2361E+00 
 2.4410E+01 
 4.8404E+01 
 4.4028E+01 
 2.5493E+01 
 9.2762E+00 
 2.7827E+00 
 1.6521E+00 
 1.3322E+00 
 1.0891E+00 
 9.3362E-01 
 8.3619E-01 
 7.6704E-01 
 7.1390E-01 
 6.6630E-01 
 6.1495E-01 
 5.5943E-01 
 5.0805E-01 
 4.6975E-01 
 4.4760E-01 
 4.3912E-01 
 4.4038E-01 
 4.4938E-01 
 4.6526E-01 
 4.8704E-01 
 5.1246E-01 
 5.3915E-01 
 5.6531E-01 
 5.9062E-01 
 6.1517E-01 
 6.3924E-01 
 6.6286E-01 
 6.8588E-01 
 7.0786E-01 
 7.2801E-01 
 7.4331E-01 
 7.4983E-01 
 7.5033E-01 
 7.5415E-01 
 7.6856E-01 
 7.9154E-01 
 8.1881E-01 
 1.6978E+00 
 6.6527E+00 
 7.3290E+00 
 7.0399E+00 
 7.0127E+00 
 6.3671E+00 
 4.9596E+00 
 4.0845E+00 
 4.3644E+00 
 8.9407E+00 
 1.7911E+01 
 2.2280E+01 
 2.2335E+01 
 1.9401E+01 
 1.4726E+01 
 9.4660E+00 
 4.7368E+00 
 2.1682E+00 
 1.4246E+00 
 1.1425E+00 
 9.5803E-01 
 8.3281E-01 
 7.4876E-01 
 6.8539E-01 
 6.2864E-01 
 5.7459E-01 
 5.2739E-01 
 4.9289E-01 
 4.7310E-01 
 4.6591E-01 
 4.6806E-01 
 4.7802E-01 
 4.9515E-01 
 5.1855E-01 
 5.4597E-01 
 5.7510E-01 
 6.0420E-01 
 6.3301E-01 
 6.6171E-01 
 6.9069E-01 
 7.2005E-01 
 7.4968E-01 
 7.7904E-01 
 8.0712E-01 
 8.3062E-01 
 8.4531E-01 
 8.5428E-01 
 8.6788E-01 
 8.9408E-01 
 9.3039E-01 
 9.7175E-01 
 2.8266E+00 
 1.1145E+01 
 1.2264E+01 
 1.1809E+01 
 1.1761E+01 
 1.1491E+01 
 1.0894E+01 
 1.2087E+01 
 2.0977E+01 
 3.5317E+01 
 3.8386E+01 
 3.2357E+01 
 2.1596E+01 
 1.0351E+01 
 4.1482E+00 
 2.4074E+00 
 1.7575E+00 
 1.3498E+00 
 1.0915E+00 
 9.3054E-01 
 8.2411E-01 
 7.4954E-01 
 6.9468E-01 
 6.5145E-01 
 6.1435E-01 
 5.8128E-01 
 5.5361E-01 
 5.3446E-01 
 5.2507E-01 
 5.2442E-01 
 5.3060E-01 
 5.4257E-01 
 5.5971E-01 
 5.8114E-01 
 6.0532E-01 
 6.3082E-01 
 6.5667E-01 
 6.8267E-01 
 7.0880E-01 
 7.3505E-01 
 7.6113E-01 
 7.8662E-01 
 8.1096E-01 
 8.3311E-01 
 8.4907E-01 
 8.5410E-01 
 8.5139E-01 
 8.5053E-01 
 8.5870E-01 
 8.7413E-01 
 8.9320E-01 
 4.7949E-01 
 1.8915E+00 
 2.0833E+00 
 2.0060E+00 
 1.9940E+00 
 2.0203E+00 
 2.1279E+00 
 2.2759E+00 
 2.7816E+00 
 7.6666E+00 
 1.9260E+01 
 3.0793E+01 
 3.8618E+01 
 3.9663E+01 
 3.1119E+01 
 1.2603E+01 
 2.2523E+00 
 1.1669E+00 
 1.1779E+00 
 9.9783E-01 
 8.3794E-01 
 7.4858E-01 
 6.9584E-01 
 6.5492E-01 
 6.1295E-01 
 5.6777E-01 
 5.2542E-01 
 4.9370E-01 
 4.7574E-01 
 4.7008E-01 
 4.7367E-01 
 4.8518E-01 
 5.0424E-01 
 5.3005E-01 
 5.6044E-01 
 5.9297E-01 
 6.2581E-01 
 6.5872E-01 
 6.9192E-01 
 7.2592E-01 
 7.6091E-01 
 7.9682E-01 
 8.3286E-01 
 8.6764E-01 
 8.9714E-01 
 9.1680E-01 
 9.3101E-01 
 9.5142E-01 
 9.8640E-01 
 1.0328E+00 
 1.0848E+00 
 4.4307E-01 
 1.7512E+00 
 1.9241E+00 
 1.8528E+00 
 1.8437E+00 
 1.8669E+00 
 1.9559E+00 
 2.3355E+00 
 3.9965E+00 
 6.9676E+00 
 8.8483E+00 
 9.5696E+00 
 9.3302E+00 
 8.3210E+00 
 6.7218E+00 
 4.7001E+00 
 2.5484E+00 
 1.3779E+00 
 1.0338E+00 
 9.0927E-01 
 8.2718E-01 
 7.6890E-01 
 7.2951E-01 
 6.9523E-01 
 6.5353E-01 
 6.0369E-01 
 5.5538E-01 
 5.1954E-01 
 5.0013E-01 
 4.9515E-01 
 5.0088E-01 
 5.1564E-01 
 5.3890E-01 
 5.6959E-01 
 6.0528E-01 
 6.4332E-01 
 6.8186E-01 
 7.2066E-01 
 7.6000E-01 
 8.0040E-01 
 8.4202E-01 
 8.8472E-01 
 9.2753E-01 
 9.6875E-01 
 1.0039E+00 
 1.0284E+00 
 1.0475E+00 
 1.0741E+00 
 1.1168E+00 
 1.1718E+00 
 1.2330E+00 
 2.1109E+00 
 8.3487E+00 
 9.1878E+00 
 8.8692E+00 
 8.8415E+00 
 9.0058E+00 
 9.4718E+00 
 9.9734E+00 
 1.0223E+01 
 9.9509E+00 
 8.6034E+00 
 6.4318E+00 
 4.4625E+00 
 3.0988E+00 
 2.2377E+00 
 1.6951E+00 
 1.3413E+00 
 1.1084E+00 
 9.5600E-01 
 8.5356E-01 
 7.8139E-01 
 7.2897E-01 
 6.9023E-01 
 6.6060E-01 
 6.3650E-01 
 6.1595E-01 
 5.9896E-01 
 5.8694E-01 
 5.8073E-01 
 5.8021E-01 
 5.8480E-01 
 5.9421E-01 
 6.0823E-01 
 6.2642E-01 
 6.4794E-01 
 6.7209E-01 
 6.9838E-01 
 7.2672E-01 
 7.5707E-01 
 7.8944E-01 
 8.2364E-01 
 8.5942E-01 
 8.9646E-01 
 9.3411E-01 
 9.6996E-01 
 1.0016E+00 
 1.0351E+00 
 1.0823E+00 
 1.1509E+00 
 1.2355E+00 
 1.3280E+00 
 1.0000E-01 
 4.4223E+00 
 1.5702E+01 
 3.1389E+01 
 4.8938E+01 
 6.5854E+01 
 7.9713E+01 
 8.8194E+01 
 8.9094E+01 
 8.0362E+01 
 6.0096E+01 
 2.8194E+01 
 8.0607E+00 
 4.0066E+00 
 2.9191E+00 
 2.1269E+00 
 1.6110E+00 
 1.3023E+00 
 1.1052E+00 
 9.6946E-01 
 8.7183E-01 
 7.9948E-01 
 7.4451E-01 
 7.0155E-01 
 6.6663E-01 
 6.3736E-01 
 6.1333E-01 
 5.9540E-01 
 5.8382E-01 
 5.7816E-01 
 5.7794E-01 
 5.8298E-01 
 5.9305E-01 
 6.0790E-01 
 6.2735E-01 
 6.5129E-01 
 6.7976E-01 
 7.1290E-01 
 7.5112E-01 
 7.9497E-01 
 8.4510E-01 
 9.0211E-01 
 9.6637E-01 
 1.0380E+00 
 1.1159E+00 
 1.1997E+00 
 1.2955E+00 
 1.4137E+00 
 1.5593E+00 
 1.7247E+00 
 1.8999E+00 


!ECH profile set to zero (no ECH)
POINTS 51 GRIDTYPE 14 NAMEXP CAR4 NTIMES 1 
 3.0000E-01 
  0.0000E+00 
  2.0000E-02 
  4.0000E-02 
  6.0000E-02 
  8.0000E-02 
  1.0000E-01 
  1.2000E-01 
  1.4000E-01 
  1.6000E-01 
  1.8000E-01 
  2.0000E-01 
  2.2000E-01 
  2.4000E-01 
  2.6000E-01 
  2.8000E-01 
  3.0000E-01 
  3.2000E-01 
  3.4000E-01 
  3.6000E-01 
  3.8000E-01 
  4.0000E-01 
  4.2000E-01 
  4.4000E-01 
  4.6000E-01 
  4.8000E-01 
  5.0000E-01 
  5.2000E-01 
  5.4000E-01 
  5.6000E-01 
  5.8000E-01 
  6.0000E-01 
  6.2000E-01 
  6.4000E-01 
  6.6000E-01 
  6.8000E-01 
  7.0000E-01 
  7.2000E-01 
  7.4000E-01 
  7.6000E-01 
  7.8000E-01 
  8.0000E-01 
  8.2000E-01 
  8.4000E-01 
  8.6000E-01 
  8.8000E-01 
  9.0000E-01 
  9.2000E-01 
  9.4000E-01 
  9.6000E-01 
  9.8000E-01 
  1.0000E+00 
  0.0000E+00 
 0.0000E+00 
 0.0000E+00 
 0.0000E+00 
 0.0000E+00 
 0.0000E+00 
 0.0000E+00 
 0.0000E+00 
 0.0000E+00 
 0.0000E+00 
 0.0000E+00 
 0.0000E+00 
 0.0000E+00 
 0.0000E+00 
 0.0000E+00 
 0.0000E+00 
 0.0000E+00 
 0.0000E+00 
 0.0000E+00 
 0.0000E+00 
 0.0000E+00 
 0.0000E+00 
 0.0000E+00 
 0.0000E+00 
 0.0000E+00 
 0.0000E+00 
 0.0000E+00 
 0.0000E+00 
 0.0000E+00 
 0.0000E+00 
 0.0000E+00 
 0.0000E+00 
 0.0000E+00 
 0.0000E+00 
 0.0000E+00 
 0.0000E+00 
 0.0000E+00 
 0.0000E+00 
 0.0000E+00 
 0.0000E+00 
 0.0000E+00 
 0.0000E+00 
 0.0000E+00 
 0.0000E+00 
 0.0000E+00 
 0.0000E+00 
 0.0000E+00 
 0.0000E+00 
 0.0000E+00 
 0.0000E+00 
 0.0000E+00 


!ECCD profile set to zero (no ECCD)
POINTS 51 GRIDTYPE 14 NAMEXP CAR6 NTIMES 1 
 3.0000E-01 
  0.0000E+00 
  2.0000E-02 
  4.0000E-02 
  6.0000E-02 
  8.0000E-02 
  1.0000E-01 
  1.2000E-01 
  1.4000E-01 
  1.6000E-01 
  1.8000E-01 
  2.0000E-01 
  2.2000E-01 
  2.4000E-01 
  2.6000E-01 
  2.8000E-01 
  3.0000E-01 
  3.2000E-01 
  3.4000E-01 
  3.6000E-01 
  3.8000E-01 
  4.0000E-01 
  4.2000E-01 
  4.4000E-01 
  4.6000E-01 
  4.8000E-01 
  5.0000E-01 
  5.2000E-01 
  5.4000E-01 
  5.6000E-01 
  5.8000E-01 
  6.0000E-01 
  6.2000E-01 
  6.4000E-01 
  6.6000E-01 
  6.8000E-01 
  7.0000E-01 
  7.2000E-01 
  7.4000E-01 
  7.6000E-01 
  7.8000E-01 
  8.0000E-01 
  8.2000E-01 
  8.4000E-01 
  8.6000E-01 
  8.8000E-01 
  9.0000E-01 
  9.2000E-01 
  9.4000E-01 
  9.6000E-01 
  9.8000E-01 
  1.0000E+00 
  -0.0000E+00 
 -0.0000E+00 
 -0.0000E+00 
 -0.0000E+00 
 -0.0000E+00 
 -0.0000E+00 
 -0.0000E+00 
 -0.0000E+00 
 -0.0000E+00 
 -0.0000E+00 
 -0.0000E+00 
 -0.0000E+00 
 -0.0000E+00 
 -0.0000E+00 
 -0.0000E+00 
 -0.0000E+00 
 -0.0000E+00 
 -0.0000E+00 
 -0.0000E+00 
 -0.0000E+00 
 -0.0000E+00 
 -0.0000E+00 
 -0.0000E+00 
 -0.0000E+00 
 -0.0000E+00 
 -0.0000E+00 
 -0.0000E+00 
 -0.0000E+00 
 -0.0000E+00 
 -0.0000E+00 
 -0.0000E+00 
 -0.0000E+00 
 -0.0000E+00 
 -0.0000E+00 
 -0.0000E+00 
 -0.0000E+00 
 -0.0000E+00 
 -0.0000E+00 
 -0.0000E+00 
 -0.0000E+00 
 -0.0000E+00 
 -0.0000E+00 
 -0.0000E+00 
 -0.0000E+00 
 -0.0000E+00 
 -0.0000E+00 
 -0.0000E+00 
 -0.0000E+00 
 -0.0000E+00 
 -0.0000E+00 
 -0.0000E+00 
END