 -TCV- #36524 t0=0.5
 Param|Time  |  Value  |   Error
|-----|------|---------|--------
T_OFFSET          0.3000
TEND            1.6000
NB1             91.0000
AWALL           0.2800
AB              0.2600
RTOR            0.8800
ELONM           1.6000
TRICH           0.3000
ABC             0.2398
SHIFT           0.0100
ELONG           1.3869
TRIAN           0.2748
UPDWN           0.0000
ZMJ             1.0000
AMJ             2.0000
BTOR            1.4450
ZRD10           0.9800
ZRD30           36524.0000
ZRD6            0.1110
ZRD7            2.0000
ZRD8            0.0010
ZRD1            3.5000
ZRD3            0.3563
 

!Density boundary condition loading in time
NAMEXP ZRD2 NTIMES 1 
-2.0000E-01 
1.9650E-01 
 

!Ip from LIUQE [MA]
NAMEXP IPL NTIMES 32 
3.0000E-01 
3.2500E-01 
3.5000E-01 
3.7500E-01 
4.0000E-01 
4.2500E-01 
4.5000E-01 
4.7500E-01 
5.0000E-01 
5.2500E-01 
5.5000E-01 
5.7500E-01 
6.0000E-01 
6.2500E-01 
6.5000E-01 
6.7500E-01 
7.0000E-01 
7.2500E-01 
7.5000E-01 
7.7500E-01 
8.0000E-01 
8.2500E-01 
8.5000E-01 
8.7500E-01 
9.0000E-01 
9.2500E-01 
9.5000E-01 
9.7500E-01 
1.0000E+00 
1.0250E+00 
1.0500E+00 
1.0750E+00 
2.7588E-01 
2.7678E-01 
2.7695E-01 
2.7642E-01 
2.7572E-01 
2.7632E-01 
2.7631E-01 
2.7680E-01 
2.7660E-01 
2.7584E-01 
2.7644E-01 
2.7682E-01 
2.7623E-01 
2.7593E-01 
2.7655E-01 
2.7617E-01 
2.7649E-01 
2.7610E-01 
2.7712E-01 
2.7713E-01 
2.7647E-01 
2.7761E-01 
2.7700E-01 
2.7751E-01 
2.7703E-01 
2.7665E-01 
2.8092E-01 
2.8091E-01 
2.8067E-01 
2.8037E-01 
2.8101E-01 
2.8121E-01 


!Minor radius [m]
POINTS 51 GRIDTYPE 14 NAMEXP CAR9 NTIMES 1 
 0.0000E+00 
  0.0000E+00 
  2.0000E-02 
  4.0000E-02 
  6.0000E-02 
  8.0000E-02 
  1.0000E-01 
  1.2000E-01 
  1.4000E-01 
  1.6000E-01 
  1.8000E-01 
  2.0000E-01 
  2.2000E-01 
  2.4000E-01 
  2.6000E-01 
  2.8000E-01 
  3.0000E-01 
  3.2000E-01 
  3.4000E-01 
  3.6000E-01 
  3.8000E-01 
  4.0000E-01 
  4.2000E-01 
  4.4000E-01 
  4.6000E-01 
  4.8000E-01 
  5.0000E-01 
  5.2000E-01 
  5.4000E-01 
  5.6000E-01 
  5.8000E-01 
  6.0000E-01 
  6.2000E-01 
  6.4000E-01 
  6.6000E-01 
  6.8000E-01 
  7.0000E-01 
  7.2000E-01 
  7.4000E-01 
  7.6000E-01 
  7.8000E-01 
  8.0000E-01 
  8.2000E-01 
  8.4000E-01 
  8.6000E-01 
  8.8000E-01 
  9.0000E-01 
  9.2000E-01 
  9.4000E-01 
  9.6000E-01 
  9.8000E-01 
  1.0000E+00 
  0.0000E+00 
 5.2000E-03 
 1.0400E-02 
 1.5600E-02 
 2.0800E-02 
 2.6000E-02 
 3.1200E-02 
 3.6400E-02 
 4.1600E-02 
 4.6800E-02 
 5.2000E-02 
 5.7200E-02 
 6.2400E-02 
 6.7600E-02 
 7.2800E-02 
 7.8000E-02 
 8.3200E-02 
 8.8400E-02 
 9.3600E-02 
 9.8800E-02 
 1.0400E-01 
 1.0920E-01 
 1.1440E-01 
 1.1960E-01 
 1.2480E-01 
 1.3000E-01 
 1.3520E-01 
 1.4040E-01 
 1.4560E-01 
 1.5080E-01 
 1.5600E-01 
 1.6120E-01 
 1.6640E-01 
 1.7160E-01 
 1.7680E-01 
 1.8200E-01 
 1.8720E-01 
 1.9240E-01 
 1.9760E-01 
 2.0280E-01 
 2.0800E-01 
 2.1320E-01 
 2.1840E-01 
 2.2360E-01 
 2.2880E-01 
 2.3400E-01 
 2.3920E-01 
 2.4440E-01 
 2.4960E-01 
 2.5480E-01 
 2.6000E-01 


!initial mu from parabolic 1/q
POINTS 51 GRIDTYPE 14 NAMEXP MU NTIMES 1 
 0.0000E+00 
  0.0000E+00 
  2.0000E-02 
  4.0000E-02 
  6.0000E-02 
  8.0000E-02 
  1.0000E-01 
  1.2000E-01 
  1.4000E-01 
  1.6000E-01 
  1.8000E-01 
  2.0000E-01 
  2.2000E-01 
  2.4000E-01 
  2.6000E-01 
  2.8000E-01 
  3.0000E-01 
  3.2000E-01 
  3.4000E-01 
  3.6000E-01 
  3.8000E-01 
  4.0000E-01 
  4.2000E-01 
  4.4000E-01 
  4.6000E-01 
  4.8000E-01 
  5.0000E-01 
  5.2000E-01 
  5.4000E-01 
  5.6000E-01 
  5.8000E-01 
  6.0000E-01 
  6.2000E-01 
  6.4000E-01 
  6.6000E-01 
  6.8000E-01 
  7.0000E-01 
  7.2000E-01 
  7.4000E-01 
  7.6000E-01 
  7.8000E-01 
  8.0000E-01 
  8.2000E-01 
  8.4000E-01 
  8.6000E-01 
  8.8000E-01 
  9.0000E-01 
  9.2000E-01 
  9.4000E-01 
  9.6000E-01 
  9.8000E-01 
  1.0000E+00 
  5.0000E-01 
 4.9960E-01 
 4.9841E-01 
 4.9643E-01 
 4.9368E-01 
 4.9020E-01 
 4.8600E-01 
 4.8114E-01 
 4.7565E-01 
 4.6957E-01 
 4.6296E-01 
 4.5587E-01 
 4.4835E-01 
 4.4045E-01 
 4.3223E-01 
 4.2373E-01 
 4.1501E-01 
 4.0611E-01 
 3.9708E-01 
 3.8796E-01 
 3.7879E-01 
 3.6960E-01 
 3.6044E-01 
 3.5132E-01 
 3.4228E-01 
 3.3333E-01 
 3.2451E-01 
 3.1582E-01 
 3.0728E-01 
 2.9890E-01 
 2.9070E-01 
 2.8268E-01 
 2.7485E-01 
 2.6721E-01 
 2.5977E-01 
 2.5253E-01 
 2.4548E-01 
 2.3864E-01 
 2.3200E-01 
 2.2555E-01 
 2.1930E-01 
 2.1324E-01 
 2.0737E-01 
 2.0168E-01 
 1.9617E-01 
 1.9084E-01 
 1.8568E-01 
 1.8069E-01 
 1.7586E-01 
 1.7119E-01 
 1.6667E-01 


!ne from confinement nodes [1e19m^-3]
POINTS 51 GRIDTYPE 14 NAMEXP NE NTIMES 32 
 3.0030E-01 
  3.2530E-01 
  3.5030E-01 
  3.7530E-01 
  4.0030E-01 
  4.2530E-01 
  4.5030E-01 
  4.7530E-01 
  5.0030E-01 
  5.2530E-01 
  5.5030E-01 
  5.7530E-01 
  6.0030E-01 
  6.2530E-01 
  6.5030E-01 
  6.7530E-01 
  7.0030E-01 
  7.2530E-01 
  7.5030E-01 
  7.7530E-01 
  8.0030E-01 
  8.2530E-01 
  8.5030E-01 
  8.7530E-01 
  9.0030E-01 
  9.2530E-01 
  9.5030E-01 
  9.7530E-01 
  1.0003E+00 
  1.0253E+00 
  1.0503E+00 
  1.0753E+00 
  0.0000E+00 
  2.0000E-02 
  4.0000E-02 
  6.0000E-02 
  8.0000E-02 
  1.0000E-01 
  1.2000E-01 
  1.4000E-01 
  1.6000E-01 
  1.8000E-01 
  2.0000E-01 
  2.2000E-01 
  2.4000E-01 
  2.6000E-01 
  2.8000E-01 
  3.0000E-01 
  3.2000E-01 
  3.4000E-01 
  3.6000E-01 
  3.8000E-01 
  4.0000E-01 
  4.2000E-01 
  4.4000E-01 
  4.6000E-01 
  4.8000E-01 
  5.0000E-01 
  5.2000E-01 
  5.4000E-01 
  5.6000E-01 
  5.8000E-01 
  6.0000E-01 
  6.2000E-01 
  6.4000E-01 
  6.6000E-01 
  6.8000E-01 
  7.0000E-01 
  7.2000E-01 
  7.4000E-01 
  7.6000E-01 
  7.8000E-01 
  8.0000E-01 
  8.2000E-01 
  8.4000E-01 
  8.6000E-01 
  8.8000E-01 
  9.0000E-01 
  9.2000E-01 
  9.4000E-01 
  9.6000E-01 
  9.8000E-01 
  1.0000E+00 
  6.7116E+00 
 6.7077E+00 
 6.6959E+00 
 6.6765E+00 
 6.6493E+00 
 6.6145E+00 
 6.5728E+00 
 6.5280E+00 
 6.4845E+00 
 6.4452E+00 
 6.4135E+00 
 6.3916E+00 
 6.3766E+00 
 6.3646E+00 
 6.3531E+00 
 6.3398E+00 
 6.3229E+00 
 6.3008E+00 
 6.2730E+00 
 6.2395E+00 
 6.2004E+00 
 6.1525E+00 
 6.0915E+00 
 6.0133E+00 
 5.9157E+00 
 5.7998E+00 
 5.6681E+00 
 5.5226E+00 
 5.3654E+00 
 5.1980E+00 
 5.0219E+00 
 4.8386E+00 
 4.6494E+00 
 4.4559E+00 
 4.2593E+00 
 4.0609E+00 
 3.8624E+00 
 3.6651E+00 
 3.4704E+00 
 3.2794E+00 
 3.0932E+00 
 2.9127E+00 
 2.7385E+00 
 2.5709E+00 
 2.4100E+00 
 2.2553E+00 
 2.1071E+00 
 1.9666E+00 
 1.8352E+00 
 1.7108E+00 
 1.5900E+00 
 6.8433E+00 
 6.8378E+00 
 6.8210E+00 
 6.7931E+00 
 6.7542E+00 
 6.7041E+00 
 6.6451E+00 
 6.5864E+00 
 6.5351E+00 
 6.4932E+00 
 6.4626E+00 
 6.4430E+00 
 6.4299E+00 
 6.4186E+00 
 6.4057E+00 
 6.3881E+00 
 6.3631E+00 
 6.3287E+00 
 6.2847E+00 
 6.2344E+00 
 6.1812E+00 
 6.1219E+00 
 6.0510E+00 
 5.9635E+00 
 5.8570E+00 
 5.7341E+00 
 5.5991E+00 
 5.4554E+00 
 5.3051E+00 
 5.1474E+00 
 4.9817E+00 
 4.8075E+00 
 4.6246E+00 
 4.4334E+00 
 4.2341E+00 
 4.0277E+00 
 3.8170E+00 
 3.6045E+00 
 3.3929E+00 
 3.1844E+00 
 2.9813E+00 
 2.7857E+00 
 2.5988E+00 
 2.4205E+00 
 2.2504E+00 
 2.0875E+00 
 1.9318E+00 
 1.7846E+00 
 1.6475E+00 
 1.5181E+00 
 1.3925E+00 
 6.6603E+00 
 6.6582E+00 
 6.6517E+00 
 6.6410E+00 
 6.6260E+00 
 6.6069E+00 
 6.5843E+00 
 6.5609E+00 
 6.5392E+00 
 6.5212E+00 
 6.5083E+00 
 6.4998E+00 
 6.4930E+00 
 6.4852E+00 
 6.4739E+00 
 6.4572E+00 
 6.4330E+00 
 6.3997E+00 
 6.3560E+00 
 6.3022E+00 
 6.2388E+00 
 6.1646E+00 
 6.0778E+00 
 5.9768E+00 
 5.8613E+00 
 5.7329E+00 
 5.5939E+00 
 5.4462E+00 
 5.2908E+00 
 5.1270E+00 
 4.9543E+00 
 4.7722E+00 
 4.5807E+00 
 4.3805E+00 
 4.1719E+00 
 3.9560E+00 
 3.7360E+00 
 3.5146E+00 
 3.2947E+00 
 3.0787E+00 
 2.8687E+00 
 2.6668E+00 
 2.4740E+00 
 2.2903E+00 
 2.1151E+00 
 1.9474E+00 
 1.7871E+00 
 1.6356E+00 
 1.4944E+00 
 1.3611E+00 
 1.2318E+00 
 6.4685E+00 
 6.4680E+00 
 6.4662E+00 
 6.4632E+00 
 6.4592E+00 
 6.4540E+00 
 6.4479E+00 
 6.4417E+00 
 6.4360E+00 
 6.4309E+00 
 6.4267E+00 
 6.4232E+00 
 6.4193E+00 
 6.4137E+00 
 6.4052E+00 
 6.3924E+00 
 6.3744E+00 
 6.3493E+00 
 6.3149E+00 
 6.2694E+00 
 6.2116E+00 
 6.1404E+00 
 6.0552E+00 
 5.9552E+00 
 5.8404E+00 
 5.7122E+00 
 5.5725E+00 
 5.4229E+00 
 5.2645E+00 
 5.0972E+00 
 4.9212E+00 
 4.7365E+00 
 4.5438E+00 
 4.3436E+00 
 4.1365E+00 
 3.9240E+00 
 3.7087E+00 
 3.4932E+00 
 3.2797E+00 
 3.0703E+00 
 2.8671E+00 
 2.6718E+00 
 2.4853E+00 
 2.3074E+00 
 2.1378E+00 
 1.9755E+00 
 1.8203E+00 
 1.6738E+00 
 1.5371E+00 
 1.4079E+00 
 1.2825E+00 
 6.3297E+00 
 6.3298E+00 
 6.3303E+00 
 6.3312E+00 
 6.3325E+00 
 6.3341E+00 
 6.3366E+00 
 6.3414E+00 
 6.3479E+00 
 6.3530E+00 
 6.3544E+00 
 6.3501E+00 
 6.3401E+00 
 6.3248E+00 
 6.3054E+00 
 6.2832E+00 
 6.2592E+00 
 6.2314E+00 
 6.1951E+00 
 6.1483E+00 
 6.0900E+00 
 6.0190E+00 
 5.9338E+00 
 5.8335E+00 
 5.7184E+00 
 5.5926E+00 
 5.4619E+00 
 5.3302E+00 
 5.1984E+00 
 5.0624E+00 
 4.9186E+00 
 4.7643E+00 
 4.5977E+00 
 4.4171E+00 
 4.2223E+00 
 4.0151E+00 
 3.8007E+00 
 3.5833E+00 
 3.3667E+00 
 3.1536E+00 
 2.9465E+00 
 2.7473E+00 
 2.5573E+00 
 2.3771E+00 
 2.2061E+00 
 2.0430E+00 
 1.8873E+00 
 1.7402E+00 
 1.6031E+00 
 1.4734E+00 
 1.3475E+00 
 6.2278E+00 
 6.2276E+00 
 6.2268E+00 
 6.2256E+00 
 6.2239E+00 
 6.2218E+00 
 6.2200E+00 
 6.2203E+00 
 6.2221E+00 
 6.2226E+00 
 6.2183E+00 
 6.2068E+00 
 6.1891E+00 
 6.1670E+00 
 6.1416E+00 
 6.1142E+00 
 6.0859E+00 
 6.0549E+00 
 6.0181E+00 
 5.9747E+00 
 5.9241E+00 
 5.8638E+00 
 5.7913E+00 
 5.7047E+00 
 5.6041E+00 
 5.4938E+00 
 5.3791E+00 
 5.2634E+00 
 5.1463E+00 
 5.0228E+00 
 4.8890E+00 
 4.7423E+00 
 4.5811E+00 
 4.4048E+00 
 4.2140E+00 
 4.0118E+00 
 3.8038E+00 
 3.5946E+00 
 3.3878E+00 
 3.1854E+00 
 2.9890E+00 
 2.7995E+00 
 2.6177E+00 
 2.4442E+00 
 2.2790E+00 
 2.1210E+00 
 1.9704E+00 
 1.8287E+00 
 1.6971E+00 
 1.5731E+00 
 1.4529E+00 
 6.2098E+00 
 6.2088E+00 
 6.2059E+00 
 6.2012E+00 
 6.1946E+00 
 6.1862E+00 
 6.1769E+00 
 6.1694E+00 
 6.1640E+00 
 6.1597E+00 
 6.1543E+00 
 6.1453E+00 
 6.1307E+00 
 6.1097E+00 
 6.0837E+00 
 6.0544E+00 
 6.0232E+00 
 5.9892E+00 
 5.9506E+00 
 5.9067E+00 
 5.8563E+00 
 5.7971E+00 
 5.7262E+00 
 5.6414E+00 
 5.5435E+00 
 5.4378E+00 
 5.3304E+00 
 5.2252E+00 
 5.1212E+00 
 5.0121E+00 
 4.8928E+00 
 4.7597E+00 
 4.6103E+00 
 4.4433E+00 
 4.2582E+00 
 4.0576E+00 
 3.8470E+00 
 3.6317E+00 
 3.4154E+00 
 3.2005E+00 
 2.9886E+00 
 2.7806E+00 
 2.5777E+00 
 2.3809E+00 
 2.1907E+00 
 2.0071E+00 
 1.8309E+00 
 1.6645E+00 
 1.5098E+00 
 1.3640E+00 
 1.2227E+00 
 6.0848E+00 
 6.0842E+00 
 6.0823E+00 
 6.0792E+00 
 6.0749E+00 
 6.0693E+00 
 6.0632E+00 
 6.0581E+00 
 6.0542E+00 
 6.0507E+00 
 6.0465E+00 
 6.0397E+00 
 6.0287E+00 
 6.0129E+00 
 5.9933E+00 
 5.9711E+00 
 5.9475E+00 
 5.9217E+00 
 5.8921E+00 
 5.8579E+00 
 5.8177E+00 
 5.7686E+00 
 5.7074E+00 
 5.6314E+00 
 5.5403E+00 
 5.4371E+00 
 5.3253E+00 
 5.2073E+00 
 5.0834E+00 
 4.9515E+00 
 4.8098E+00 
 4.6577E+00 
 4.4955E+00 
 4.3243E+00 
 4.1453E+00 
 3.9598E+00 
 3.7698E+00 
 3.5770E+00 
 3.3829E+00 
 3.1892E+00 
 2.9969E+00 
 2.8073E+00 
 2.6213E+00 
 2.4402E+00 
 2.2644E+00 
 2.0942E+00 
 1.9305E+00 
 1.7762E+00 
 1.6329E+00 
 1.4982E+00 
 1.3678E+00 
 6.0818E+00 
 6.0810E+00 
 6.0785E+00 
 6.0745E+00 
 6.0688E+00 
 6.0616E+00 
 6.0528E+00 
 6.0430E+00 
 6.0329E+00 
 6.0234E+00 
 6.0164E+00 
 6.0123E+00 
 6.0075E+00 
 5.9998E+00 
 5.9883E+00 
 5.9727E+00 
 5.9524E+00 
 5.9264E+00 
 5.8931E+00 
 5.8514E+00 
 5.8002E+00 
 5.7380E+00 
 5.6634E+00 
 5.5754E+00 
 5.4752E+00 
 5.3670E+00 
 5.2553E+00 
 5.1428E+00 
 5.0288E+00 
 4.9096E+00 
 4.7824E+00 
 4.6453E+00 
 4.4970E+00 
 4.3370E+00 
 4.1650E+00 
 3.9822E+00 
 3.7915E+00 
 3.5957E+00 
 3.3970E+00 
 3.1973E+00 
 2.9985E+00 
 2.8019E+00 
 2.6087E+00 
 2.4203E+00 
 2.2374E+00 
 2.0603E+00 
 1.8900E+00 
 1.7294E+00 
 1.5804E+00 
 1.4403E+00 
 1.3046E+00 
 5.9634E+00 
 5.9628E+00 
 5.9607E+00 
 5.9573E+00 
 5.9526E+00 
 5.9466E+00 
 5.9394E+00 
 5.9310E+00 
 5.9215E+00 
 5.9105E+00 
 5.8985E+00 
 5.8856E+00 
 5.8718E+00 
 5.8569E+00 
 5.8407E+00 
 5.8230E+00 
 5.8034E+00 
 5.7809E+00 
 5.7538E+00 
 5.7207E+00 
 5.6800E+00 
 5.6299E+00 
 5.5684E+00 
 5.4941E+00 
 5.4075E+00 
 5.3112E+00 
 5.2081E+00 
 5.0994E+00 
 4.9842E+00 
 4.8605E+00 
 4.7266E+00 
 4.5822E+00 
 4.4278E+00 
 4.2646E+00 
 4.0938E+00 
 3.9170E+00 
 3.7365E+00 
 3.5542E+00 
 3.3716E+00 
 3.1901E+00 
 3.0109E+00 
 2.8350E+00 
 2.6632E+00 
 2.4964E+00 
 2.3352E+00 
 2.1795E+00 
 2.0302E+00 
 1.8895E+00 
 1.7590E+00 
 1.6362E+00 
 1.5172E+00 
 5.8327E+00 
 5.8319E+00 
 5.8294E+00 
 5.8252E+00 
 5.8195E+00 
 5.8121E+00 
 5.8035E+00 
 5.7946E+00 
 5.7857E+00 
 5.7770E+00 
 5.7690E+00 
 5.7628E+00 
 5.7585E+00 
 5.7556E+00 
 5.7528E+00 
 5.7490E+00 
 5.7429E+00 
 5.7328E+00 
 5.7168E+00 
 5.6928E+00 
 5.6582E+00 
 5.6113E+00 
 5.5504E+00 
 5.4744E+00 
 5.3850E+00 
 5.2870E+00 
 5.1854E+00 
 5.0824E+00 
 4.9762E+00 
 4.8627E+00 
 4.7388E+00 
 4.6027E+00 
 4.4539E+00 
 4.2923E+00 
 4.1188E+00 
 3.9357E+00 
 3.7467E+00 
 3.5547E+00 
 3.3622E+00 
 3.1714E+00 
 2.9837E+00 
 2.8002E+00 
 2.6219E+00 
 2.4499E+00 
 2.2846E+00 
 2.1258E+00 
 1.9743E+00 
 1.8319E+00 
 1.6999E+00 
 1.5757E+00 
 1.4553E+00 
 5.8096E+00 
 5.8076E+00 
 5.8015E+00 
 5.7914E+00 
 5.7774E+00 
 5.7594E+00 
 5.7412E+00 
 5.7287E+00 
 5.7201E+00 
 5.7113E+00 
 5.7012E+00 
 5.6912E+00 
 5.6827E+00 
 5.6758E+00 
 5.6689E+00 
 5.6604E+00 
 5.6490E+00 
 5.6337E+00 
 5.6137E+00 
 5.5882E+00 
 5.5557E+00 
 5.5136E+00 
 5.4597E+00 
 5.3924E+00 
 5.3124E+00 
 5.2228E+00 
 5.1266E+00 
 5.0252E+00 
 4.9173E+00 
 4.8003E+00 
 4.6723E+00 
 4.5327E+00 
 4.3820E+00 
 4.2209E+00 
 4.0508E+00 
 3.8738E+00 
 3.6930E+00 
 3.5107E+00 
 3.3290E+00 
 3.1496E+00 
 2.9737E+00 
 2.8022E+00 
 2.6361E+00 
 2.4762E+00 
 2.3228E+00 
 2.1757E+00 
 2.0356E+00 
 1.9045E+00 
 1.7836E+00 
 1.6700E+00 
 1.5601E+00 
 5.7884E+00 
 5.7856E+00 
 5.7770E+00 
 5.7628E+00 
 5.7430E+00 
 5.7177E+00 
 5.6930E+00 
 5.6786E+00 
 5.6747E+00 
 5.6778E+00 
 5.6832E+00 
 5.6873E+00 
 5.6888E+00 
 5.6867E+00 
 5.6804E+00 
 5.6696E+00 
 5.6536E+00 
 5.6312E+00 
 5.6023E+00 
 5.5684E+00 
 5.5291E+00 
 5.4811E+00 
 5.4209E+00 
 5.3464E+00 
 5.2586E+00 
 5.1623E+00 
 5.0622E+00 
 4.9605E+00 
 4.8555E+00 
 4.7436E+00 
 4.6219E+00 
 4.4891E+00 
 4.3449E+00 
 4.1897E+00 
 4.0242E+00 
 3.8507E+00 
 3.6720E+00 
 3.4907E+00 
 3.3088E+00 
 3.1281E+00 
 2.9498E+00 
 2.7748E+00 
 2.6038E+00 
 2.4379E+00 
 2.2773E+00 
 2.1221E+00 
 1.9734E+00 
 1.8338E+00 
 1.7049E+00 
 1.5839E+00 
 1.4668E+00 
 5.8252E+00 
 5.8223E+00 
 5.8134E+00 
 5.7986E+00 
 5.7781E+00 
 5.7520E+00 
 5.7243E+00 
 5.7013E+00 
 5.6833E+00 
 5.6695E+00 
 5.6588E+00 
 5.6498E+00 
 5.6398E+00 
 5.6276E+00 
 5.6127E+00 
 5.5950E+00 
 5.5738E+00 
 5.5458E+00 
 5.5111E+00 
 5.4747E+00 
 5.4371E+00 
 5.3944E+00 
 5.3421E+00 
 5.2775E+00 
 5.2002E+00 
 5.1129E+00 
 5.0181E+00 
 4.9167E+00 
 4.8080E+00 
 4.6902E+00 
 4.5623E+00 
 4.4241E+00 
 4.2765E+00 
 4.1206E+00 
 3.9575E+00 
 3.7892E+00 
 3.6179E+00 
 3.4452E+00 
 3.2727E+00 
 3.1017E+00 
 2.9331E+00 
 2.7675E+00 
 2.6057E+00 
 2.4484E+00 
 2.2958E+00 
 2.1481E+00 
 2.0065E+00 
 1.8738E+00 
 1.7516E+00 
 1.6371E+00 
 1.5265E+00 
 5.6988E+00 
 5.6974E+00 
 5.6931E+00 
 5.6861E+00 
 5.6763E+00 
 5.6638E+00 
 5.6497E+00 
 5.6358E+00 
 5.6232E+00 
 5.6123E+00 
 5.6021E+00 
 5.5910E+00 
 5.5775E+00 
 5.5620E+00 
 5.5463E+00 
 5.5323E+00 
 5.5209E+00 
 5.5093E+00 
 5.4947E+00 
 5.4764E+00 
 5.4523E+00 
 5.4188E+00 
 5.3723E+00 
 5.3103E+00 
 5.2328E+00 
 5.1423E+00 
 5.0411E+00 
 4.9307E+00 
 4.8115E+00 
 4.6835E+00 
 4.5466E+00 
 4.4015E+00 
 4.2488E+00 
 4.0896E+00 
 3.9249E+00 
 3.7564E+00 
 3.5859E+00 
 3.4150E+00 
 3.2450E+00 
 3.0770E+00 
 2.9119E+00 
 2.7504E+00 
 2.5933E+00 
 2.4412E+00 
 2.2944E+00 
 2.1527E+00 
 2.0174E+00 
 1.8907E+00 
 1.7740E+00 
 1.6648E+00 
 1.5591E+00 
 5.8190E+00 
 5.8185E+00 
 5.8170E+00 
 5.8146E+00 
 5.8111E+00 
 5.8068E+00 
 5.8014E+00 
 5.7950E+00 
 5.7872E+00 
 5.7778E+00 
 5.7664E+00 
 5.7524E+00 
 5.7352E+00 
 5.7140E+00 
 5.6881E+00 
 5.6568E+00 
 5.6196E+00 
 5.5756E+00 
 5.5244E+00 
 5.4655E+00 
 5.3986E+00 
 5.3233E+00 
 5.2394E+00 
 5.1469E+00 
 5.0458E+00 
 4.9367E+00 
 4.8201E+00 
 4.6964E+00 
 4.5663E+00 
 4.4303E+00 
 4.2891E+00 
 4.1436E+00 
 3.9947E+00 
 3.8432E+00 
 3.6902E+00 
 3.5366E+00 
 3.3834E+00 
 3.2315E+00 
 3.0816E+00 
 2.9344E+00 
 2.7904E+00 
 2.6502E+00 
 2.5142E+00 
 2.3829E+00 
 2.2564E+00 
 2.1345E+00 
 2.0183E+00 
 1.9099E+00 
 1.8101E+00 
 1.7166E+00 
 1.6263E+00 
 5.5731E+00 
 5.5723E+00 
 5.5699E+00 
 5.5660E+00 
 5.5606E+00 
 5.5537E+00 
 5.5463E+00 
 5.5394E+00 
 5.5335E+00 
 5.5289E+00 
 5.5250E+00 
 5.5208E+00 
 5.5157E+00 
 5.5092E+00 
 5.5011E+00 
 5.4911E+00 
 5.4788E+00 
 5.4637E+00 
 5.4449E+00 
 5.4219E+00 
 5.3929E+00 
 5.3554E+00 
 5.3071E+00 
 5.2460E+00 
 5.1723E+00 
 5.0872E+00 
 4.9921E+00 
 4.8880E+00 
 4.7746E+00 
 4.6518E+00 
 4.5193E+00 
 4.3772E+00 
 4.2259E+00 
 4.0658E+00 
 3.8976E+00 
 3.7236E+00 
 3.5466E+00 
 3.3685E+00 
 3.1913E+00 
 3.0166E+00 
 2.8455E+00 
 2.6788E+00 
 2.5176E+00 
 2.3626E+00 
 2.2140E+00 
 2.0715E+00 
 1.9362E+00 
 1.8101E+00 
 1.6941E+00 
 1.5855E+00 
 1.4804E+00 
 5.5366E+00 
 5.5358E+00 
 5.5335E+00 
 5.5298E+00 
 5.5247E+00 
 5.5183E+00 
 5.5124E+00 
 5.5087E+00 
 5.5057E+00 
 5.5023E+00 
 5.4988E+00 
 5.4956E+00 
 5.4922E+00 
 5.4878E+00 
 5.4818E+00 
 5.4736E+00 
 5.4625E+00 
 5.4474E+00 
 5.4286E+00 
 5.4076E+00 
 5.3826E+00 
 5.3494E+00 
 5.3036E+00 
 5.2424E+00 
 5.1656E+00 
 5.0757E+00 
 4.9748E+00 
 4.8641E+00 
 4.7434E+00 
 4.6119E+00 
 4.4694E+00 
 4.3169E+00 
 4.1559E+00 
 3.9884E+00 
 3.8161E+00 
 3.6411E+00 
 3.4657E+00 
 3.2917E+00 
 3.1204E+00 
 2.9533E+00 
 2.7909E+00 
 2.6341E+00 
 2.4834E+00 
 2.3394E+00 
 2.2020E+00 
 2.0709E+00 
 1.9468E+00 
 1.8316E+00 
 1.7259E+00 
 1.6269E+00 
 1.5313E+00 
 5.5918E+00 
 5.5901E+00 
 5.5851E+00 
 5.5769E+00 
 5.5654E+00 
 5.5509E+00 
 5.5365E+00 
 5.5261E+00 
 5.5182E+00 
 5.5114E+00 
 5.5065E+00 
 5.5041E+00 
 5.5031E+00 
 5.5024E+00 
 5.5005E+00 
 5.4958E+00 
 5.4872E+00 
 5.4736E+00 
 5.4548E+00 
 5.4311E+00 
 5.4005E+00 
 5.3591E+00 
 5.3031E+00 
 5.2304E+00 
 5.1424E+00 
 5.0436E+00 
 4.9375E+00 
 4.8258E+00 
 4.7071E+00 
 4.5788E+00 
 4.4396E+00 
 4.2898E+00 
 4.1305E+00 
 3.9637E+00 
 3.7908E+00 
 3.6143E+00 
 3.4368E+00 
 3.2601E+00 
 3.0860E+00 
 2.9155E+00 
 2.7493E+00 
 2.5878E+00 
 2.4313E+00 
 2.2805E+00 
 2.1351E+00 
 1.9952E+00 
 1.8619E+00 
 1.7377E+00 
 1.6237E+00 
 1.5171E+00 
 1.4141E+00 
 5.4293E+00 
 5.4295E+00 
 5.4301E+00 
 5.4311E+00 
 5.4325E+00 
 5.4345E+00 
 5.4393E+00 
 5.4491E+00 
 5.4593E+00 
 5.4652E+00 
 5.4683E+00 
 5.4695E+00 
 5.4685E+00 
 5.4653E+00 
 5.4599E+00 
 5.4523E+00 
 5.4424E+00 
 5.4296E+00 
 5.4139E+00 
 5.3955E+00 
 5.3707E+00 
 5.3347E+00 
 5.2828E+00 
 5.2127E+00 
 5.1269E+00 
 5.0313E+00 
 4.9300E+00 
 4.8242E+00 
 4.7108E+00 
 4.5864E+00 
 4.4493E+00 
 4.2999E+00 
 4.1406E+00 
 3.9739E+00 
 3.8019E+00 
 3.6270E+00 
 3.4512E+00 
 3.2765E+00 
 3.1041E+00 
 2.9351E+00 
 2.7699E+00 
 2.6086E+00 
 2.4517E+00 
 2.2997E+00 
 2.1524E+00 
 2.0100E+00 
 1.8743E+00 
 1.7480E+00 
 1.6324E+00 
 1.5244E+00 
 1.4201E+00 
 5.5012E+00 
 5.5011E+00 
 5.5009E+00 
 5.5005E+00 
 5.4999E+00 
 5.4993E+00 
 5.4986E+00 
 5.4982E+00 
 5.4974E+00 
 5.4958E+00 
 5.4949E+00 
 5.4945E+00 
 5.4936E+00 
 5.4912E+00 
 5.4866E+00 
 5.4793E+00 
 5.4686E+00 
 5.4538E+00 
 5.4338E+00 
 5.4071E+00 
 5.3713E+00 
 5.3238E+00 
 5.2623E+00 
 5.1857E+00 
 5.0961E+00 
 4.9972E+00 
 4.8919E+00 
 4.7811E+00 
 4.6632E+00 
 4.5362E+00 
 4.3992E+00 
 4.2524E+00 
 4.0973E+00 
 3.9352E+00 
 3.7676E+00 
 3.5961E+00 
 3.4225E+00 
 3.2481E+00 
 3.0742E+00 
 2.9016E+00 
 2.7309E+00 
 2.5626E+00 
 2.3972E+00 
 2.2354E+00 
 2.0774E+00 
 1.9236E+00 
 1.7765E+00 
 1.6394E+00 
 1.5138E+00 
 1.3966E+00 
 1.2834E+00 
 5.3786E+00 
 5.3789E+00 
 5.3801E+00 
 5.3819E+00 
 5.3846E+00 
 5.3879E+00 
 5.3921E+00 
 5.3972E+00 
 5.4014E+00 
 5.4035E+00 
 5.4064E+00 
 5.4101E+00 
 5.4127E+00 
 5.4130E+00 
 5.4105E+00 
 5.4050E+00 
 5.3957E+00 
 5.3819E+00 
 5.3631E+00 
 5.3392E+00 
 5.3080E+00 
 5.2662E+00 
 5.2106E+00 
 5.1395E+00 
 5.0551E+00 
 4.9621E+00 
 4.8642E+00 
 4.7628E+00 
 4.6551E+00 
 4.5376E+00 
 4.4083E+00 
 4.2674E+00 
 4.1170E+00 
 3.9593E+00 
 3.7962E+00 
 3.6299E+00 
 3.4622E+00 
 3.2947E+00 
 3.1289E+00 
 2.9657E+00 
 2.8058E+00 
 2.6496E+00 
 2.4978E+00 
 2.3509E+00 
 2.2089E+00 
 2.0719E+00 
 1.9413E+00 
 1.8195E+00 
 1.7078E+00 
 1.6032E+00 
 1.5022E+00 
 5.4148E+00 
 5.4143E+00 
 5.4128E+00 
 5.4103E+00 
 5.4069E+00 
 5.4026E+00 
 5.3985E+00 
 5.3965E+00 
 5.3965E+00 
 5.3984E+00 
 5.4039E+00 
 5.4119E+00 
 5.4190E+00 
 5.4233E+00 
 5.4232E+00 
 5.4174E+00 
 5.4052E+00 
 5.3869E+00 
 5.3622E+00 
 5.3303E+00 
 5.2893E+00 
 5.2366E+00 
 5.1700E+00 
 5.0887E+00 
 4.9955E+00 
 4.8960E+00 
 4.7945E+00 
 4.6924E+00 
 4.5861E+00 
 4.4714E+00 
 4.3456E+00 
 4.2084E+00 
 4.0612E+00 
 3.9061E+00 
 3.7449E+00 
 3.5800E+00 
 3.4137E+00 
 3.2481E+00 
 3.0847E+00 
 2.9246E+00 
 2.7687E+00 
 2.6173E+00 
 2.4710E+00 
 2.3305E+00 
 2.1955E+00 
 2.0659E+00 
 1.9428E+00 
 1.8283E+00 
 1.7231E+00 
 1.6247E+00 
 1.5296E+00 
 5.3206E+00 
 5.3207E+00 
 5.3210E+00 
 5.3215E+00 
 5.3223E+00 
 5.3233E+00 
 5.3260E+00 
 5.3320E+00 
 5.3391E+00 
 5.3450E+00 
 5.3516E+00 
 5.3591E+00 
 5.3660E+00 
 5.3706E+00 
 5.3713E+00 
 5.3664E+00 
 5.3551E+00 
 5.3373E+00 
 5.3139E+00 
 5.2861E+00 
 5.2520E+00 
 5.2086E+00 
 5.1531E+00 
 5.0839E+00 
 5.0030E+00 
 4.9149E+00 
 4.8226E+00 
 4.7267E+00 
 4.6235E+00 
 4.5094E+00 
 4.3823E+00 
 4.2425E+00 
 4.0924E+00 
 3.9346E+00 
 3.7714E+00 
 3.6051E+00 
 3.4381E+00 
 3.2724E+00 
 3.1093E+00 
 2.9502E+00 
 2.7954E+00 
 2.6457E+00 
 2.5015E+00 
 2.3633E+00 
 2.2310E+00 
 2.1042E+00 
 1.9841E+00 
 1.8725E+00 
 1.7701E+00 
 1.6743E+00 
 1.5817E+00 
 5.4179E+00 
 5.4170E+00 
 5.4144E+00 
 5.4100E+00 
 5.4039E+00 
 5.3962E+00 
 5.3889E+00 
 5.3846E+00 
 5.3828E+00 
 5.3816E+00 
 5.3817E+00 
 5.3821E+00 
 5.3812E+00 
 5.3782E+00 
 5.3724E+00 
 5.3632E+00 
 5.3505E+00 
 5.3348E+00 
 5.3157E+00 
 5.2916E+00 
 5.2591E+00 
 5.2148E+00 
 5.1553E+00 
 5.0793E+00 
 4.9902E+00 
 4.8947E+00 
 4.7975E+00 
 4.6995E+00 
 4.5970E+00 
 4.4859E+00 
 4.3639E+00 
 4.2305E+00 
 4.0864E+00 
 3.9330E+00 
 3.7720E+00 
 3.6061E+00 
 3.4377E+00 
 3.2691E+00 
 3.1020E+00 
 2.9375E+00 
 2.7767E+00 
 2.6201E+00 
 2.4686E+00 
 2.3227E+00 
 2.1825E+00 
 2.0477E+00 
 1.9197E+00 
 1.8008E+00 
 1.6917E+00 
 1.5895E+00 
 1.4909E+00 
 5.3134E+00 
 5.3132E+00 
 5.3128E+00 
 5.3121E+00 
 5.3111E+00 
 5.3099E+00 
 5.3092E+00 
 5.3099E+00 
 5.3113E+00 
 5.3128E+00 
 5.3156E+00 
 5.3199E+00 
 5.3248E+00 
 5.3296E+00 
 5.3332E+00 
 5.3346E+00 
 5.3329E+00 
 5.3245E+00 
 5.3074E+00 
 5.2827E+00 
 5.2498E+00 
 5.2064E+00 
 5.1504E+00 
 5.0807E+00 
 4.9986E+00 
 4.9072E+00 
 4.8094E+00 
 4.7063E+00 
 4.5968E+00 
 4.4795E+00 
 4.3536E+00 
 4.2193E+00 
 4.0775E+00 
 3.9296E+00 
 3.7766E+00 
 3.6201E+00 
 3.4617E+00 
 3.3027E+00 
 3.1445E+00 
 2.9883E+00 
 2.8350E+00 
 2.6853E+00 
 2.5400E+00 
 2.3997E+00 
 2.2647E+00 
 2.1346E+00 
 2.0108E+00 
 1.8954E+00 
 1.7895E+00 
 1.6904E+00 
 1.5948E+00 
 5.4148E+00 
 5.4143E+00 
 5.4129E+00 
 5.4105E+00 
 5.4072E+00 
 5.4031E+00 
 5.3985E+00 
 5.3943E+00 
 5.3913E+00 
 5.3900E+00 
 5.3902E+00 
 5.3906E+00 
 5.3894E+00 
 5.3857E+00 
 5.3790E+00 
 5.3688E+00 
 5.3548E+00 
 5.3364E+00 
 5.3132E+00 
 5.2848E+00 
 5.2492E+00 
 5.2032E+00 
 5.1436E+00 
 5.0689E+00 
 4.9821E+00 
 4.8887E+00 
 4.7935E+00 
 4.6982E+00 
 4.6007E+00 
 4.4976E+00 
 4.3867E+00 
 4.2669E+00 
 4.1377E+00 
 3.9991E+00 
 3.8515E+00 
 3.6960E+00 
 3.5341E+00 
 3.3671E+00 
 3.1966E+00 
 3.0242E+00 
 2.8510E+00 
 2.6778E+00 
 2.5056E+00 
 2.3352E+00 
 2.1671E+00 
 2.0017E+00 
 1.8412E+00 
 1.6892E+00 
 1.5478E+00 
 1.4141E+00 
 1.2844E+00 
 5.4425E+00 
 5.4422E+00 
 5.4413E+00 
 5.4397E+00 
 5.4374E+00 
 5.4346E+00 
 5.4317E+00 
 5.4290E+00 
 5.4262E+00 
 5.4231E+00 
 5.4203E+00 
 5.4173E+00 
 5.4129E+00 
 5.4060E+00 
 5.3955E+00 
 5.3804E+00 
 5.3597E+00 
 5.3334E+00 
 5.3020E+00 
 5.2662E+00 
 5.2234E+00 
 5.1699E+00 
 5.1017E+00 
 5.0180E+00 
 4.9232E+00 
 4.8245E+00 
 4.7276E+00 
 4.6343E+00 
 4.5414E+00 
 4.4448E+00 
 4.3417E+00 
 4.2303E+00 
 4.1097E+00 
 3.9793E+00 
 3.8392E+00 
 3.6904E+00 
 3.5342E+00 
 3.3719E+00 
 3.2054E+00 
 3.0368E+00 
 2.8673E+00 
 2.6976E+00 
 2.5288E+00 
 2.3617E+00 
 2.1969E+00 
 2.0346E+00 
 1.8769E+00 
 1.7273E+00 
 1.5878E+00 
 1.4555E+00 
 1.3269E+00 
 5.4068E+00 
 5.4067E+00 
 5.4064E+00 
 5.4059E+00 
 5.4052E+00 
 5.4043E+00 
 5.4035E+00 
 5.4027E+00 
 5.4013E+00 
 5.3987E+00 
 5.3949E+00 
 5.3901E+00 
 5.3843E+00 
 5.3771E+00 
 5.3677E+00 
 5.3555E+00 
 5.3399E+00 
 5.3205E+00 
 5.2968E+00 
 5.2684E+00 
 5.2339E+00 
 5.1916E+00 
 5.1395E+00 
 5.0771E+00 
 5.0053E+00 
 4.9260E+00 
 4.8409E+00 
 4.7505E+00 
 4.6536E+00 
 4.5488E+00 
 4.4351E+00 
 4.3118E+00 
 4.1782E+00 
 4.0338E+00 
 3.8793E+00 
 3.7168E+00 
 3.5486E+00 
 3.3768E+00 
 3.2031E+00 
 3.0290E+00 
 2.8554E+00 
 2.6831E+00 
 2.5129E+00 
 2.3458E+00 
 2.1817E+00 
 2.0210E+00 
 1.8654E+00 
 1.7180E+00 
 1.5805E+00 
 1.4502E+00 
 1.3235E+00 
 5.4164E+00 
 5.4167E+00 
 5.4177E+00 
 5.4194E+00 
 5.4218E+00 
 5.4249E+00 
 5.4292E+00 
 5.4347E+00 
 5.4406E+00 
 5.4461E+00 
 5.4506E+00 
 5.4537E+00 
 5.4548E+00 
 5.4532E+00 
 5.4479E+00 
 5.4381E+00 
 5.4230E+00 
 5.4019E+00 
 5.3741E+00 
 5.3391E+00 
 5.2959E+00 
 5.2437E+00 
 5.1818E+00 
 5.1097E+00 
 5.0276E+00 
 4.9362E+00 
 4.8360E+00 
 4.7275E+00 
 4.6108E+00 
 4.4863E+00 
 4.3543E+00 
 4.2154E+00 
 4.0703E+00 
 3.9195E+00 
 3.7639E+00 
 3.6043E+00 
 3.4416E+00 
 3.2767E+00 
 3.1105E+00 
 2.9440E+00 
 2.7780E+00 
 2.6130E+00 
 2.4500E+00 
 2.2896E+00 
 2.1321E+00 
 1.9777E+00 
 1.8280E+00 
 1.6862E+00 
 1.5539E+00 
 1.4286E+00 
 1.3066E+00 
 5.3701E+00 
 5.3697E+00 
 5.3685E+00 
 5.3664E+00 
 5.3636E+00 
 5.3602E+00 
 5.3579E+00 
 5.3575E+00 
 5.3574E+00 
 5.3559E+00 
 5.3533E+00 
 5.3509E+00 
 5.3499E+00 
 5.3497E+00 
 5.3489E+00 
 5.3463E+00 
 5.3408E+00 
 5.3311E+00 
 5.3157E+00 
 5.2932E+00 
 5.2618E+00 
 5.2196E+00 
 5.1647E+00 
 5.0965E+00 
 5.0164E+00 
 4.9270E+00 
 4.8301E+00 
 4.7269E+00 
 4.6168E+00 
 4.4992E+00 
 4.3739E+00 
 4.2411E+00 
 4.1012E+00 
 3.9547E+00 
 3.8025E+00 
 3.6458E+00 
 3.4859E+00 
 3.3241E+00 
 3.1614E+00 
 2.9987E+00 
 2.8364E+00 
 2.6747E+00 
 2.5139E+00 
 2.3546E+00 
 2.1967E+00 
 2.0404E+00 
 1.8876E+00 
 1.7415E+00 
 1.6040E+00 
 1.4727E+00 
 1.3445E+00 
 5.3635E+00 
 5.3626E+00 
 5.3599E+00 
 5.3555E+00 
 5.3493E+00 
 5.3417E+00 
 5.3341E+00 
 5.3276E+00 
 5.3213E+00 
 5.3150E+00 
 5.3091E+00 
 5.3046E+00 
 5.3019E+00 
 5.3002E+00 
 5.2979E+00 
 5.2937E+00 
 5.2866E+00 
 5.2766E+00 
 5.2641E+00 
 5.2471E+00 
 5.2225E+00 
 5.1878E+00 
 5.1407E+00 
 5.0802E+00 
 5.0076E+00 
 4.9250E+00 
 4.8344E+00 
 4.7363E+00 
 4.6301E+00 
 4.5148E+00 
 4.3902E+00 
 4.2569E+00 
 4.1156E+00 
 3.9672E+00 
 3.8128E+00 
 3.6538E+00 
 3.4915E+00 
 3.3271E+00 
 3.1616E+00 
 2.9960E+00 
 2.8306E+00 
 2.6658E+00 
 2.5020E+00 
 2.3397E+00 
 2.1791E+00 
 2.0204E+00 
 1.8656E+00 
 1.7180E+00 
 1.5797E+00 
 1.4480E+00 
 1.3196E+00 


!te from confinement nodes [keV]
POINTS 51 GRIDTYPE 14 NAMEXP TE NTIMES 32 
 3.0030E-01 
  3.2530E-01 
  3.5030E-01 
  3.7530E-01 
  4.0030E-01 
  4.2530E-01 
  4.5030E-01 
  4.7530E-01 
  5.0030E-01 
  5.2530E-01 
  5.5030E-01 
  5.7530E-01 
  6.0030E-01 
  6.2530E-01 
  6.5030E-01 
  6.7530E-01 
  7.0030E-01 
  7.2530E-01 
  7.5030E-01 
  7.7530E-01 
  8.0030E-01 
  8.2530E-01 
  8.5030E-01 
  8.7530E-01 
  9.0030E-01 
  9.2530E-01 
  9.5030E-01 
  9.7530E-01 
  1.0003E+00 
  1.0253E+00 
  1.0503E+00 
  1.0753E+00 
  0.0000E+00 
  2.0000E-02 
  4.0000E-02 
  6.0000E-02 
  8.0000E-02 
  1.0000E-01 
  1.2000E-01 
  1.4000E-01 
  1.6000E-01 
  1.8000E-01 
  2.0000E-01 
  2.2000E-01 
  2.4000E-01 
  2.6000E-01 
  2.8000E-01 
  3.0000E-01 
  3.2000E-01 
  3.4000E-01 
  3.6000E-01 
  3.8000E-01 
  4.0000E-01 
  4.2000E-01 
  4.4000E-01 
  4.6000E-01 
  4.8000E-01 
  5.0000E-01 
  5.2000E-01 
  5.4000E-01 
  5.6000E-01 
  5.8000E-01 
  6.0000E-01 
  6.2000E-01 
  6.4000E-01 
  6.6000E-01 
  6.8000E-01 
  7.0000E-01 
  7.2000E-01 
  7.4000E-01 
  7.6000E-01 
  7.8000E-01 
  8.0000E-01 
  8.2000E-01 
  8.4000E-01 
  8.6000E-01 
  8.8000E-01 
  9.0000E-01 
  9.2000E-01 
  9.4000E-01 
  9.6000E-01 
  9.8000E-01 
  1.0000E+00 
  8.4407E-01 
 8.4401E-01 
 8.4386E-01 
 8.4359E-01 
 8.4323E-01 
 8.4275E-01 
 8.4216E-01 
 8.4135E-01 
 8.4025E-01 
 8.3886E-01 
 8.3720E-01 
 8.3514E-01 
 8.3228E-01 
 8.2808E-01 
 8.2191E-01 
 8.1313E-01 
 8.0120E-01 
 7.8569E-01 
 7.6644E-01 
 7.4354E-01 
 7.1732E-01 
 6.8892E-01 
 6.5990E-01 
 6.3162E-01 
 6.0519E-01 
 5.8024E-01 
 5.5559E-01 
 5.3023E-01 
 5.0363E-01 
 4.7615E-01 
 4.4825E-01 
 4.2029E-01 
 3.9264E-01 
 3.6564E-01 
 3.3957E-01 
 3.1464E-01 
 2.9079E-01 
 2.6793E-01 
 2.4596E-01 
 2.2482E-01 
 2.0444E-01 
 1.8479E-01 
 1.6584E-01 
 1.4760E-01 
 1.3006E-01 
 1.1321E-01 
 9.7052E-02 
 8.1746E-02 
 6.7425E-02 
 5.3876E-02 
 4.0713E-02 
 8.6978E-01 
 8.6976E-01 
 8.6968E-01 
 8.6955E-01 
 8.6936E-01 
 8.6913E-01 
 8.6881E-01 
 8.6824E-01 
 8.6733E-01 
 8.6609E-01 
 8.6451E-01 
 8.6236E-01 
 8.5904E-01 
 8.5389E-01 
 8.4624E-01 
 8.3546E-01 
 8.2099E-01 
 8.0254E-01 
 7.8028E-01 
 7.5464E-01 
 7.2623E-01 
 6.9610E-01 
 6.6545E-01 
 6.3536E-01 
 6.0666E-01 
 5.7917E-01 
 5.5223E-01 
 5.2527E-01 
 4.9802E-01 
 4.7068E-01 
 4.4345E-01 
 4.1654E-01 
 3.9014E-01 
 3.6448E-01 
 3.3975E-01 
 3.1605E-01 
 2.9329E-01 
 2.7137E-01 
 2.5018E-01 
 2.2969E-01 
 2.0984E-01 
 1.9063E-01 
 1.7206E-01 
 1.5415E-01 
 1.3692E-01 
 1.2035E-01 
 1.0447E-01 
 8.9469E-02 
 7.5481E-02 
 6.2284E-02 
 4.9482E-02 
 8.5079E-01 
 8.5085E-01 
 8.5104E-01 
 8.5136E-01 
 8.5180E-01 
 8.5236E-01 
 8.5299E-01 
 8.5342E-01 
 8.5361E-01 
 8.5371E-01 
 8.5378E-01 
 8.5352E-01 
 8.5231E-01 
 8.4945E-01 
 8.4422E-01 
 8.3590E-01 
 8.2387E-01 
 8.0769E-01 
 7.8730E-01 
 7.6287E-01 
 7.3479E-01 
 7.0424E-01 
 6.7274E-01 
 6.4163E-01 
 6.1201E-01 
 5.8380E-01 
 5.5626E-01 
 5.2871E-01 
 5.0082E-01 
 4.7281E-01 
 4.4491E-01 
 4.1734E-01 
 3.9034E-01 
 3.6416E-01 
 3.3905E-01 
 3.1509E-01 
 2.9217E-01 
 2.7014E-01 
 2.4885E-01 
 2.2824E-01 
 2.0827E-01 
 1.8889E-01 
 1.7012E-01 
 1.5199E-01 
 1.3453E-01 
 1.1772E-01 
 1.0161E-01 
 8.6390E-02 
 7.2198E-02 
 5.8808E-02 
 4.5820E-02 
 8.3753E-01 
 8.3757E-01 
 8.3768E-01 
 8.3786E-01 
 8.3810E-01 
 8.3840E-01 
 8.3857E-01 
 8.3780E-01 
 8.3641E-01 
 8.3557E-01 
 8.3611E-01 
 8.3793E-01 
 8.3996E-01 
 8.4090E-01 
 8.3915E-01 
 8.3314E-01 
 8.2151E-01 
 8.0344E-01 
 7.7895E-01 
 7.4830E-01 
 7.1245E-01 
 6.7434E-01 
 6.3758E-01 
 6.0523E-01 
 5.7970E-01 
 5.5938E-01 
 5.4109E-01 
 5.2207E-01 
 5.0088E-01 
 4.7783E-01 
 4.5321E-01 
 4.2739E-01 
 4.0097E-01 
 3.7474E-01 
 3.4935E-01 
 3.2517E-01 
 3.0208E-01 
 2.7992E-01 
 2.5853E-01 
 2.3783E-01 
 2.1778E-01 
 1.9835E-01 
 1.7954E-01 
 1.6139E-01 
 1.4390E-01 
 1.2707E-01 
 1.1095E-01 
 9.5702E-02 
 8.1479E-02 
 6.8041E-02 
 5.4995E-02 
 8.3296E-01 
 8.3267E-01 
 8.3179E-01 
 8.3033E-01 
 8.2827E-01 
 8.2564E-01 
 8.2235E-01 
 8.1799E-01 
 8.1327E-01 
 8.0964E-01 
 8.0847E-01 
 8.1034E-01 
 8.1394E-01 
 8.1757E-01 
 8.1931E-01 
 8.1733E-01 
 8.1003E-01 
 7.9639E-01 
 7.7639E-01 
 7.5068E-01 
 7.2053E-01 
 6.8812E-01 
 6.5580E-01 
 6.2562E-01 
 5.9917E-01 
 5.7545E-01 
 5.5245E-01 
 5.2847E-01 
 5.0282E-01 
 4.7597E-01 
 4.4837E-01 
 4.2043E-01 
 3.9268E-01 
 3.6567E-01 
 3.3987E-01 
 3.1546E-01 
 2.9233E-01 
 2.7032E-01 
 2.4932E-01 
 2.2925E-01 
 2.1005E-01 
 1.9167E-01 
 1.7409E-01 
 1.5729E-01 
 1.4122E-01 
 1.2581E-01 
 1.1108E-01 
 9.7171E-02 
 8.4188E-02 
 7.1918E-02 
 6.0006E-02 
 7.9826E-01 
 7.9819E-01 
 7.9799E-01 
 7.9765E-01 
 7.9716E-01 
 7.9654E-01 
 7.9557E-01 
 7.9355E-01 
 7.9100E-01 
 7.8922E-01 
 7.8930E-01 
 7.9183E-01 
 7.9646E-01 
 8.0228E-01 
 8.0756E-01 
 8.1063E-01 
 8.1005E-01 
 8.0495E-01 
 7.9530E-01 
 7.8153E-01 
 7.6435E-01 
 7.4449E-01 
 7.2268E-01 
 6.9957E-01 
 6.7536E-01 
 6.4933E-01 
 6.2061E-01 
 5.8870E-01 
 5.5402E-01 
 5.1790E-01 
 4.8145E-01 
 4.4563E-01 
 4.1128E-01 
 3.7913E-01 
 3.4965E-01 
 3.2290E-01 
 2.9837E-01 
 2.7562E-01 
 2.5434E-01 
 2.3432E-01 
 2.1541E-01 
 1.9751E-01 
 1.8056E-01 
 1.6447E-01 
 1.4919E-01 
 1.3461E-01 
 1.2072E-01 
 1.0767E-01 
 9.5542E-02 
 8.4116E-02 
 7.3040E-02 
 8.0678E-01 
 8.0665E-01 
 8.0623E-01 
 8.0554E-01 
 8.0457E-01 
 8.0334E-01 
 8.0181E-01 
 7.9998E-01 
 7.9837E-01 
 7.9776E-01 
 7.9880E-01 
 8.0175E-01 
 8.0628E-01 
 8.1165E-01 
 8.1638E-01 
 8.1901E-01 
 8.1824E-01 
 8.1296E-01 
 8.0276E-01 
 7.8810E-01 
 7.6975E-01 
 7.4852E-01 
 7.2520E-01 
 7.0049E-01 
 6.7461E-01 
 6.4698E-01 
 6.1688E-01 
 5.8398E-01 
 5.4871E-01 
 5.1232E-01 
 4.7584E-01 
 4.4015E-01 
 4.0593E-01 
 3.7373E-01 
 3.4392E-01 
 3.1655E-01 
 2.9126E-01 
 2.6775E-01 
 2.4577E-01 
 2.2513E-01 
 2.0569E-01 
 1.8732E-01 
 1.6993E-01 
 1.5345E-01 
 1.3779E-01 
 1.2286E-01 
 1.0866E-01 
 9.5331E-02 
 8.2957E-02 
 7.1305E-02 
 6.0014E-02 
 8.0576E-01 
 8.0549E-01 
 8.0467E-01 
 8.0331E-01 
 8.0142E-01 
 7.9900E-01 
 7.9614E-01 
 7.9313E-01 
 7.9058E-01 
 7.8919E-01 
 7.8936E-01 
 7.9106E-01 
 7.9417E-01 
 7.9827E-01 
 8.0233E-01 
 8.0536E-01 
 8.0641E-01 
 8.0452E-01 
 7.9906E-01 
 7.9014E-01 
 7.7804E-01 
 7.6309E-01 
 7.4567E-01 
 7.2609E-01 
 7.0429E-01 
 6.7965E-01 
 6.5145E-01 
 6.1938E-01 
 5.8400E-01 
 5.4683E-01 
 5.0919E-01 
 4.7208E-01 
 4.3621E-01 
 4.0207E-01 
 3.7002E-01 
 3.4019E-01 
 3.1236E-01 
 2.8630E-01 
 2.6184E-01 
 2.3882E-01 
 2.1712E-01 
 1.9660E-01 
 1.7717E-01 
 1.5877E-01 
 1.4131E-01 
 1.2467E-01 
 1.0887E-01 
 9.4052E-02 
 8.0339E-02 
 6.7452E-02 
 5.4978E-02 
 8.1311E-01 
 8.1308E-01 
 8.1298E-01 
 8.1282E-01 
 8.1259E-01 
 8.1230E-01 
 8.1185E-01 
 8.1103E-01 
 8.0997E-01 
 8.0901E-01 
 8.0843E-01 
 8.0845E-01 
 8.0906E-01 
 8.0992E-01 
 8.1008E-01 
 8.0863E-01 
 8.0476E-01 
 7.9779E-01 
 7.8722E-01 
 7.7279E-01 
 7.5463E-01 
 7.3329E-01 
 7.0944E-01 
 6.8367E-01 
 6.5635E-01 
 6.2762E-01 
 5.9753E-01 
 5.6624E-01 
 5.3413E-01 
 5.0175E-01 
 4.6958E-01 
 4.3799E-01 
 4.0731E-01 
 3.7779E-01 
 3.4960E-01 
 3.2281E-01 
 2.9734E-01 
 2.7310E-01 
 2.5003E-01 
 2.2805E-01 
 2.0711E-01 
 1.8713E-01 
 1.6809E-01 
 1.4995E-01 
 1.3267E-01 
 1.1615E-01 
 1.0041E-01 
 8.5639E-02 
 7.1959E-02 
 5.9100E-02 
 4.6651E-02 
 7.8760E-01 
 7.8757E-01 
 7.8745E-01 
 7.8726E-01 
 7.8700E-01 
 7.8665E-01 
 7.8618E-01 
 7.8548E-01 
 7.8474E-01 
 7.8423E-01 
 7.8412E-01 
 7.8439E-01 
 7.8475E-01 
 7.8473E-01 
 7.8370E-01 
 7.8107E-01 
 7.7630E-01 
 7.6894E-01 
 7.5855E-01 
 7.4487E-01 
 7.2798E-01 
 7.0840E-01 
 6.8670E-01 
 6.6340E-01 
 6.3878E-01 
 6.1285E-01 
 5.8562E-01 
 5.5721E-01 
 5.2794E-01 
 4.9824E-01 
 4.6847E-01 
 4.3895E-01 
 4.0994E-01 
 3.8170E-01 
 3.5438E-01 
 3.2805E-01 
 3.0267E-01 
 2.7823E-01 
 2.5468E-01 
 2.3203E-01 
 2.1027E-01 
 1.8938E-01 
 1.6938E-01 
 1.5028E-01 
 1.3204E-01 
 1.1459E-01 
 9.7975E-02 
 8.2372E-02 
 6.7909E-02 
 5.4298E-02 
 4.1114E-02 
 7.8223E-01 
 7.8218E-01 
 7.8204E-01 
 7.8179E-01 
 7.8144E-01 
 7.8100E-01 
 7.8039E-01 
 7.7951E-01 
 7.7857E-01 
 7.7788E-01 
 7.7773E-01 
 7.7822E-01 
 7.7918E-01 
 7.8013E-01 
 7.8032E-01 
 7.7905E-01 
 7.7569E-01 
 7.6974E-01 
 7.6077E-01 
 7.4848E-01 
 7.3292E-01 
 7.1454E-01 
 6.9388E-01 
 6.7139E-01 
 6.4727E-01 
 6.2143E-01 
 5.9374E-01 
 5.6431E-01 
 5.3358E-01 
 5.0214E-01 
 4.7051E-01 
 4.3912E-01 
 4.0833E-01 
 3.7843E-01 
 3.4964E-01 
 3.2205E-01 
 2.9562E-01 
 2.7032E-01 
 2.4614E-01 
 2.2305E-01 
 2.0105E-01 
 1.8011E-01 
 1.6024E-01 
 1.4145E-01 
 1.2368E-01 
 1.0685E-01 
 9.0949E-02 
 7.6085E-02 
 6.2318E-02 
 4.9361E-02 
 3.6808E-02 
 7.8086E-01 
 7.8089E-01 
 7.8097E-01 
 7.8110E-01 
 7.8129E-01 
 7.8152E-01 
 7.8168E-01 
 7.8160E-01 
 7.8148E-01 
 7.8165E-01 
 7.8241E-01 
 7.8384E-01 
 7.8567E-01 
 7.8733E-01 
 7.8801E-01 
 7.8696E-01 
 7.8350E-01 
 7.7715E-01 
 7.6754E-01 
 7.5443E-01 
 7.3797E-01 
 7.1871E-01 
 6.9726E-01 
 6.7411E-01 
 6.4942E-01 
 6.2299E-01 
 5.9465E-01 
 5.6449E-01 
 5.3299E-01 
 5.0082E-01 
 4.6852E-01 
 4.3655E-01 
 4.0529E-01 
 3.7507E-01 
 3.4610E-01 
 3.1843E-01 
 2.9201E-01 
 2.6680E-01 
 2.4277E-01 
 2.1988E-01 
 1.9811E-01 
 1.7743E-01 
 1.5785E-01 
 1.3936E-01 
 1.2191E-01 
 1.0539E-01 
 8.9807E-02 
 7.5300E-02 
 6.1923E-02 
 4.9366E-02 
 3.7221E-02 
 7.9288E-01 
 7.9297E-01 
 7.9325E-01 
 7.9372E-01 
 7.9436E-01 
 7.9519E-01 
 7.9608E-01 
 7.9685E-01 
 7.9754E-01 
 7.9822E-01 
 7.9902E-01 
 7.9991E-01 
 8.0063E-01 
 8.0077E-01 
 7.9967E-01 
 7.9677E-01 
 7.9157E-01 
 7.8363E-01 
 7.7269E-01 
 7.5866E-01 
 7.4165E-01 
 7.2196E-01 
 6.9990E-01 
 6.7575E-01 
 6.4966E-01 
 6.2163E-01 
 5.9165E-01 
 5.5993E-01 
 5.2702E-01 
 4.9365E-01 
 4.6041E-01 
 4.2778E-01 
 3.9620E-01 
 3.6600E-01 
 3.3741E-01 
 3.1044E-01 
 2.8494E-01 
 2.6081E-01 
 2.3795E-01 
 2.1627E-01 
 1.9570E-01 
 1.7616E-01 
 1.5762E-01 
 1.4004E-01 
 1.2335E-01 
 1.0746E-01 
 9.2389E-02 
 7.8316E-02 
 6.5332E-02 
 5.3145E-02 
 4.1357E-02 
 8.0829E-01 
 8.0829E-01 
 8.0830E-01 
 8.0830E-01 
 8.0830E-01 
 8.0829E-01 
 8.0794E-01 
 8.0686E-01 
 8.0532E-01 
 8.0377E-01 
 8.0272E-01 
 8.0240E-01 
 8.0266E-01 
 8.0287E-01 
 8.0198E-01 
 7.9907E-01 
 7.9336E-01 
 7.8442E-01 
 7.7233E-01 
 7.5757E-01 
 7.4055E-01 
 7.2151E-01 
 7.0068E-01 
 6.7824E-01 
 6.5400E-01 
 6.2743E-01 
 5.9806E-01 
 5.6596E-01 
 5.3191E-01 
 4.9702E-01 
 4.6216E-01 
 4.2801E-01 
 3.9511E-01 
 3.6385E-01 
 3.3448E-01 
 3.0697E-01 
 2.8111E-01 
 2.5676E-01 
 2.3378E-01 
 2.1207E-01 
 1.9154E-01 
 1.7213E-01 
 1.5379E-01 
 1.3649E-01 
 1.2014E-01 
 1.0463E-01 
 8.9992E-02 
 7.6373E-02 
 6.3843E-02 
 5.2099E-02 
 4.0748E-02 
 7.8875E-01 
 7.8867E-01 
 7.8843E-01 
 7.8803E-01 
 7.8747E-01 
 7.8675E-01 
 7.8567E-01 
 7.8405E-01 
 7.8218E-01 
 7.8050E-01 
 7.7965E-01 
 7.8004E-01 
 7.8156E-01 
 7.8362E-01 
 7.8517E-01 
 7.8529E-01 
 7.8313E-01 
 7.7804E-01 
 7.6970E-01 
 7.5801E-01 
 7.4316E-01 
 7.2549E-01 
 7.0538E-01 
 6.8313E-01 
 6.5876E-01 
 6.3203E-01 
 6.0269E-01 
 5.7090E-01 
 5.3737E-01 
 5.0304E-01 
 4.6866E-01 
 4.3486E-01 
 4.0215E-01 
 3.7093E-01 
 3.4145E-01 
 3.1370E-01 
 2.8751E-01 
 2.6276E-01 
 2.3934E-01 
 2.1716E-01 
 1.9615E-01 
 1.7627E-01 
 1.5747E-01 
 1.3974E-01 
 1.2300E-01 
 1.0712E-01 
 9.2143E-02 
 7.8212E-02 
 6.5394E-02 
 5.3379E-02 
 4.1765E-02 
 8.1473E-01 
 8.1468E-01 
 8.1454E-01 
 8.1431E-01 
 8.1398E-01 
 8.1356E-01 
 8.1303E-01 
 8.1242E-01 
 8.1187E-01 
 8.1155E-01 
 8.1150E-01 
 8.1157E-01 
 8.1146E-01 
 8.1064E-01 
 8.0848E-01 
 8.0439E-01 
 7.9789E-01 
 7.8860E-01 
 7.7641E-01 
 7.6139E-01 
 7.4373E-01 
 7.2366E-01 
 7.0143E-01 
 6.7724E-01 
 6.5122E-01 
 6.2337E-01 
 5.9373E-01 
 5.6254E-01 
 5.3033E-01 
 4.9770E-01 
 4.6516E-01 
 4.3310E-01 
 4.0186E-01 
 3.7169E-01 
 3.4278E-01 
 3.1513E-01 
 2.8870E-01 
 2.6345E-01 
 2.3936E-01 
 2.1638E-01 
 1.9448E-01 
 1.7363E-01 
 1.5383E-01 
 1.3505E-01 
 1.1724E-01 
 1.0029E-01 
 8.4266E-02 
 6.9369E-02 
 5.5674E-02 
 4.2837E-02 
 3.0431E-02 
 8.2719E-01 
 8.2689E-01 
 8.2596E-01 
 8.2443E-01 
 8.2230E-01 
 8.1958E-01 
 8.1638E-01 
 8.1294E-01 
 8.0971E-01 
 8.0721E-01 
 8.0625E-01 
 8.0696E-01 
 8.0872E-01 
 8.1064E-01 
 8.1161E-01 
 8.1062E-01 
 8.0679E-01 
 7.9935E-01 
 7.8801E-01 
 7.7294E-01 
 7.5455E-01 
 7.3342E-01 
 7.1014E-01 
 6.8515E-01 
 6.5848E-01 
 6.2974E-01 
 5.9863E-01 
 5.6520E-01 
 5.3021E-01 
 4.9464E-01 
 4.5926E-01 
 4.2469E-01 
 3.9145E-01 
 3.5992E-01 
 3.3037E-01 
 3.0272E-01 
 2.7679E-01 
 2.5242E-01 
 2.2949E-01 
 2.0787E-01 
 1.8751E-01 
 1.6832E-01 
 1.5028E-01 
 1.3335E-01 
 1.1744E-01 
 1.0241E-01 
 8.8284E-02 
 7.5189E-02 
 6.3153E-02 
 5.1871E-02 
 4.0964E-02 
 8.2204E-01 
 8.2170E-01 
 8.2067E-01 
 8.1896E-01 
 8.1657E-01 
 8.1353E-01 
 8.0997E-01 
 8.0626E-01 
 8.0306E-01 
 8.0111E-01 
 8.0127E-01 
 8.0345E-01 
 8.0675E-01 
 8.0997E-01 
 8.1174E-01 
 8.1081E-01 
 8.0611E-01 
 7.9683E-01 
 7.8322E-01 
 7.6627E-01 
 7.4678E-01 
 7.2526E-01 
 7.0220E-01 
 6.7792E-01 
 6.5224E-01 
 6.2454E-01 
 5.9436E-01 
 5.6168E-01 
 5.2732E-01 
 4.9230E-01 
 4.5743E-01 
 4.2336E-01 
 3.9059E-01 
 3.5949E-01 
 3.3033E-01 
 3.0301E-01 
 2.7736E-01 
 2.5322E-01 
 2.3047E-01 
 2.0901E-01 
 1.8876E-01 
 1.6968E-01 
 1.5173E-01 
 1.3487E-01 
 1.1900E-01 
 1.0401E-01 
 8.9925E-02 
 7.6886E-02 
 6.4924E-02 
 5.3724E-02 
 4.2905E-02 
 8.3498E-01 
 8.3491E-01 
 8.3469E-01 
 8.3434E-01 
 8.3385E-01 
 8.3322E-01 
 8.3249E-01 
 8.3168E-01 
 8.3079E-01 
 8.2979E-01 
 8.2862E-01 
 8.2701E-01 
 8.2459E-01 
 8.2090E-01 
 8.1544E-01 
 8.0776E-01 
 7.9751E-01 
 7.8446E-01 
 7.6865E-01 
 7.5032E-01 
 7.2977E-01 
 7.0731E-01 
 6.8322E-01 
 6.5776E-01 
 6.3112E-01 
 6.0342E-01 
 5.7477E-01 
 5.4539E-01 
 5.1558E-01 
 4.8570E-01 
 4.5601E-01 
 4.2677E-01 
 3.9817E-01 
 3.7037E-01 
 3.4350E-01 
 3.1759E-01 
 2.9264E-01 
 2.6866E-01 
 2.4564E-01 
 2.2358E-01 
 2.0246E-01 
 1.8226E-01 
 1.6299E-01 
 1.4465E-01 
 1.2716E-01 
 1.1047E-01 
 9.4665E-02 
 7.9981E-02 
 6.6507E-02 
 5.3896E-02 
 4.1715E-02 
 7.9117E-01 
 7.9119E-01 
 7.9127E-01 
 7.9140E-01 
 7.9158E-01 
 7.9181E-01 
 7.9207E-01 
 7.9236E-01 
 7.9266E-01 
 7.9292E-01 
 7.9304E-01 
 7.9274E-01 
 7.9168E-01 
 7.8939E-01 
 7.8539E-01 
 7.7926E-01 
 7.7069E-01 
 7.5950E-01 
 7.4572E-01 
 7.2947E-01 
 7.1096E-01 
 6.9041E-01 
 6.6803E-01 
 6.4402E-01 
 6.1856E-01 
 5.9178E-01 
 5.6382E-01 
 5.3492E-01 
 5.0542E-01 
 4.7564E-01 
 4.4587E-01 
 4.1637E-01 
 3.8739E-01 
 3.5912E-01 
 3.3175E-01 
 3.0539E-01 
 2.8016E-01 
 2.5614E-01 
 2.3339E-01 
 2.1194E-01 
 1.9182E-01 
 1.7304E-01 
 1.5563E-01 
 1.3957E-01 
 1.2478E-01 
 1.1118E-01 
 9.8800E-02 
 8.7773E-02 
 7.8072E-02 
 6.9294E-02 
 6.0978E-02 
 7.5955E-01 
 7.5886E-01 
 7.5676E-01 
 7.5329E-01 
 7.4845E-01 
 7.4227E-01 
 7.3478E-01 
 7.2602E-01 
 7.1603E-01 
 7.0487E-01 
 6.9259E-01 
 6.7926E-01 
 6.6494E-01 
 6.4972E-01 
 6.3366E-01 
 6.1685E-01 
 5.9936E-01 
 5.8127E-01 
 5.6268E-01 
 5.4366E-01 
 5.2432E-01 
 5.0473E-01 
 4.8498E-01 
 4.6514E-01 
 4.4529E-01 
 4.2547E-01 
 4.0577E-01 
 3.8623E-01 
 3.6691E-01 
 3.4786E-01 
 3.2912E-01 
 3.1072E-01 
 2.9270E-01 
 2.7510E-01 
 2.5793E-01 
 2.4122E-01 
 2.2499E-01 
 2.0924E-01 
 1.9399E-01 
 1.7926E-01 
 1.6505E-01 
 1.5136E-01 
 1.3821E-01 
 1.2562E-01 
 1.1356E-01 
 1.0199E-01 
 9.1029E-02 
 8.0863E-02 
 7.1560E-02 
 6.2868E-02 
 5.4481E-02 
 8.2588E-01 
 8.2565E-01 
 8.2495E-01 
 8.2379E-01 
 8.2217E-01 
 8.2010E-01 
 8.1757E-01 
 8.1452E-01 
 8.1089E-01 
 8.0661E-01 
 8.0155E-01 
 7.9556E-01 
 7.8845E-01 
 7.8005E-01 
 7.7019E-01 
 7.5873E-01 
 7.4555E-01 
 7.3062E-01 
 7.1397E-01 
 6.9565E-01 
 6.7581E-01 
 6.5459E-01 
 6.3216E-01 
 6.0865E-01 
 5.8421E-01 
 5.5899E-01 
 5.3311E-01 
 5.0674E-01 
 4.8011E-01 
 4.5346E-01 
 4.2697E-01 
 4.0083E-01 
 3.7518E-01 
 3.5017E-01 
 3.2590E-01 
 3.0247E-01 
 2.7995E-01 
 2.5840E-01 
 2.3785E-01 
 2.1833E-01 
 1.9986E-01 
 1.8244E-01 
 1.6609E-01 
 1.5080E-01 
 1.3653E-01 
 1.2320E-01 
 1.1089E-01 
 9.9752E-02 
 8.9802E-02 
 8.0691E-02 
 7.1999E-02 
 8.0834E-01 
 8.0840E-01 
 8.0859E-01 
 8.0890E-01 
 8.0933E-01 
 8.0988E-01 
 8.1057E-01 
 8.1144E-01 
 8.1261E-01 
 8.1413E-01 
 8.1582E-01 
 8.1730E-01 
 8.1809E-01 
 8.1761E-01 
 8.1523E-01 
 8.1039E-01 
 8.0261E-01 
 7.9149E-01 
 7.7693E-01 
 7.5903E-01 
 7.3810E-01 
 7.1460E-01 
 6.8897E-01 
 6.6158E-01 
 6.3270E-01 
 6.0250E-01 
 5.7117E-01 
 5.3898E-01 
 5.0638E-01 
 4.7379E-01 
 4.4157E-01 
 4.1006E-01 
 3.7953E-01 
 3.5023E-01 
 3.2233E-01 
 2.9587E-01 
 2.7089E-01 
 2.4740E-01 
 2.2538E-01 
 2.0484E-01 
 1.8573E-01 
 1.6804E-01 
 1.5173E-01 
 1.3679E-01 
 1.2309E-01 
 1.1053E-01 
 9.9098E-02 
 8.8875E-02 
 7.9824E-02 
 7.1591E-02 
 6.3769E-02 
 8.0275E-01 
 8.0278E-01 
 8.0286E-01 
 8.0299E-01 
 8.0318E-01 
 8.0342E-01 
 8.0367E-01 
 8.0386E-01 
 8.0390E-01 
 8.0365E-01 
 8.0288E-01 
 8.0131E-01 
 7.9860E-01 
 7.9443E-01 
 7.8847E-01 
 7.8044E-01 
 7.7010E-01 
 7.5725E-01 
 7.4183E-01 
 7.2386E-01 
 7.0356E-01 
 6.8124E-01 
 6.5719E-01 
 6.3170E-01 
 6.0499E-01 
 5.7730E-01 
 5.4882E-01 
 5.1981E-01 
 4.9054E-01 
 4.6126E-01 
 4.3221E-01 
 4.0360E-01 
 3.7562E-01 
 3.4845E-01 
 3.2222E-01 
 2.9701E-01 
 2.7289E-01 
 2.4992E-01 
 2.2813E-01 
 2.0753E-01 
 1.8815E-01 
 1.6997E-01 
 1.5301E-01 
 1.3725E-01 
 1.2262E-01 
 1.0906E-01 
 9.6616E-02 
 8.5434E-02 
 7.5514E-02 
 6.6479E-02 
 5.7885E-02 
 8.2078E-01 
 8.2074E-01 
 8.2061E-01 
 8.2038E-01 
 8.2007E-01 
 8.1968E-01 
 8.1916E-01 
 8.1846E-01 
 8.1753E-01 
 8.1625E-01 
 8.1445E-01 
 8.1189E-01 
 8.0830E-01 
 8.0334E-01 
 7.9667E-01 
 7.8799E-01 
 7.7708E-01 
 7.6377E-01 
 7.4803E-01 
 7.2997E-01 
 7.0982E-01 
 6.8787E-01 
 6.6438E-01 
 6.3961E-01 
 6.1377E-01 
 5.8703E-01 
 5.5957E-01 
 5.3160E-01 
 5.0334E-01 
 4.7502E-01 
 4.4682E-01 
 4.1891E-01 
 3.9148E-01 
 3.6465E-01 
 3.3851E-01 
 3.1313E-01 
 2.8854E-01 
 2.6476E-01 
 2.4183E-01 
 2.1974E-01 
 1.9852E-01 
 1.7815E-01 
 1.5867E-01 
 1.4009E-01 
 1.2235E-01 
 1.0538E-01 
 8.9314E-02 
 7.4399E-02 
 6.0716E-02 
 4.7904E-02 
 3.5528E-02 
 7.8198E-01 
 7.8206E-01 
 7.8232E-01 
 7.8275E-01 
 7.8334E-01 
 7.8409E-01 
 7.8497E-01 
 7.8589E-01 
 7.8678E-01 
 7.8755E-01 
 7.8814E-01 
 7.8837E-01 
 7.8798E-01 
 7.8652E-01 
 7.8342E-01 
 7.7819E-01 
 7.7039E-01 
 7.5973E-01 
 7.4614E-01 
 7.2976E-01 
 7.1085E-01 
 6.8972E-01 
 6.6667E-01 
 6.4196E-01 
 6.1583E-01 
 5.8850E-01 
 5.6016E-01 
 5.3106E-01 
 5.0149E-01 
 4.7176E-01 
 4.4210E-01 
 4.1278E-01 
 3.8400E-01 
 3.5598E-01 
 3.2884E-01 
 3.0269E-01 
 2.7758E-01 
 2.5359E-01 
 2.3078E-01 
 2.0922E-01 
 1.8898E-01 
 1.7007E-01 
 1.5254E-01 
 1.3639E-01 
 1.2156E-01 
 1.0796E-01 
 9.5598E-02 
 8.4584E-02 
 7.4909E-02 
 6.6179E-02 
 5.7921E-02 
 8.3260E-01 
 8.3253E-01 
 8.3234E-01 
 8.3203E-01 
 8.3158E-01 
 8.3102E-01 
 8.3030E-01 
 8.2940E-01 
 8.2826E-01 
 8.2683E-01 
 8.2501E-01 
 8.2257E-01 
 8.1923E-01 
 8.1461E-01 
 8.0832E-01 
 8.0000E-01 
 7.8937E-01 
 7.7625E-01 
 7.6064E-01 
 7.4264E-01 
 7.2244E-01 
 7.0029E-01 
 6.7645E-01 
 6.5113E-01 
 6.2453E-01 
 5.9679E-01 
 5.6806E-01 
 5.3855E-01 
 5.0862E-01 
 4.7861E-01 
 4.4881E-01 
 4.1949E-01 
 3.9089E-01 
 3.6320E-01 
 3.3657E-01 
 3.1107E-01 
 2.8677E-01 
 2.6369E-01 
 2.4186E-01 
 2.2129E-01 
 2.0197E-01 
 1.8387E-01 
 1.6700E-01 
 1.5133E-01 
 1.3680E-01 
 1.2329E-01 
 1.1082E-01 
 9.9540E-02 
 8.9450E-02 
 8.0206E-02 
 7.1384E-02 
 8.2952E-01 
 8.2943E-01 
 8.2917E-01 
 8.2874E-01 
 8.2814E-01 
 8.2737E-01 
 8.2644E-01 
 8.2535E-01 
 8.2413E-01 
 8.2279E-01 
 8.2131E-01 
 8.1941E-01 
 8.1676E-01 
 8.1300E-01 
 8.0776E-01 
 8.0069E-01 
 7.9153E-01 
 7.8009E-01 
 7.6629E-01 
 7.5010E-01 
 7.3161E-01 
 7.1099E-01 
 6.8843E-01 
 6.6409E-01 
 6.3808E-01 
 6.1048E-01 
 5.8142E-01 
 5.5113E-01 
 5.2012E-01 
 4.8885E-01 
 4.5773E-01 
 4.2710E-01 
 3.9727E-01 
 3.6846E-01 
 3.4085E-01 
 3.1452E-01 
 2.8952E-01 
 2.6586E-01 
 2.4357E-01 
 2.2265E-01 
 2.0307E-01 
 1.8481E-01 
 1.6784E-01 
 1.5214E-01 
 1.3762E-01 
 1.2416E-01 
 1.1176E-01 
 1.0055E-01 
 9.0506E-02 
 8.1288E-02 
 7.2481E-02 
 8.2970E-01 
 8.2958E-01 
 8.2920E-01 
 8.2857E-01 
 8.2769E-01 
 8.2657E-01 
 8.2523E-01 
 8.2371E-01 
 8.2210E-01 
 8.2053E-01 
 8.1900E-01 
 8.1722E-01 
 8.1481E-01 
 8.1137E-01 
 8.0650E-01 
 7.9984E-01 
 7.9108E-01 
 7.8001E-01 
 7.6649E-01 
 7.5045E-01 
 7.3195E-01 
 7.1116E-01 
 6.8829E-01 
 6.6349E-01 
 6.3687E-01 
 6.0852E-01 
 5.7854E-01 
 5.4721E-01 
 5.1505E-01 
 4.8265E-01 
 4.5044E-01 
 4.1884E-01 
 3.8819E-01 
 3.5874E-01 
 3.3069E-01 
 3.0410E-01 
 2.7896E-01 
 2.5527E-01 
 2.3304E-01 
 2.1225E-01 
 1.9288E-01 
 1.7488E-01 
 1.5823E-01 
 1.4289E-01 
 1.2877E-01 
 1.1575E-01 
 1.0382E-01 
 9.3085E-02 
 8.3527E-02 
 7.4794E-02 
 6.6474E-02 
 8.2036E-01 
 8.2039E-01 
 8.2050E-01 
 8.2069E-01 
 8.2094E-01 
 8.2127E-01 
 8.2166E-01 
 8.2212E-01 
 8.2264E-01 
 8.2324E-01 
 8.2383E-01 
 8.2405E-01 
 8.2346E-01 
 8.2165E-01 
 8.1825E-01 
 8.1292E-01 
 8.0538E-01 
 7.9538E-01 
 7.8276E-01 
 7.6737E-01 
 7.4929E-01 
 7.2874E-01 
 7.0593E-01 
 6.8106E-01 
 6.5423E-01 
 6.2555E-01 
 5.9511E-01 
 5.6320E-01 
 5.3037E-01 
 4.9716E-01 
 4.6402E-01 
 4.3135E-01 
 3.9946E-01 
 3.6863E-01 
 3.3902E-01 
 3.1072E-01 
 2.8374E-01 
 2.5812E-01 
 2.3394E-01 
 2.1128E-01 
 1.9019E-01 
 1.7069E-01 
 1.5280E-01 
 1.3653E-01 
 1.2177E-01 
 1.0837E-01 
 9.6291E-02 
 8.5572E-02 
 7.6141E-02 
 6.7608E-02 
 5.9524E-02 
 8.0787E-01 
 8.0785E-01 
 8.0778E-01 
 8.0767E-01 
 8.0751E-01 
 8.0732E-01 
 8.0715E-01 
 8.0715E-01 
 8.0758E-01 
 8.0875E-01 
 8.1082E-01 
 8.1327E-01 
 8.1551E-01 
 8.1693E-01 
 8.1696E-01 
 8.1508E-01 
 8.1083E-01 
 8.0383E-01 
 7.9375E-01 
 7.8033E-01 
 7.6365E-01 
 7.4399E-01 
 7.2164E-01 
 6.9680E-01 
 6.6947E-01 
 6.3957E-01 
 6.0709E-01 
 5.7237E-01 
 5.3630E-01 
 4.9978E-01 
 4.6355E-01 
 4.2820E-01 
 3.9426E-01 
 3.6211E-01 
 3.3195E-01 
 3.0371E-01 
 2.7723E-01 
 2.5241E-01 
 2.2922E-01 
 2.0765E-01 
 1.8767E-01 
 1.6923E-01 
 1.5232E-01 
 1.3689E-01 
 1.2283E-01 
 1.0999E-01 
 9.8356E-02 
 8.7978E-02 
 7.8811E-02 
 7.0491E-02 
 6.2595E-02 
 8.0146E-01 
 8.0145E-01 
 8.0142E-01 
 8.0137E-01 
 8.0130E-01 
 8.0121E-01 
 8.0108E-01 
 8.0090E-01 
 8.0062E-01 
 8.0029E-01 
 7.9987E-01 
 7.9907E-01 
 7.9751E-01 
 7.9486E-01 
 7.9077E-01 
 7.8496E-01 
 7.7719E-01 
 7.6735E-01 
 7.5536E-01 
 7.4059E-01 
 7.2294E-01 
 7.0274E-01 
 6.8034E-01 
 6.5600E-01 
 6.2992E-01 
 6.0226E-01 
 5.7318E-01 
 5.4298E-01 
 5.1214E-01 
 4.8111E-01 
 4.5025E-01 
 4.1993E-01 
 3.9046E-01 
 3.6208E-01 
 3.3494E-01 
 3.0907E-01 
 2.8447E-01 
 2.6114E-01 
 2.3910E-01 
 2.1836E-01 
 1.9893E-01 
 1.8079E-01 
 1.6392E-01 
 1.4833E-01 
 1.3391E-01 
 1.2056E-01 
 1.0831E-01 
 9.7278E-02 
 8.7445E-02 
 7.8456E-02 
 6.9889E-02 


!ti from confinement nodes [keV]
POINTS 51 GRIDTYPE 14 NAMEXP TI NTIMES 32 
 3.0030E-01 
  3.2530E-01 
  3.5030E-01 
  3.7530E-01 
  4.0030E-01 
  4.2530E-01 
  4.5030E-01 
  4.7530E-01 
  5.0030E-01 
  5.2530E-01 
  5.5030E-01 
  5.7530E-01 
  6.0030E-01 
  6.2530E-01 
  6.5030E-01 
  6.7530E-01 
  7.0030E-01 
  7.2530E-01 
  7.5030E-01 
  7.7530E-01 
  8.0030E-01 
  8.2530E-01 
  8.5030E-01 
  8.7530E-01 
  9.0030E-01 
  9.2530E-01 
  9.5030E-01 
  9.7530E-01 
  1.0003E+00 
  1.0253E+00 
  1.0503E+00 
  1.0753E+00 
  0.0000E+00 
  2.0000E-02 
  4.0000E-02 
  6.0000E-02 
  8.0000E-02 
  1.0000E-01 
  1.2000E-01 
  1.4000E-01 
  1.6000E-01 
  1.8000E-01 
  2.0000E-01 
  2.2000E-01 
  2.4000E-01 
  2.6000E-01 
  2.8000E-01 
  3.0000E-01 
  3.2000E-01 
  3.4000E-01 
  3.6000E-01 
  3.8000E-01 
  4.0000E-01 
  4.2000E-01 
  4.4000E-01 
  4.6000E-01 
  4.8000E-01 
  5.0000E-01 
  5.2000E-01 
  5.4000E-01 
  5.6000E-01 
  5.8000E-01 
  6.0000E-01 
  6.2000E-01 
  6.4000E-01 
  6.6000E-01 
  6.8000E-01 
  7.0000E-01 
  7.2000E-01 
  7.4000E-01 
  7.6000E-01 
  7.8000E-01 
  8.0000E-01 
  8.2000E-01 
  8.4000E-01 
  8.6000E-01 
  8.8000E-01 
  9.0000E-01 
  9.2000E-01 
  9.4000E-01 
  9.6000E-01 
  9.8000E-01 
  1.0000E+00 
  5.2565E-01 
 5.2562E-01 
 5.2552E-01 
 5.2536E-01 
 5.2513E-01 
 5.2484E-01 
 5.2447E-01 
 5.2396E-01 
 5.2328E-01 
 5.2241E-01 
 5.2138E-01 
 5.2010E-01 
 5.1831E-01 
 5.1570E-01 
 5.1185E-01 
 5.0639E-01 
 4.9896E-01 
 4.8930E-01 
 4.7731E-01 
 4.6305E-01 
 4.4672E-01 
 4.2904E-01 
 4.1096E-01 
 3.9335E-01 
 3.7689E-01 
 3.6135E-01 
 3.4600E-01 
 3.3021E-01 
 3.1364E-01 
 2.9653E-01 
 2.7915E-01 
 2.6174E-01 
 2.4452E-01 
 2.2771E-01 
 2.1147E-01 
 1.9594E-01 
 1.8109E-01 
 1.6686E-01 
 1.5318E-01 
 1.4001E-01 
 1.2732E-01 
 1.1508E-01 
 1.0328E-01 
 9.1917E-02 
 8.0999E-02 
 7.0503E-02 
 6.0440E-02 
 5.0908E-02 
 4.1990E-02 
 3.3552E-02 
 2.5355E-02 
 5.4710E-01 
 5.4709E-01 
 5.4704E-01 
 5.4695E-01 
 5.4684E-01 
 5.4669E-01 
 5.4649E-01 
 5.4613E-01 
 5.4556E-01 
 5.4478E-01 
 5.4378E-01 
 5.4243E-01 
 5.4034E-01 
 5.3710E-01 
 5.3229E-01 
 5.2551E-01 
 5.1641E-01 
 5.0480E-01 
 4.9080E-01 
 4.7468E-01 
 4.5680E-01 
 4.3785E-01 
 4.1857E-01 
 3.9965E-01 
 3.8159E-01 
 3.6431E-01 
 3.4736E-01 
 3.3040E-01 
 3.1326E-01 
 2.9606E-01 
 2.7893E-01 
 2.6200E-01 
 2.4540E-01 
 2.2926E-01 
 2.1370E-01 
 1.9880E-01 
 1.8448E-01 
 1.7069E-01 
 1.5737E-01 
 1.4447E-01 
 1.3199E-01 
 1.1991E-01 
 1.0823E-01 
 9.6962E-02 
 8.6125E-02 
 7.5701E-02 
 6.5715E-02 
 5.6277E-02 
 4.7478E-02 
 3.9177E-02 
 3.1124E-02 
 5.3206E-01 
 5.3210E-01 
 5.3222E-01 
 5.3242E-01 
 5.3270E-01 
 5.3305E-01 
 5.3344E-01 
 5.3371E-01 
 5.3383E-01 
 5.3389E-01 
 5.3394E-01 
 5.3378E-01 
 5.3302E-01 
 5.3123E-01 
 5.2796E-01 
 5.2276E-01 
 5.1523E-01 
 5.0511E-01 
 4.9236E-01 
 4.7708E-01 
 4.5952E-01 
 4.4042E-01 
 4.2072E-01 
 4.0126E-01 
 3.8274E-01 
 3.6510E-01 
 3.4788E-01 
 3.3065E-01 
 3.1321E-01 
 2.9569E-01 
 2.7824E-01 
 2.6099E-01 
 2.4411E-01 
 2.2774E-01 
 2.1203E-01 
 1.9705E-01 
 1.8272E-01 
 1.6894E-01 
 1.5563E-01 
 1.4274E-01 
 1.3025E-01 
 1.1813E-01 
 1.0639E-01 
 9.5053E-02 
 8.4132E-02 
 7.3620E-02 
 6.3547E-02 
 5.4026E-02 
 4.5151E-02 
 3.6778E-02 
 2.8655E-02 
 5.1414E-01 
 5.1416E-01 
 5.1423E-01 
 5.1434E-01 
 5.1449E-01 
 5.1467E-01 
 5.1477E-01 
 5.1430E-01 
 5.1345E-01 
 5.1294E-01 
 5.1327E-01 
 5.1438E-01 
 5.1563E-01 
 5.1621E-01 
 5.1513E-01 
 5.1144E-01 
 5.0430E-01 
 4.9321E-01 
 4.7818E-01 
 4.5936E-01 
 4.3735E-01 
 4.1396E-01 
 3.9139E-01 
 3.7154E-01 
 3.5586E-01 
 3.4339E-01 
 3.3216E-01 
 3.2048E-01 
 3.0748E-01 
 2.9333E-01 
 2.7821E-01 
 2.6236E-01 
 2.4615E-01 
 2.3004E-01 
 2.1446E-01 
 1.9961E-01 
 1.8544E-01 
 1.7183E-01 
 1.5870E-01 
 1.4600E-01 
 1.3369E-01 
 1.2176E-01 
 1.1022E-01 
 9.9070E-02 
 8.8336E-02 
 7.8005E-02 
 6.8106E-02 
 5.8749E-02 
 5.0018E-02 
 4.1768E-02 
 3.3760E-02 
 5.0911E-01 
 5.0893E-01 
 5.0839E-01 
 5.0750E-01 
 5.0624E-01 
 5.0464E-01 
 5.0262E-01 
 4.9996E-01 
 4.9707E-01 
 4.9485E-01 
 4.9414E-01 
 4.9528E-01 
 4.9748E-01 
 4.9970E-01 
 5.0076E-01 
 4.9956E-01 
 4.9509E-01 
 4.8676E-01 
 4.7453E-01 
 4.5882E-01 
 4.4039E-01 
 4.2058E-01 
 4.0082E-01 
 3.8238E-01 
 3.6622E-01 
 3.5172E-01 
 3.3766E-01 
 3.2301E-01 
 3.0733E-01 
 2.9092E-01 
 2.7404E-01 
 2.5697E-01 
 2.4001E-01 
 2.2350E-01 
 2.0773E-01 
 1.9281E-01 
 1.7867E-01 
 1.6522E-01 
 1.5238E-01 
 1.4012E-01 
 1.2838E-01 
 1.1715E-01 
 1.0641E-01 
 9.6136E-02 
 8.6313E-02 
 7.6898E-02 
 6.7895E-02 
 5.9391E-02 
 5.1456E-02 
 4.3957E-02 
 3.6676E-02 
 4.8766E-01 
 4.8762E-01 
 4.8750E-01 
 4.8729E-01 
 4.8699E-01 
 4.8661E-01 
 4.8602E-01 
 4.8478E-01 
 4.8323E-01 
 4.8214E-01 
 4.8219E-01 
 4.8373E-01 
 4.8657E-01 
 4.9012E-01 
 4.9334E-01 
 4.9522E-01 
 4.9486E-01 
 4.9175E-01 
 4.8585E-01 
 4.7744E-01 
 4.6695E-01 
 4.5481E-01 
 4.4149E-01 
 4.2737E-01 
 4.1258E-01 
 3.9668E-01 
 3.7913E-01 
 3.5964E-01 
 3.3846E-01 
 3.1639E-01 
 2.9412E-01 
 2.7224E-01 
 2.5126E-01 
 2.3161E-01 
 2.1361E-01 
 1.9726E-01 
 1.8227E-01 
 1.6838E-01 
 1.5538E-01 
 1.4315E-01 
 1.3159E-01 
 1.2066E-01 
 1.1030E-01 
 1.0048E-01 
 9.1141E-02 
 8.2233E-02 
 7.3750E-02 
 6.5775E-02 
 5.8367E-02 
 5.1387E-02 
 4.4621E-02 
 4.9079E-01 
 4.9070E-01 
 4.9045E-01 
 4.9003E-01 
 4.8944E-01 
 4.8869E-01 
 4.8776E-01 
 4.8665E-01 
 4.8567E-01 
 4.8530E-01 
 4.8593E-01 
 4.8772E-01 
 4.9048E-01 
 4.9375E-01 
 4.9662E-01 
 4.9822E-01 
 4.9775E-01 
 4.9455E-01 
 4.8834E-01 
 4.7942E-01 
 4.6826E-01 
 4.5534E-01 
 4.4116E-01 
 4.2613E-01 
 4.1038E-01 
 3.9357E-01 
 3.7527E-01 
 3.5525E-01 
 3.3380E-01 
 3.1165E-01 
 2.8947E-01 
 2.6775E-01 
 2.4694E-01 
 2.2735E-01 
 2.0921E-01 
 1.9256E-01 
 1.7718E-01 
 1.6288E-01 
 1.4951E-01 
 1.3695E-01 
 1.2513E-01 
 1.1395E-01 
 1.0338E-01 
 9.3347E-02 
 8.3820E-02 
 7.4740E-02 
 6.6103E-02 
 5.7992E-02 
 5.0465E-02 
 4.3377E-02 
 3.6508E-02 
 4.9442E-01 
 4.9425E-01 
 4.9375E-01 
 4.9292E-01 
 4.9176E-01 
 4.9027E-01 
 4.8851E-01 
 4.8667E-01 
 4.8510E-01 
 4.8425E-01 
 4.8436E-01 
 4.8540E-01 
 4.8731E-01 
 4.8982E-01 
 4.9232E-01 
 4.9417E-01 
 4.9482E-01 
 4.9366E-01 
 4.9031E-01 
 4.8483E-01 
 4.7741E-01 
 4.6824E-01 
 4.5755E-01 
 4.4553E-01 
 4.3216E-01 
 4.1704E-01 
 3.9974E-01 
 3.8006E-01 
 3.5835E-01 
 3.3554E-01 
 3.1245E-01 
 2.8967E-01 
 2.6766E-01 
 2.4671E-01 
 2.2705E-01 
 2.0875E-01 
 1.9166E-01 
 1.7567E-01 
 1.6067E-01 
 1.4654E-01 
 1.3322E-01 
 1.2063E-01 
 1.0871E-01 
 9.7422E-02 
 8.6707E-02 
 7.6501E-02 
 6.6802E-02 
 5.7711E-02 
 4.9297E-02 
 4.1389E-02 
 3.3735E-02 
 4.9630E-01 
 4.9628E-01 
 4.9622E-01 
 4.9612E-01 
 4.9598E-01 
 4.9581E-01 
 4.9553E-01 
 4.9503E-01 
 4.9439E-01 
 4.9380E-01 
 4.9344E-01 
 4.9345E-01 
 4.9383E-01 
 4.9435E-01 
 4.9445E-01 
 4.9357E-01 
 4.9121E-01 
 4.8695E-01 
 4.8050E-01 
 4.7169E-01 
 4.6061E-01 
 4.4758E-01 
 4.3302E-01 
 4.1729E-01 
 4.0062E-01 
 3.8308E-01 
 3.6472E-01 
 3.4562E-01 
 3.2602E-01 
 3.0626E-01 
 2.8662E-01 
 2.6734E-01 
 2.4861E-01 
 2.3059E-01 
 2.1339E-01 
 1.9704E-01 
 1.8149E-01 
 1.6669E-01 
 1.5261E-01 
 1.3920E-01 
 1.2641E-01 
 1.1422E-01 
 1.0260E-01 
 9.1528E-02 
 8.0976E-02 
 7.0892E-02 
 6.1287E-02 
 5.2272E-02 
 4.3922E-02 
 3.6073E-02 
 2.8475E-02 
 4.7920E-01 
 4.7918E-01 
 4.7911E-01 
 4.7899E-01 
 4.7883E-01 
 4.7862E-01 
 4.7833E-01 
 4.7791E-01 
 4.7746E-01 
 4.7715E-01 
 4.7708E-01 
 4.7724E-01 
 4.7746E-01 
 4.7745E-01 
 4.7682E-01 
 4.7522E-01 
 4.7232E-01 
 4.6784E-01 
 4.6152E-01 
 4.5320E-01 
 4.4292E-01 
 4.3101E-01 
 4.1781E-01 
 4.0363E-01 
 3.8865E-01 
 3.7288E-01 
 3.5631E-01 
 3.3902E-01 
 3.2121E-01 
 3.0314E-01 
 2.8503E-01 
 2.6707E-01 
 2.4942E-01 
 2.3223E-01 
 2.1561E-01 
 1.9959E-01 
 1.8416E-01 
 1.6928E-01 
 1.5496E-01 
 1.4118E-01 
 1.2793E-01 
 1.1523E-01 
 1.0305E-01 
 9.1432E-02 
 8.0335E-02 
 6.9722E-02 
 5.9611E-02 
 5.0117E-02 
 4.1318E-02 
 3.3036E-02 
 2.5015E-02 
 4.6568E-01 
 4.6566E-01 
 4.6557E-01 
 4.6542E-01 
 4.6521E-01 
 4.6495E-01 
 4.6459E-01 
 4.6406E-01 
 4.6351E-01 
 4.6310E-01 
 4.6300E-01 
 4.6330E-01 
 4.6387E-01 
 4.6443E-01 
 4.6455E-01 
 4.6379E-01 
 4.6179E-01 
 4.5825E-01 
 4.5291E-01 
 4.4559E-01 
 4.3632E-01 
 4.2539E-01 
 4.1309E-01 
 3.9970E-01 
 3.8534E-01 
 3.6995E-01 
 3.5347E-01 
 3.3595E-01 
 3.1765E-01 
 2.9894E-01 
 2.8011E-01 
 2.6142E-01 
 2.4309E-01 
 2.2529E-01 
 2.0815E-01 
 1.9173E-01 
 1.7599E-01 
 1.6093E-01 
 1.4653E-01 
 1.3279E-01 
 1.1969E-01 
 1.0722E-01 
 9.5395E-02 
 8.4207E-02 
 7.3631E-02 
 6.3612E-02 
 5.4144E-02 
 4.5295E-02 
 3.7100E-02 
 2.9386E-02 
 2.1913E-02 
 4.6557E-01 
 4.6559E-01 
 4.6564E-01 
 4.6572E-01 
 4.6583E-01 
 4.6597E-01 
 4.6606E-01 
 4.6602E-01 
 4.6595E-01 
 4.6604E-01 
 4.6650E-01 
 4.6735E-01 
 4.6844E-01 
 4.6943E-01 
 4.6984E-01 
 4.6921E-01 
 4.6715E-01 
 4.6336E-01 
 4.5764E-01 
 4.4982E-01 
 4.4000E-01 
 4.2852E-01 
 4.1573E-01 
 4.0193E-01 
 3.8720E-01 
 3.7145E-01 
 3.5455E-01 
 3.3657E-01 
 3.1778E-01 
 2.9860E-01 
 2.7935E-01 
 2.6028E-01 
 2.4165E-01 
 2.2363E-01 
 2.0635E-01 
 1.8986E-01 
 1.7411E-01 
 1.5908E-01 
 1.4475E-01 
 1.3110E-01 
 1.1812E-01 
 1.0579E-01 
 9.4113E-02 
 8.3091E-02 
 7.2684E-02 
 6.2835E-02 
 5.3546E-02 
 4.4896E-02 
 3.6920E-02 
 2.9434E-02 
 2.2192E-02 
 4.7294E-01 
 4.7299E-01 
 4.7316E-01 
 4.7344E-01 
 4.7383E-01 
 4.7432E-01 
 4.7485E-01 
 4.7531E-01 
 4.7572E-01 
 4.7613E-01 
 4.7660E-01 
 4.7713E-01 
 4.7757E-01 
 4.7764E-01 
 4.7699E-01 
 4.7526E-01 
 4.7216E-01 
 4.6742E-01 
 4.6090E-01 
 4.5253E-01 
 4.4239E-01 
 4.3064E-01 
 4.1748E-01 
 4.0307E-01 
 3.8751E-01 
 3.7079E-01 
 3.5291E-01 
 3.3399E-01 
 3.1436E-01 
 2.9446E-01 
 2.7463E-01 
 2.5517E-01 
 2.3633E-01 
 2.1831E-01 
 2.0126E-01 
 1.8517E-01 
 1.6996E-01 
 1.5557E-01 
 1.4193E-01 
 1.2900E-01 
 1.1673E-01 
 1.0508E-01 
 9.4020E-02 
 8.3533E-02 
 7.3578E-02 
 6.4097E-02 
 5.5109E-02 
 4.6714E-02 
 3.8969E-02 
 3.1700E-02 
 2.4669E-02 
 4.7464E-01 
 4.7464E-01 
 4.7464E-01 
 4.7464E-01 
 4.7464E-01 
 4.7463E-01 
 4.7443E-01 
 4.7379E-01 
 4.7289E-01 
 4.7198E-01 
 4.7136E-01 
 4.7118E-01 
 4.7133E-01 
 4.7145E-01 
 4.7093E-01 
 4.6922E-01 
 4.6587E-01 
 4.6062E-01 
 4.5352E-01 
 4.4485E-01 
 4.3486E-01 
 4.2368E-01 
 4.1145E-01 
 3.9827E-01 
 3.8404E-01 
 3.6843E-01 
 3.5119E-01 
 3.3234E-01 
 3.1234E-01 
 2.9185E-01 
 2.7138E-01 
 2.5133E-01 
 2.3201E-01 
 2.1365E-01 
 1.9641E-01 
 1.8025E-01 
 1.6507E-01 
 1.5077E-01 
 1.3728E-01 
 1.2453E-01 
 1.1247E-01 
 1.0107E-01 
 9.0306E-02 
 8.0147E-02 
 7.0546E-02 
 6.1441E-02 
 5.2844E-02 
 4.4847E-02 
 3.7489E-02 
 3.0593E-02 
 2.3928E-02 
 4.7349E-01 
 4.7345E-01 
 4.7330E-01 
 4.7306E-01 
 4.7272E-01 
 4.7229E-01 
 4.7164E-01 
 4.7067E-01 
 4.6955E-01 
 4.6854E-01 
 4.6803E-01 
 4.6826E-01 
 4.6917E-01 
 4.7041E-01 
 4.7135E-01 
 4.7141E-01 
 4.7012E-01 
 4.6706E-01 
 4.6205E-01 
 4.5504E-01 
 4.4612E-01 
 4.3551E-01 
 4.2344E-01 
 4.1009E-01 
 3.9546E-01 
 3.7941E-01 
 3.6180E-01 
 3.4272E-01 
 3.2259E-01 
 3.0198E-01 
 2.8134E-01 
 2.6105E-01 
 2.4142E-01 
 2.2267E-01 
 2.0497E-01 
 1.8832E-01 
 1.7259E-01 
 1.5774E-01 
 1.4368E-01 
 1.3036E-01 
 1.1775E-01 
 1.0581E-01 
 9.4531E-02 
 8.3888E-02 
 7.3836E-02 
 6.4307E-02 
 5.5314E-02 
 4.6951E-02 
 3.9256E-02 
 3.2043E-02 
 2.5072E-02 
 4.7817E-01 
 4.7814E-01 
 4.7806E-01 
 4.7792E-01 
 4.7773E-01 
 4.7748E-01 
 4.7717E-01 
 4.7682E-01 
 4.7649E-01 
 4.7630E-01 
 4.7627E-01 
 4.7632E-01 
 4.7625E-01 
 4.7577E-01 
 4.7450E-01 
 4.7210E-01 
 4.6828E-01 
 4.6283E-01 
 4.5568E-01 
 4.4687E-01 
 4.3650E-01 
 4.2472E-01 
 4.1167E-01 
 3.9748E-01 
 3.8220E-01 
 3.6586E-01 
 3.4847E-01 
 3.3016E-01 
 3.1125E-01 
 2.9211E-01 
 2.7301E-01 
 2.5419E-01 
 2.3586E-01 
 2.1815E-01 
 2.0118E-01 
 1.8495E-01 
 1.6944E-01 
 1.5462E-01 
 1.4048E-01 
 1.2699E-01 
 1.1414E-01 
 1.0191E-01 
 9.0282E-02 
 7.9264E-02 
 6.8808E-02 
 5.8859E-02 
 4.9456E-02 
 4.0713E-02 
 3.2675E-02 
 2.5142E-02 
 1.7860E-02 
 4.8386E-01 
 4.8369E-01 
 4.8314E-01 
 4.8225E-01 
 4.8100E-01 
 4.7941E-01 
 4.7754E-01 
 4.7553E-01 
 4.7364E-01 
 4.7218E-01 
 4.7161E-01 
 4.7203E-01 
 4.7306E-01 
 4.7418E-01 
 4.7475E-01 
 4.7417E-01 
 4.7193E-01 
 4.6758E-01 
 4.6095E-01 
 4.5213E-01 
 4.4137E-01 
 4.2901E-01 
 4.1539E-01 
 4.0078E-01 
 3.8518E-01 
 3.6836E-01 
 3.5016E-01 
 3.3061E-01 
 3.1015E-01 
 2.8934E-01 
 2.6864E-01 
 2.4842E-01 
 2.2898E-01 
 2.1054E-01 
 1.9325E-01 
 1.7708E-01 
 1.6191E-01 
 1.4765E-01 
 1.3424E-01 
 1.2160E-01 
 1.0968E-01 
 9.8459E-02 
 8.7907E-02 
 7.8005E-02 
 6.8694E-02 
 5.9903E-02 
 5.1641E-02 
 4.3982E-02 
 3.6941E-02 
 3.0342E-02 
 2.3962E-02 
 4.8346E-01 
 4.8326E-01 
 4.8265E-01 
 4.8165E-01 
 4.8024E-01 
 4.7845E-01 
 4.7636E-01 
 4.7418E-01 
 4.7230E-01 
 4.7115E-01 
 4.7124E-01 
 4.7253E-01 
 4.7447E-01 
 4.7636E-01 
 4.7740E-01 
 4.7686E-01 
 4.7409E-01 
 4.6863E-01 
 4.6063E-01 
 4.5066E-01 
 4.3920E-01 
 4.2654E-01 
 4.1298E-01 
 3.9870E-01 
 3.8360E-01 
 3.6731E-01 
 3.4956E-01 
 3.3033E-01 
 3.1013E-01 
 2.8953E-01 
 2.6902E-01 
 2.4899E-01 
 2.2971E-01 
 2.1143E-01 
 1.9428E-01 
 1.7821E-01 
 1.6312E-01 
 1.4892E-01 
 1.3554E-01 
 1.2292E-01 
 1.1102E-01 
 9.9792E-02 
 8.9233E-02 
 7.9319E-02 
 6.9988E-02 
 6.1171E-02 
 5.2887E-02 
 4.5218E-02 
 3.8184E-02 
 3.1597E-02 
 2.5234E-02 
 4.8349E-01 
 4.8345E-01 
 4.8333E-01 
 4.8312E-01 
 4.8284E-01 
 4.8248E-01 
 4.8205E-01 
 4.8158E-01 
 4.8106E-01 
 4.8049E-01 
 4.7981E-01 
 4.7888E-01 
 4.7748E-01 
 4.7534E-01 
 4.7217E-01 
 4.6773E-01 
 4.6180E-01 
 4.5424E-01 
 4.4508E-01 
 4.3447E-01 
 4.2257E-01 
 4.0956E-01 
 3.9562E-01 
 3.8087E-01 
 3.6545E-01 
 3.4941E-01 
 3.3282E-01 
 3.1580E-01 
 2.9855E-01 
 2.8124E-01 
 2.6405E-01 
 2.4712E-01 
 2.3056E-01 
 2.1446E-01 
 1.9890E-01 
 1.8390E-01 
 1.6945E-01 
 1.5557E-01 
 1.4224E-01 
 1.2947E-01 
 1.1724E-01 
 1.0554E-01 
 9.4379E-02 
 8.3756E-02 
 7.3634E-02 
 6.3967E-02 
 5.4815E-02 
 4.6313E-02 
 3.8511E-02 
 3.1208E-02 
 2.4155E-02 
 4.5989E-01 
 4.5990E-01 
 4.5995E-01 
 4.6002E-01 
 4.6013E-01 
 4.6026E-01 
 4.6042E-01 
 4.6058E-01 
 4.6075E-01 
 4.6091E-01 
 4.6098E-01 
 4.6080E-01 
 4.6019E-01 
 4.5885E-01 
 4.5653E-01 
 4.5297E-01 
 4.4798E-01 
 4.4148E-01 
 4.3347E-01 
 4.2403E-01 
 4.1327E-01 
 4.0132E-01 
 3.8831E-01 
 3.7436E-01 
 3.5956E-01 
 3.4399E-01 
 3.2774E-01 
 3.1094E-01 
 2.9379E-01 
 2.7648E-01 
 2.5918E-01 
 2.4203E-01 
 2.2518E-01 
 2.0875E-01 
 1.9284E-01 
 1.7752E-01 
 1.6285E-01 
 1.4889E-01 
 1.3566E-01 
 1.2320E-01 
 1.1150E-01 
 1.0059E-01 
 9.0463E-02 
 8.1127E-02 
 7.2531E-02 
 6.4624E-02 
 5.7430E-02 
 5.1021E-02 
 4.5382E-02 
 4.0279E-02 
 3.5445E-02 
 4.3598E-01 
 4.3559E-01 
 4.3438E-01 
 4.3239E-01 
 4.2961E-01 
 4.2607E-01 
 4.2177E-01 
 4.1674E-01 
 4.1100E-01 
 4.0460E-01 
 3.9755E-01 
 3.8989E-01 
 3.8168E-01 
 3.7294E-01 
 3.6372E-01 
 3.5407E-01 
 3.4403E-01 
 3.3365E-01 
 3.2298E-01 
 3.1206E-01 
 3.0096E-01 
 2.8972E-01 
 2.7838E-01 
 2.6699E-01 
 2.5559E-01 
 2.4422E-01 
 2.3291E-01 
 2.2170E-01 
 2.1061E-01 
 1.9967E-01 
 1.8891E-01 
 1.7835E-01 
 1.6801E-01 
 1.5791E-01 
 1.4805E-01 
 1.3846E-01 
 1.2914E-01 
 1.2010E-01 
 1.1135E-01 
 1.0290E-01 
 9.4738E-02 
 8.6880E-02 
 7.9335E-02 
 7.2108E-02 
 6.5184E-02 
 5.8543E-02 
 5.2251E-02 
 4.6415E-02 
 4.1076E-02 
 3.6087E-02 
 3.1272E-02 
 4.7725E-01 
 4.7712E-01 
 4.7672E-01 
 4.7605E-01 
 4.7511E-01 
 4.7392E-01 
 4.7245E-01 
 4.7069E-01 
 4.6859E-01 
 4.6611E-01 
 4.6319E-01 
 4.5973E-01 
 4.5562E-01 
 4.5077E-01 
 4.4507E-01 
 4.3845E-01 
 4.3083E-01 
 4.2221E-01 
 4.1258E-01 
 4.0200E-01 
 3.9053E-01 
 3.7827E-01 
 3.6530E-01 
 3.5172E-01 
 3.3760E-01 
 3.2302E-01 
 3.0807E-01 
 2.9283E-01 
 2.7744E-01 
 2.6204E-01 
 2.4674E-01 
 2.3163E-01 
 2.1681E-01 
 2.0235E-01 
 1.8833E-01 
 1.7479E-01 
 1.6178E-01 
 1.4932E-01 
 1.3745E-01 
 1.2617E-01 
 1.1549E-01 
 1.0543E-01 
 9.5978E-02 
 8.7145E-02 
 7.8897E-02 
 7.1196E-02 
 6.4083E-02 
 5.7644E-02 
 5.1894E-02 
 4.6629E-02 
 4.1606E-02 
 4.6237E-01 
 4.6241E-01 
 4.6251E-01 
 4.6269E-01 
 4.6294E-01 
 4.6325E-01 
 4.6365E-01 
 4.6415E-01 
 4.6481E-01 
 4.6568E-01 
 4.6665E-01 
 4.6750E-01 
 4.6795E-01 
 4.6768E-01 
 4.6631E-01 
 4.6354E-01 
 4.5909E-01 
 4.5273E-01 
 4.4441E-01 
 4.3416E-01 
 4.2219E-01 
 4.0875E-01 
 3.9409E-01 
 3.7842E-01 
 3.6190E-01 
 3.4463E-01 
 3.2671E-01 
 3.0830E-01 
 2.8965E-01 
 2.7101E-01 
 2.5258E-01 
 2.3455E-01 
 2.1709E-01 
 2.0033E-01 
 1.8437E-01 
 1.6924E-01 
 1.5495E-01 
 1.4151E-01 
 1.2892E-01 
 1.1717E-01 
 1.0624E-01 
 9.6119E-02 
 8.6792E-02 
 7.8242E-02 
 7.0407E-02 
 6.3222E-02 
 5.6684E-02 
 5.0836E-02 
 4.5659E-02 
 4.0950E-02 
 3.6476E-02 
 4.6017E-01 
 4.6019E-01 
 4.6024E-01 
 4.6031E-01 
 4.6042E-01 
 4.6056E-01 
 4.6070E-01 
 4.6081E-01 
 4.6083E-01 
 4.6069E-01 
 4.6025E-01 
 4.5935E-01 
 4.5779E-01 
 4.5540E-01 
 4.5199E-01 
 4.4738E-01 
 4.4145E-01 
 4.3409E-01 
 4.2525E-01 
 4.1495E-01 
 4.0331E-01 
 3.9052E-01 
 3.7673E-01 
 3.6212E-01 
 3.4681E-01 
 3.3093E-01 
 3.1461E-01 
 2.9798E-01 
 2.8120E-01 
 2.6442E-01 
 2.4776E-01 
 2.3136E-01 
 2.1532E-01 
 1.9975E-01 
 1.8471E-01 
 1.7026E-01 
 1.5643E-01 
 1.4327E-01 
 1.3077E-01 
 1.1897E-01 
 1.0786E-01 
 9.7435E-02 
 8.7710E-02 
 7.8676E-02 
 7.0293E-02 
 6.2518E-02 
 5.5385E-02 
 4.8975E-02 
 4.3288E-02 
 3.8109E-02 
 3.3182E-02 
 4.6777E-01 
 4.6775E-01 
 4.6767E-01 
 4.6755E-01 
 4.6737E-01 
 4.6714E-01 
 4.6685E-01 
 4.6645E-01 
 4.6592E-01 
 4.6519E-01 
 4.6416E-01 
 4.6271E-01 
 4.6066E-01 
 4.5783E-01 
 4.5403E-01 
 4.4908E-01 
 4.4287E-01 
 4.3528E-01 
 4.2631E-01 
 4.1602E-01 
 4.0453E-01 
 3.9202E-01 
 3.7864E-01 
 3.6452E-01 
 3.4979E-01 
 3.3456E-01 
 3.1891E-01 
 3.0296E-01 
 2.8686E-01 
 2.7072E-01 
 2.5464E-01 
 2.3874E-01 
 2.2311E-01 
 2.0782E-01 
 1.9292E-01 
 1.7846E-01 
 1.6444E-01 
 1.5089E-01 
 1.3782E-01 
 1.2523E-01 
 1.1314E-01 
 1.0153E-01 
 9.0429E-02 
 7.9840E-02 
 6.9728E-02 
 6.0057E-02 
 5.0901E-02 
 4.2401E-02 
 3.4603E-02 
 2.7301E-02 
 2.0248E-02 
 4.5157E-01 
 4.5162E-01 
 4.5177E-01 
 4.5201E-01 
 4.5236E-01 
 4.5279E-01 
 4.5330E-01 
 4.5383E-01 
 4.5434E-01 
 4.5479E-01 
 4.5513E-01 
 4.5526E-01 
 4.5504E-01 
 4.5420E-01 
 4.5241E-01 
 4.4938E-01 
 4.4488E-01 
 4.3872E-01 
 4.3087E-01 
 4.2141E-01 
 4.1050E-01 
 3.9830E-01 
 3.8498E-01 
 3.7071E-01 
 3.5563E-01 
 3.3984E-01 
 3.2348E-01 
 3.0667E-01 
 2.8960E-01 
 2.7243E-01 
 2.5530E-01 
 2.3837E-01 
 2.2175E-01 
 2.0557E-01 
 1.8990E-01 
 1.7479E-01 
 1.6030E-01 
 1.4644E-01 
 1.3327E-01 
 1.2082E-01 
 1.0913E-01 
 9.8213E-02 
 8.8087E-02 
 7.8762E-02 
 7.0199E-02 
 6.2343E-02 
 5.5205E-02 
 4.8845E-02 
 4.3258E-02 
 3.8216E-02 
 3.3448E-02 
 4.7037E-01 
 4.7033E-01 
 4.7022E-01 
 4.7004E-01 
 4.6979E-01 
 4.6947E-01 
 4.6907E-01 
 4.6856E-01 
 4.6792E-01 
 4.6711E-01 
 4.6608E-01 
 4.6470E-01 
 4.6281E-01 
 4.6020E-01 
 4.5665E-01 
 4.5195E-01 
 4.4595E-01 
 4.3853E-01 
 4.2972E-01 
 4.1955E-01 
 4.0813E-01 
 3.9562E-01 
 3.8215E-01 
 3.6785E-01 
 3.5282E-01 
 3.3715E-01 
 3.2092E-01 
 3.0425E-01 
 2.8734E-01 
 2.7038E-01 
 2.5355E-01 
 2.3699E-01 
 2.2083E-01 
 2.0519E-01 
 1.9014E-01 
 1.7574E-01 
 1.6201E-01 
 1.4897E-01 
 1.3664E-01 
 1.2502E-01 
 1.1410E-01 
 1.0388E-01 
 9.4344E-02 
 8.5495E-02 
 7.7282E-02 
 6.9649E-02 
 6.2609E-02 
 5.6234E-02 
 5.0534E-02 
 4.5311E-02 
 4.0328E-02 
 4.7571E-01 
 4.7566E-01 
 4.7551E-01 
 4.7526E-01 
 4.7491E-01 
 4.7447E-01 
 4.7394E-01 
 4.7332E-01 
 4.7261E-01 
 4.7185E-01 
 4.7100E-01 
 4.6991E-01 
 4.6839E-01 
 4.6624E-01 
 4.6323E-01 
 4.5918E-01 
 4.5392E-01 
 4.4736E-01 
 4.3945E-01 
 4.3016E-01 
 4.1956E-01 
 4.0773E-01 
 3.9480E-01 
 3.8084E-01 
 3.6592E-01 
 3.5009E-01 
 3.3343E-01 
 3.1606E-01 
 2.9827E-01 
 2.8034E-01 
 2.6249E-01 
 2.4493E-01 
 2.2782E-01 
 2.1130E-01 
 1.9547E-01 
 1.8037E-01 
 1.6603E-01 
 1.5246E-01 
 1.3968E-01 
 1.2768E-01 
 1.1646E-01 
 1.0598E-01 
 9.6250E-02 
 8.7249E-02 
 7.8921E-02 
 7.1200E-02 
 6.4093E-02 
 5.7662E-02 
 5.1903E-02 
 4.6616E-02 
 4.1566E-02 
 4.7456E-01 
 4.7449E-01 
 4.7427E-01 
 4.7391E-01 
 4.7341E-01 
 4.7277E-01 
 4.7200E-01 
 4.7113E-01 
 4.7021E-01 
 4.6931E-01 
 4.6844E-01 
 4.6742E-01 
 4.6604E-01 
 4.6407E-01 
 4.6129E-01 
 4.5748E-01 
 4.5247E-01 
 4.4614E-01 
 4.3841E-01 
 4.2923E-01 
 4.1865E-01 
 4.0676E-01 
 3.9368E-01 
 3.7949E-01 
 3.6427E-01 
 3.4805E-01 
 3.3091E-01 
 3.1298E-01 
 2.9459E-01 
 2.7606E-01 
 2.5764E-01 
 2.3956E-01 
 2.2203E-01 
 2.0519E-01 
 1.8914E-01 
 1.7393E-01 
 1.5955E-01 
 1.4601E-01 
 1.3329E-01 
 1.2140E-01 
 1.1032E-01 
 1.0002E-01 
 9.0500E-02 
 8.1729E-02 
 7.3653E-02 
 6.6202E-02 
 5.9381E-02 
 5.3241E-02 
 4.7774E-02 
 4.2780E-02 
 3.8021E-02 
 4.6591E-01 
 4.6593E-01 
 4.6600E-01 
 4.6610E-01 
 4.6625E-01 
 4.6643E-01 
 4.6666E-01 
 4.6692E-01 
 4.6721E-01 
 4.6755E-01 
 4.6789E-01 
 4.6801E-01 
 4.6768E-01 
 4.6665E-01 
 4.6472E-01 
 4.6169E-01 
 4.5741E-01 
 4.5173E-01 
 4.4456E-01 
 4.3582E-01 
 4.2555E-01 
 4.1388E-01 
 4.0093E-01 
 3.8680E-01 
 3.7157E-01 
 3.5527E-01 
 3.3799E-01 
 3.1987E-01 
 3.0122E-01 
 2.8236E-01 
 2.6354E-01 
 2.4498E-01 
 2.2687E-01 
 2.0936E-01 
 1.9254E-01 
 1.7647E-01 
 1.6115E-01 
 1.4660E-01 
 1.3286E-01 
 1.1999E-01 
 1.0802E-01 
 9.6939E-02 
 8.6780E-02 
 7.7541E-02 
 6.9157E-02 
 6.1546E-02 
 5.4687E-02 
 4.8600E-02 
 4.3243E-02 
 3.8397E-02 
 3.3806E-02 
 4.6324E-01 
 4.6322E-01 
 4.6318E-01 
 4.6312E-01 
 4.6303E-01 
 4.6292E-01 
 4.6282E-01 
 4.6282E-01 
 4.6307E-01 
 4.6374E-01 
 4.6492E-01 
 4.6633E-01 
 4.6762E-01 
 4.6843E-01 
 4.6845E-01 
 4.6737E-01 
 4.6493E-01 
 4.6092E-01 
 4.5514E-01 
 4.4744E-01 
 4.3788E-01 
 4.2661E-01 
 4.1379E-01 
 3.9955E-01 
 3.8388E-01 
 3.6673E-01 
 3.4811E-01 
 3.2820E-01 
 3.0752E-01 
 2.8658E-01 
 2.6580E-01 
 2.4553E-01 
 2.2607E-01 
 2.0763E-01 
 1.9034E-01 
 1.7415E-01 
 1.5896E-01 
 1.4473E-01 
 1.3144E-01 
 1.1907E-01 
 1.0761E-01 
 9.7037E-02 
 8.7339E-02 
 7.8494E-02 
 7.0431E-02 
 6.3070E-02 
 5.6398E-02 
 5.0447E-02 
 4.5190E-02 
 4.0420E-02 
 3.5892E-02 
 4.5717E-01 
 4.5716E-01 
 4.5715E-01 
 4.5712E-01 
 4.5708E-01 
 4.5703E-01 
 4.5696E-01 
 4.5685E-01 
 4.5669E-01 
 4.5650E-01 
 4.5626E-01 
 4.5581E-01 
 4.5492E-01 
 4.5340E-01 
 4.5107E-01 
 4.4776E-01 
 4.4333E-01 
 4.3772E-01 
 4.3087E-01 
 4.2245E-01 
 4.1238E-01 
 4.0086E-01 
 3.8808E-01 
 3.7420E-01 
 3.5932E-01 
 3.4354E-01 
 3.2696E-01 
 3.0973E-01 
 2.9214E-01 
 2.7443E-01 
 2.5683E-01 
 2.3954E-01 
 2.2273E-01 
 2.0654E-01 
 1.9106E-01 
 1.7630E-01 
 1.6227E-01 
 1.4896E-01 
 1.3639E-01 
 1.2456E-01 
 1.1348E-01 
 1.0313E-01 
 9.3507E-02 
 8.4610E-02 
 7.6384E-02 
 6.8771E-02 
 6.1785E-02 
 5.5490E-02 
 4.9881E-02 
 4.4753E-02 
 3.9866E-02 


!chie from confinement nodes
POINTS 51 GRIDTYPE 14 NAMEXP CAR5 NTIMES 32 
 3.0030E-01 
  3.2530E-01 
  3.5030E-01 
  3.7530E-01 
  4.0030E-01 
  4.2530E-01 
  4.5030E-01 
  4.7530E-01 
  5.0030E-01 
  5.2530E-01 
  5.5030E-01 
  5.7530E-01 
  6.0030E-01 
  6.2530E-01 
  6.5030E-01 
  6.7530E-01 
  7.0030E-01 
  7.2530E-01 
  7.5030E-01 
  7.7530E-01 
  8.0030E-01 
  8.2530E-01 
  8.5030E-01 
  8.7530E-01 
  9.0030E-01 
  9.2530E-01 
  9.5030E-01 
  9.7530E-01 
  1.0003E+00 
  1.0253E+00 
  1.0503E+00 
  1.0753E+00 
  0.0000E+00 
  2.0000E-02 
  4.0000E-02 
  6.0000E-02 
  8.0000E-02 
  1.0000E-01 
  1.2000E-01 
  1.4000E-01 
  1.6000E-01 
  1.8000E-01 
  2.0000E-01 
  2.2000E-01 
  2.4000E-01 
  2.6000E-01 
  2.8000E-01 
  3.0000E-01 
  3.2000E-01 
  3.4000E-01 
  3.6000E-01 
  3.8000E-01 
  4.0000E-01 
  4.2000E-01 
  4.4000E-01 
  4.6000E-01 
  4.8000E-01 
  5.0000E-01 
  5.2000E-01 
  5.4000E-01 
  5.6000E-01 
  5.8000E-01 
  6.0000E-01 
  6.2000E-01 
  6.4000E-01 
  6.6000E-01 
  6.8000E-01 
  7.0000E-01 
  7.2000E-01 
  7.4000E-01 
  7.6000E-01 
  7.8000E-01 
  8.0000E-01 
  8.2000E-01 
  8.4000E-01 
  8.6000E-01 
  8.8000E-01 
  9.0000E-01 
  9.2000E-01 
  9.4000E-01 
  9.6000E-01 
  9.8000E-01 
  1.0000E+00 
  0.0000E+00 
 0.0000E+00 
 0.0000E+00 
 0.0000E+00 
 0.0000E+00 
 0.0000E+00 
 0.0000E+00 
 0.0000E+00 
 0.0000E+00 
 0.0000E+00 
 0.0000E+00 
 0.0000E+00 
 0.0000E+00 
 0.0000E+00 
 0.0000E+00 
 0.0000E+00 
 0.0000E+00 
 0.0000E+00 
 0.0000E+00 
 0.0000E+00 
 0.0000E+00 
 0.0000E+00 
 0.0000E+00 
 0.0000E+00 
 0.0000E+00 
 0.0000E+00 
 0.0000E+00 
 0.0000E+00 
 0.0000E+00 
 0.0000E+00 
 0.0000E+00 
 0.0000E+00 
 0.0000E+00 
 0.0000E+00 
 0.0000E+00 
 0.0000E+00 
 0.0000E+00 
 0.0000E+00 
 0.0000E+00 
 0.0000E+00 
 0.0000E+00 
 0.0000E+00 
 0.0000E+00 
 0.0000E+00 
 0.0000E+00 
 0.0000E+00 
 0.0000E+00 
 0.0000E+00 
 0.0000E+00 
 0.0000E+00 
 0.0000E+00 
 0.0000E+00 
 0.0000E+00 
 0.0000E+00 
 0.0000E+00 
 0.0000E+00 
 0.0000E+00 
 0.0000E+00 
 0.0000E+00 
 0.0000E+00 
 0.0000E+00 
 0.0000E+00 
 0.0000E+00 
 0.0000E+00 
 0.0000E+00 
 0.0000E+00 
 0.0000E+00 
 0.0000E+00 
 0.0000E+00 
 0.0000E+00 
 0.0000E+00 
 0.0000E+00 
 0.0000E+00 
 0.0000E+00 
 0.0000E+00 
 0.0000E+00 
 0.0000E+00 
 0.0000E+00 
 0.0000E+00 
 0.0000E+00 
 0.0000E+00 
 0.0000E+00 
 0.0000E+00 
 0.0000E+00 
 0.0000E+00 
 0.0000E+00 
 0.0000E+00 
 0.0000E+00 
 0.0000E+00 
 0.0000E+00 
 0.0000E+00 
 0.0000E+00 
 0.0000E+00 
 0.0000E+00 
 0.0000E+00 
 0.0000E+00 
 0.0000E+00 
 0.0000E+00 
 0.0000E+00 
 0.0000E+00 
 0.0000E+00 
 0.0000E+00 
 0.0000E+00 
 0.0000E+00 
 0.0000E+00 
 0.0000E+00 
 0.0000E+00 
 0.0000E+00 
 0.0000E+00 
 0.0000E+00 
 0.0000E+00 
 0.0000E+00 
 0.0000E+00 
 0.0000E+00 
 0.0000E+00 
 0.0000E+00 
 0.0000E+00 
 0.0000E+00 
 0.0000E+00 
 0.0000E+00 
 0.0000E+00 
 0.0000E+00 
 0.0000E+00 
 0.0000E+00 
 0.0000E+00 
 0.0000E+00 
 0.0000E+00 
 0.0000E+00 
 0.0000E+00 
 0.0000E+00 
 0.0000E+00 
 0.0000E+00 
 0.0000E+00 
 0.0000E+00 
 0.0000E+00 
 0.0000E+00 
 0.0000E+00 
 0.0000E+00 
 0.0000E+00 
 0.0000E+00 
 0.0000E+00 
 0.0000E+00 
 0.0000E+00 
 0.0000E+00 
 0.0000E+00 
 0.0000E+00 
 0.0000E+00 
 0.0000E+00 
 0.0000E+00 
 0.0000E+00 
 0.0000E+00 
 0.0000E+00 
 0.0000E+00 
 0.0000E+00 
 0.0000E+00 
 0.0000E+00 
 0.0000E+00 
 0.0000E+00 
 0.0000E+00 
 0.0000E+00 
 0.0000E+00 
 0.0000E+00 
 0.0000E+00 
 0.0000E+00 
 0.0000E+00 
 0.0000E+00 
 0.0000E+00 
 0.0000E+00 
 0.0000E+00 
 0.0000E+00 
 0.0000E+00 
 0.0000E+00 
 0.0000E+00 
 0.0000E+00 
 0.0000E+00 
 0.0000E+00 
 0.0000E+00 
 0.0000E+00 
 0.0000E+00 
 0.0000E+00 
 0.0000E+00 
 0.0000E+00 
 0.0000E+00 
 0.0000E+00 
 0.0000E+00 
 0.0000E+00 
 0.0000E+00 
 0.0000E+00 
 0.0000E+00 
 0.0000E+00 
 0.0000E+00 
 0.0000E+00 
 0.0000E+00 
 0.0000E+00 
 0.0000E+00 
 0.0000E+00 
 0.0000E+00 
 0.0000E+00 
 0.0000E+00 
 0.0000E+00 
 0.0000E+00 
 0.0000E+00 
 0.0000E+00 
 0.0000E+00 
 0.0000E+00 
 0.0000E+00 
 0.0000E+00 
 0.0000E+00 
 0.0000E+00 
 0.0000E+00 
 0.0000E+00 
 0.0000E+00 
 0.0000E+00 
 0.0000E+00 
 0.0000E+00 
 0.0000E+00 
 0.0000E+00 
 0.0000E+00 
 0.0000E+00 
 0.0000E+00 
 0.0000E+00 
 0.0000E+00 
 0.0000E+00 
 0.0000E+00 
 0.0000E+00 
 0.0000E+00 
 0.0000E+00 
 0.0000E+00 
 0.0000E+00 
 0.0000E+00 
 0.0000E+00 
 0.0000E+00 
 0.0000E+00 
 0.0000E+00 
 0.0000E+00 
 0.0000E+00 
 0.0000E+00 
 0.0000E+00 
 0.0000E+00 
 0.0000E+00 
 0.0000E+00 
 0.0000E+00 
 0.0000E+00 
 0.0000E+00 
 0.0000E+00 
 0.0000E+00 
 0.0000E+00 
 0.0000E+00 
 0.0000E+00 
 0.0000E+00 
 0.0000E+00 
 0.0000E+00 
 0.0000E+00 
 0.0000E+00 
 0.0000E+00 
 0.0000E+00 
 0.0000E+00 
 0.0000E+00 
 0.0000E+00 
 0.0000E+00 
 0.0000E+00 
 0.0000E+00 
 0.0000E+00 
 0.0000E+00 
 0.0000E+00 
 0.0000E+00 
 0.0000E+00 
 0.0000E+00 
 0.0000E+00 
 0.0000E+00 
 0.0000E+00 
 0.0000E+00 
 0.0000E+00 
 0.0000E+00 
 0.0000E+00 
 0.0000E+00 
 0.0000E+00 
 0.0000E+00 
 0.0000E+00 
 0.0000E+00 
 0.0000E+00 
 0.0000E+00 
 0.0000E+00 
 0.0000E+00 
 0.0000E+00 
 0.0000E+00 
 0.0000E+00 
 0.0000E+00 
 0.0000E+00 
 0.0000E+00 
 0.0000E+00 
 0.0000E+00 
 0.0000E+00 
 0.0000E+00 
 0.0000E+00 
 0.0000E+00 
 0.0000E+00 
 0.0000E+00 
 0.0000E+00 
 0.0000E+00 
 0.0000E+00 
 0.0000E+00 
 0.0000E+00 
 0.0000E+00 
 0.0000E+00 
 0.0000E+00 
 0.0000E+00 
 0.0000E+00 
 0.0000E+00 
 0.0000E+00 
 0.0000E+00 
 0.0000E+00 
 0.0000E+00 
 0.0000E+00 
 0.0000E+00 
 0.0000E+00 
 0.0000E+00 
 0.0000E+00 
 0.0000E+00 
 0.0000E+00 
 0.0000E+00 
 0.0000E+00 
 0.0000E+00 
 0.0000E+00 
 0.0000E+00 
 0.0000E+00 
 0.0000E+00 
 0.0000E+00 
 0.0000E+00 
 0.0000E+00 
 0.0000E+00 
 0.0000E+00 
 0.0000E+00 
 0.0000E+00 
 0.0000E+00 
 0.0000E+00 
 0.0000E+00 
 0.0000E+00 
 0.0000E+00 
 0.0000E+00 
 0.0000E+00 
 0.0000E+00 
 0.0000E+00 
 0.0000E+00 
 0.0000E+00 
 0.0000E+00 
 0.0000E+00 
 0.0000E+00 
 0.0000E+00 
 0.0000E+00 
 0.0000E+00 
 0.0000E+00 
 0.0000E+00 
 0.0000E+00 
 0.0000E+00 
 0.0000E+00 
 0.0000E+00 
 0.0000E+00 
 0.0000E+00 
 0.0000E+00 
 0.0000E+00 
 0.0000E+00 
 0.0000E+00 
 0.0000E+00 
 0.0000E+00 
 0.0000E+00 
 0.0000E+00 
 0.0000E+00 
 0.0000E+00 
 0.0000E+00 
 0.0000E+00 
 0.0000E+00 
 0.0000E+00 
 0.0000E+00 
 0.0000E+00 
 0.0000E+00 
 0.0000E+00 
 0.0000E+00 
 0.0000E+00 
 0.0000E+00 
 0.0000E+00 
 0.0000E+00 
 0.0000E+00 
 0.0000E+00 
 0.0000E+00 
 0.0000E+00 
 0.0000E+00 
 0.0000E+00 
 0.0000E+00 
 0.0000E+00 
 0.0000E+00 
 0.0000E+00 
 0.0000E+00 
 0.0000E+00 
 0.0000E+00 
 0.0000E+00 
 0.0000E+00 
 0.0000E+00 
 0.0000E+00 
 0.0000E+00 
 0.0000E+00 
 0.0000E+00 
 0.0000E+00 
 0.0000E+00 
 0.0000E+00 
 0.0000E+00 
 0.0000E+00 
 0.0000E+00 
 0.0000E+00 
 0.0000E+00 
 0.0000E+00 
 0.0000E+00 
 0.0000E+00 
 0.0000E+00 
 0.0000E+00 
 0.0000E+00 
 0.0000E+00 
 0.0000E+00 
 0.0000E+00 
 0.0000E+00 
 0.0000E+00 
 0.0000E+00 
 0.0000E+00 
 0.0000E+00 
 0.0000E+00 
 0.0000E+00 
 0.0000E+00 
 0.0000E+00 
 0.0000E+00 
 0.0000E+00 
 0.0000E+00 
 0.0000E+00 
 0.0000E+00 
 0.0000E+00 
 0.0000E+00 
 0.0000E+00 
 0.0000E+00 
 0.0000E+00 
 0.0000E+00 
 0.0000E+00 
 0.0000E+00 
 0.0000E+00 
 0.0000E+00 
 0.0000E+00 
 0.0000E+00 
 0.0000E+00 
 0.0000E+00 
 0.0000E+00 
 0.0000E+00 
 0.0000E+00 
 0.0000E+00 
 0.0000E+00 
 0.0000E+00 
 0.0000E+00 
 0.0000E+00 
 0.0000E+00 
 0.0000E+00 
 0.0000E+00 
 0.0000E+00 
 0.0000E+00 
 0.0000E+00 
 0.0000E+00 
 0.0000E+00 
 0.0000E+00 
 0.0000E+00 
 0.0000E+00 
 0.0000E+00 
 0.0000E+00 
 0.0000E+00 
 0.0000E+00 
 0.0000E+00 
 0.0000E+00 
 0.0000E+00 
 0.0000E+00 
 0.0000E+00 
 0.0000E+00 
 0.0000E+00 
 0.0000E+00 
 0.0000E+00 
 0.0000E+00 
 0.0000E+00 
 0.0000E+00 
 0.0000E+00 
 0.0000E+00 
 0.0000E+00 
 0.0000E+00 
 0.0000E+00 
 0.0000E+00 
 0.0000E+00 
 0.0000E+00 
 0.0000E+00 
 0.0000E+00 
 0.0000E+00 
 0.0000E+00 
 0.0000E+00 
 0.0000E+00 
 0.0000E+00 
 0.0000E+00 
 0.0000E+00 
 0.0000E+00 
 0.0000E+00 
 0.0000E+00 
 0.0000E+00 
 0.0000E+00 
 0.0000E+00 
 0.0000E+00 
 0.0000E+00 
 0.0000E+00 
 0.0000E+00 
 0.0000E+00 
 0.0000E+00 
 0.0000E+00 
 0.0000E+00 
 0.0000E+00 
 0.0000E+00 
 0.0000E+00 
 0.0000E+00 
 0.0000E+00 
 0.0000E+00 
 0.0000E+00 
 0.0000E+00 
 0.0000E+00 
 0.0000E+00 
 0.0000E+00 
 0.0000E+00 
 0.0000E+00 
 0.0000E+00 
 0.0000E+00 
 0.0000E+00 
 0.0000E+00 
 0.0000E+00 
 0.0000E+00 
 0.0000E+00 
 0.0000E+00 
 0.0000E+00 
 0.0000E+00 
 0.0000E+00 
 0.0000E+00 
 0.0000E+00 
 0.0000E+00 
 0.0000E+00 
 0.0000E+00 
 0.0000E+00 
 0.0000E+00 
 0.0000E+00 
 0.0000E+00 
 0.0000E+00 
 0.0000E+00 
 0.0000E+00 
 0.0000E+00 
 0.0000E+00 
 0.0000E+00 
 0.0000E+00 
 0.0000E+00 
 0.0000E+00 
 0.0000E+00 
 0.0000E+00 
 0.0000E+00 
 0.0000E+00 
 0.0000E+00 
 0.0000E+00 
 0.0000E+00 
 0.0000E+00 
 0.0000E+00 
 0.0000E+00 
 0.0000E+00 
 0.0000E+00 
 0.0000E+00 
 0.0000E+00 
 0.0000E+00 
 0.0000E+00 
 0.0000E+00 
 0.0000E+00 
 0.0000E+00 
 0.0000E+00 
 0.0000E+00 
 0.0000E+00 
 0.0000E+00 
 0.0000E+00 
 0.0000E+00 
 0.0000E+00 
 0.0000E+00 
 0.0000E+00 
 0.0000E+00 
 0.0000E+00 
 0.0000E+00 
 0.0000E+00 
 0.0000E+00 
 0.0000E+00 
 0.0000E+00 
 0.0000E+00 
 0.0000E+00 
 0.0000E+00 
 0.0000E+00 
 0.0000E+00 
 0.0000E+00 
 0.0000E+00 
 0.0000E+00 
 0.0000E+00 
 0.0000E+00 
 0.0000E+00 
 0.0000E+00 
 0.0000E+00 
 0.0000E+00 
 0.0000E+00 
 0.0000E+00 
 0.0000E+00 
 0.0000E+00 
 0.0000E+00 
 0.0000E+00 
 0.0000E+00 
 0.0000E+00 
 0.0000E+00 
 0.0000E+00 
 0.0000E+00 
 0.0000E+00 
 0.0000E+00 
 0.0000E+00 
 0.0000E+00 
 0.0000E+00 
 0.0000E+00 
 0.0000E+00 
 0.0000E+00 
 0.0000E+00 
 0.0000E+00 
 0.0000E+00 
 0.0000E+00 
 0.0000E+00 
 0.0000E+00 
 0.0000E+00 
 0.0000E+00 
 0.0000E+00 
 0.0000E+00 
 0.0000E+00 
 0.0000E+00 
 0.0000E+00 
 0.0000E+00 
 0.0000E+00 
 0.0000E+00 
 0.0000E+00 
 0.0000E+00 
 0.0000E+00 
 0.0000E+00 
 0.0000E+00 
 0.0000E+00 
 0.0000E+00 
 0.0000E+00 
 0.0000E+00 
 0.0000E+00 
 0.0000E+00 
 0.0000E+00 
 0.0000E+00 
 0.0000E+00 
 0.0000E+00 
 0.0000E+00 
 0.0000E+00 
 0.0000E+00 
 0.0000E+00 
 0.0000E+00 
 0.0000E+00 
 0.0000E+00 
 0.0000E+00 
 0.0000E+00 
 0.0000E+00 
 0.0000E+00 
 0.0000E+00 
 0.0000E+00 
 0.0000E+00 
 0.0000E+00 
 0.0000E+00 
 0.0000E+00 
 0.0000E+00 
 0.0000E+00 
 0.0000E+00 
 0.0000E+00 
 0.0000E+00 
 0.0000E+00 
 0.0000E+00 
 0.0000E+00 
 0.0000E+00 
 0.0000E+00 
 0.0000E+00 
 0.0000E+00 
 0.0000E+00 
 0.0000E+00 
 0.0000E+00 
 0.0000E+00 
 0.0000E+00 
 0.0000E+00 
 0.0000E+00 
 0.0000E+00 
 0.0000E+00 
 0.0000E+00 
 0.0000E+00 
 0.0000E+00 
 0.0000E+00 
 0.0000E+00 
 0.0000E+00 
 0.0000E+00 
 0.0000E+00 
 0.0000E+00 
 0.0000E+00 
 0.0000E+00 
 0.0000E+00 
 0.0000E+00 
 0.0000E+00 
 0.0000E+00 
 0.0000E+00 
 0.0000E+00 
 0.0000E+00 
 0.0000E+00 
 0.0000E+00 
 0.0000E+00 
 0.0000E+00 
 0.0000E+00 
 0.0000E+00 
 0.0000E+00 
 0.0000E+00 
 0.0000E+00 
 0.0000E+00 
 0.0000E+00 
 0.0000E+00 
 0.0000E+00 
 0.0000E+00 
 0.0000E+00 
 0.0000E+00 
 0.0000E+00 
 0.0000E+00 
 0.0000E+00 
 0.0000E+00 
 0.0000E+00 
 0.0000E+00 
 0.0000E+00 
 0.0000E+00 
 0.0000E+00 
 0.0000E+00 
 0.0000E+00 
 0.0000E+00 
 0.0000E+00 
 0.0000E+00 
 0.0000E+00 
 0.0000E+00 
 0.0000E+00 
 0.0000E+00 
 0.0000E+00 
 0.0000E+00 
 0.0000E+00 
 0.0000E+00 
 0.0000E+00 
 0.0000E+00 
 0.0000E+00 
 0.0000E+00 
 0.0000E+00 
 0.0000E+00 
 0.0000E+00 
 0.0000E+00 
 0.0000E+00 
 0.0000E+00 
 0.0000E+00 
 0.0000E+00 
 0.0000E+00 
 0.0000E+00 
 0.0000E+00 
 0.0000E+00 
 0.0000E+00 
 0.0000E+00 
 0.0000E+00 
 0.0000E+00 
 0.0000E+00 
 0.0000E+00 
 0.0000E+00 
 0.0000E+00 
 0.0000E+00 
 0.0000E+00 
 0.0000E+00 
 0.0000E+00 
 0.0000E+00 
 0.0000E+00 
 0.0000E+00 
 0.0000E+00 
 0.0000E+00 
 0.0000E+00 
 0.0000E+00 
 0.0000E+00 
 0.0000E+00 
 0.0000E+00 
 0.0000E+00 
 0.0000E+00 
 0.0000E+00 
 0.0000E+00 
 0.0000E+00 
 0.0000E+00 
 0.0000E+00 
 0.0000E+00 
 0.0000E+00 
 0.0000E+00 
 0.0000E+00 
 0.0000E+00 
 0.0000E+00 
 0.0000E+00 
 0.0000E+00 
 0.0000E+00 
 0.0000E+00 
 0.0000E+00 
 0.0000E+00 
 0.0000E+00 
 0.0000E+00 
 0.0000E+00 
 0.0000E+00 
 0.0000E+00 
 0.0000E+00 
 0.0000E+00 
 0.0000E+00 
 0.0000E+00 
 0.0000E+00 
 0.0000E+00 
 0.0000E+00 
 0.0000E+00 
 0.0000E+00 
 0.0000E+00 
 0.0000E+00 
 0.0000E+00 
 0.0000E+00 
 0.0000E+00 
 0.0000E+00 
 0.0000E+00 
 0.0000E+00 
 0.0000E+00 
 0.0000E+00 
 0.0000E+00 
 0.0000E+00 
 0.0000E+00 
 0.0000E+00 
 0.0000E+00 
 0.0000E+00 
 0.0000E+00 
 0.0000E+00 
 0.0000E+00 
 0.0000E+00 
 0.0000E+00 
 0.0000E+00 
 0.0000E+00 
 0.0000E+00 
 0.0000E+00 
 0.0000E+00 
 0.0000E+00 
 0.0000E+00 
 0.0000E+00 
 0.0000E+00 
 0.0000E+00 
 0.0000E+00 
 0.0000E+00 
 0.0000E+00 
 0.0000E+00 
 0.0000E+00 
 0.0000E+00 
 0.0000E+00 
 0.0000E+00 
 0.0000E+00 
 0.0000E+00 
 0.0000E+00 
 0.0000E+00 
 0.0000E+00 
 0.0000E+00 
 0.0000E+00 
 0.0000E+00 
 0.0000E+00 
 0.0000E+00 
 0.0000E+00 
 0.0000E+00 
 0.0000E+00 
 0.0000E+00 
 0.0000E+00 
 0.0000E+00 
 0.0000E+00 
 0.0000E+00 
 0.0000E+00 
 0.0000E+00 
 0.0000E+00 
 0.0000E+00 
 0.0000E+00 
 0.0000E+00 
 0.0000E+00 
 0.0000E+00 
 0.0000E+00 
 0.0000E+00 
 0.0000E+00 
 0.0000E+00 
 0.0000E+00 
 0.0000E+00 
 0.0000E+00 
 0.0000E+00 
 0.0000E+00 
 0.0000E+00 
 0.0000E+00 
 0.0000E+00 
 0.0000E+00 
 0.0000E+00 
 0.0000E+00 
 0.0000E+00 
 0.0000E+00 
 0.0000E+00 
 0.0000E+00 
 0.0000E+00 
 0.0000E+00 
 0.0000E+00 
 0.0000E+00 
 0.0000E+00 
 0.0000E+00 
 0.0000E+00 
 0.0000E+00 
 0.0000E+00 
 0.0000E+00 
 0.0000E+00 
 0.0000E+00 
 0.0000E+00 
 0.0000E+00 
 0.0000E+00 
 0.0000E+00 
 0.0000E+00 
 0.0000E+00 
 0.0000E+00 
 0.0000E+00 
 0.0000E+00 
 0.0000E+00 
 0.0000E+00 
 0.0000E+00 
 0.0000E+00 
 0.0000E+00 
 0.0000E+00 
 0.0000E+00 
 0.0000E+00 
 0.0000E+00 
 0.0000E+00 
 0.0000E+00 
 0.0000E+00 
 0.0000E+00 
 0.0000E+00 
 0.0000E+00 
 0.0000E+00 
 0.0000E+00 
 0.0000E+00 
 0.0000E+00 
 0.0000E+00 
 0.0000E+00 
 0.0000E+00 
 0.0000E+00 
 0.0000E+00 
 0.0000E+00 
 0.0000E+00 
 0.0000E+00 
 0.0000E+00 
 0.0000E+00 
 0.0000E+00 
 0.0000E+00 
 0.0000E+00 
 0.0000E+00 
 0.0000E+00 
 0.0000E+00 
 0.0000E+00 
 0.0000E+00 
 0.0000E+00 
 0.0000E+00 
 0.0000E+00 
 0.0000E+00 
 0.0000E+00 
 0.0000E+00 
 0.0000E+00 
 0.0000E+00 
 0.0000E+00 
 0.0000E+00 
 0.0000E+00 
 0.0000E+00 
 0.0000E+00 
 0.0000E+00 
 0.0000E+00 
 0.0000E+00 
 0.0000E+00 
 0.0000E+00 
 0.0000E+00 
 0.0000E+00 
 0.0000E+00 
 0.0000E+00 
 0.0000E+00 
 0.0000E+00 
 0.0000E+00 
 0.0000E+00 
 0.0000E+00 
 0.0000E+00 
 0.0000E+00 
 0.0000E+00 
 0.0000E+00 
 0.0000E+00 
 0.0000E+00 
 0.0000E+00 
 0.0000E+00 
 0.0000E+00 
 0.0000E+00 
 0.0000E+00 
 0.0000E+00 
 0.0000E+00 
 0.0000E+00 
 0.0000E+00 
 0.0000E+00 
 0.0000E+00 
 0.0000E+00 
 0.0000E+00 
 0.0000E+00 
 0.0000E+00 
 0.0000E+00 
 0.0000E+00 
 0.0000E+00 
 0.0000E+00 
 0.0000E+00 
 0.0000E+00 
 0.0000E+00 
 0.0000E+00 
 0.0000E+00 
 0.0000E+00 
 0.0000E+00 
 0.0000E+00 
 0.0000E+00 
 0.0000E+00 
 0.0000E+00 
 0.0000E+00 
 0.0000E+00 
 0.0000E+00 
 0.0000E+00 
 0.0000E+00 
 0.0000E+00 
 0.0000E+00 
 0.0000E+00 
 0.0000E+00 
 0.0000E+00 
 0.0000E+00 
 0.0000E+00 
 0.0000E+00 
 0.0000E+00 
 0.0000E+00 
 0.0000E+00 
 0.0000E+00 
 0.0000E+00 
 0.0000E+00 
 0.0000E+00 
 0.0000E+00 
 0.0000E+00 
 0.0000E+00 
 0.0000E+00 
 0.0000E+00 
 0.0000E+00 
 0.0000E+00 
 0.0000E+00 
 0.0000E+00 
 0.0000E+00 
 0.0000E+00 
 0.0000E+00 
 0.0000E+00 
 0.0000E+00 
 0.0000E+00 
 0.0000E+00 
 0.0000E+00 
 0.0000E+00 
 0.0000E+00 
 0.0000E+00 
 0.0000E+00 
 0.0000E+00 
 0.0000E+00 
 0.0000E+00 
 0.0000E+00 
 0.0000E+00 
 0.0000E+00 
 0.0000E+00 
 0.0000E+00 
 0.0000E+00 
 0.0000E+00 
 0.0000E+00 
 0.0000E+00 
 0.0000E+00 
 0.0000E+00 
 0.0000E+00 
 0.0000E+00 
 0.0000E+00 
 0.0000E+00 
 0.0000E+00 
 0.0000E+00 
 0.0000E+00 
 0.0000E+00 
 0.0000E+00 
 0.0000E+00 
 0.0000E+00 
 0.0000E+00 
 0.0000E+00 
 0.0000E+00 
 0.0000E+00 
 0.0000E+00 
 0.0000E+00 
 0.0000E+00 
 0.0000E+00 
 0.0000E+00 
 0.0000E+00 
 0.0000E+00 
 0.0000E+00 
 0.0000E+00 
 0.0000E+00 
 0.0000E+00 
 0.0000E+00 
 0.0000E+00 
 0.0000E+00 
 0.0000E+00 
 0.0000E+00 
 0.0000E+00 
 0.0000E+00 
 0.0000E+00 
 0.0000E+00 
 0.0000E+00 
 0.0000E+00 
 0.0000E+00 
 0.0000E+00 
 0.0000E+00 
 0.0000E+00 
 0.0000E+00 
 0.0000E+00 
 0.0000E+00 
 0.0000E+00 
 0.0000E+00 
 0.0000E+00 
 0.0000E+00 
 0.0000E+00 
 0.0000E+00 
 0.0000E+00 
 0.0000E+00 
 0.0000E+00 
 0.0000E+00 
 0.0000E+00 
 0.0000E+00 
 0.0000E+00 
 0.0000E+00 
 0.0000E+00 
 0.0000E+00 
 0.0000E+00 
 0.0000E+00 
 0.0000E+00 
 0.0000E+00 
 0.0000E+00 
 0.0000E+00 
 0.0000E+00 
 0.0000E+00 
 0.0000E+00 
 0.0000E+00 
 0.0000E+00 
 0.0000E+00 
 0.0000E+00 
 0.0000E+00 
 0.0000E+00 
 0.0000E+00 
 0.0000E+00 
 0.0000E+00 
 0.0000E+00 
 0.0000E+00 
 0.0000E+00 
 0.0000E+00 
 0.0000E+00 
 0.0000E+00 
 0.0000E+00 
 0.0000E+00 
 0.0000E+00 
 0.0000E+00 
 0.0000E+00 
 0.0000E+00 
 0.0000E+00 
 0.0000E+00 
 0.0000E+00 
 0.0000E+00 
 0.0000E+00 
 0.0000E+00 
 0.0000E+00 
 0.0000E+00 
 0.0000E+00 
 0.0000E+00 
 0.0000E+00 
 0.0000E+00 
 0.0000E+00 
 0.0000E+00 
 0.0000E+00 
 0.0000E+00 
 0.0000E+00 
 0.0000E+00 
 0.0000E+00 
 0.0000E+00 
 0.0000E+00 
 0.0000E+00 
 0.0000E+00 
 0.0000E+00 
 0.0000E+00 
 0.0000E+00 
 0.0000E+00 
 0.0000E+00 
 0.0000E+00 
 0.0000E+00 
 0.0000E+00 
 0.0000E+00 
 0.0000E+00 
 0.0000E+00 
 0.0000E+00 
 0.0000E+00 
 0.0000E+00 
 0.0000E+00 
 0.0000E+00 
 0.0000E+00 
 0.0000E+00 
 0.0000E+00 
 0.0000E+00 
 0.0000E+00 
 0.0000E+00 
 0.0000E+00 
 0.0000E+00 
 0.0000E+00 
 0.0000E+00 
 0.0000E+00 
 0.0000E+00 
 0.0000E+00 
 0.0000E+00 
 0.0000E+00 
 0.0000E+00 
 0.0000E+00 
 0.0000E+00 
 0.0000E+00 
 0.0000E+00 
 0.0000E+00 
 0.0000E+00 
 0.0000E+00 
 0.0000E+00 
 0.0000E+00 
 0.0000E+00 
 0.0000E+00 
 0.0000E+00 
 0.0000E+00 
 0.0000E+00 
 0.0000E+00 
 0.0000E+00 
 0.0000E+00 
 0.0000E+00 
 0.0000E+00 
 0.0000E+00 
 0.0000E+00 
 0.0000E+00 
 0.0000E+00 
 0.0000E+00 
 0.0000E+00 
 0.0000E+00 
 0.0000E+00 
 0.0000E+00 
 0.0000E+00 
 0.0000E+00 
 0.0000E+00 
 0.0000E+00 
 0.0000E+00 
 0.0000E+00 
 0.0000E+00 
 0.0000E+00 
 0.0000E+00 
 0.0000E+00 
 0.0000E+00 
 0.0000E+00 
 0.0000E+00 
 0.0000E+00 
 0.0000E+00 
 0.0000E+00 
 0.0000E+00 
 0.0000E+00 
 0.0000E+00 
 0.0000E+00 
 0.0000E+00 
 0.0000E+00 
 0.0000E+00 
 0.0000E+00 
 0.0000E+00 
 0.0000E+00 
 0.0000E+00 
 0.0000E+00 
 0.0000E+00 
 0.0000E+00 
 0.0000E+00 
 0.0000E+00 
 0.0000E+00 
 0.0000E+00 
 0.0000E+00 
 0.0000E+00 
 0.0000E+00 
 0.0000E+00 
 0.0000E+00 
 0.0000E+00 
 0.0000E+00 
 0.0000E+00 
 0.0000E+00 
 0.0000E+00 
 0.0000E+00 
 0.0000E+00 
 0.0000E+00 
 0.0000E+00 
 0.0000E+00 
 0.0000E+00 
 0.0000E+00 
 0.0000E+00 
 0.0000E+00 
 0.0000E+00 
 0.0000E+00 
 0.0000E+00 
 0.0000E+00 
 0.0000E+00 
 0.0000E+00 
 0.0000E+00 
 0.0000E+00 
 0.0000E+00 
 0.0000E+00 
 0.0000E+00 
 0.0000E+00 
 0.0000E+00 
 0.0000E+00 
 0.0000E+00 
 0.0000E+00 
 0.0000E+00 
 0.0000E+00 
 0.0000E+00 
 0.0000E+00 
 0.0000E+00 
 0.0000E+00 
 0.0000E+00 
 0.0000E+00 
 0.0000E+00 
 0.0000E+00 
 0.0000E+00 
 0.0000E+00 
 0.0000E+00 
 0.0000E+00 
 0.0000E+00 
 0.0000E+00 
 0.0000E+00 
 0.0000E+00 
 0.0000E+00 
 0.0000E+00 
 0.0000E+00 
 0.0000E+00 
 0.0000E+00 
 0.0000E+00 
 0.0000E+00 
 0.0000E+00 
 0.0000E+00 
 0.0000E+00 
 0.0000E+00 
 0.0000E+00 
 0.0000E+00 
 0.0000E+00 
 0.0000E+00 
 0.0000E+00 
 0.0000E+00 
 0.0000E+00 
 0.0000E+00 
 0.0000E+00 
 0.0000E+00 
 0.0000E+00 
 0.0000E+00 
 0.0000E+00 
 0.0000E+00 
 0.0000E+00 
 0.0000E+00 
 0.0000E+00 
 0.0000E+00 
 0.0000E+00 
 0.0000E+00 
 0.0000E+00 
 0.0000E+00 
 0.0000E+00 
 0.0000E+00 
 0.0000E+00 
 0.0000E+00 
 0.0000E+00 
 0.0000E+00 
 0.0000E+00 
 0.0000E+00 
 0.0000E+00 
 0.0000E+00 
 0.0000E+00 
 0.0000E+00 
 0.0000E+00 
 0.0000E+00 
 0.0000E+00 
 0.0000E+00 
 0.0000E+00 
 0.0000E+00 
 0.0000E+00 
 0.0000E+00 
 0.0000E+00 
 0.0000E+00 
 0.0000E+00 
 0.0000E+00 
 0.0000E+00 
 0.0000E+00 
 0.0000E+00 
 0.0000E+00 
 0.0000E+00 
 0.0000E+00 
 0.0000E+00 
 0.0000E+00 
 0.0000E+00 
 0.0000E+00 
 0.0000E+00 
 0.0000E+00 
 0.0000E+00 
 0.0000E+00 
 0.0000E+00 
 0.0000E+00 
 0.0000E+00 
 0.0000E+00 
 0.0000E+00 
 0.0000E+00 
 0.0000E+00 
 0.0000E+00 
 0.0000E+00 
 0.0000E+00 
 0.0000E+00 
 0.0000E+00 
 0.0000E+00 
 0.0000E+00 
 0.0000E+00 
 0.0000E+00 
 0.0000E+00 
 0.0000E+00 
 0.0000E+00 
 0.0000E+00 
 0.0000E+00 
 0.0000E+00 
 0.0000E+00 
 0.0000E+00 
 0.0000E+00 
 0.0000E+00 
 0.0000E+00 
 0.0000E+00 
 0.0000E+00 
 0.0000E+00 
 0.0000E+00 
 0.0000E+00 
 0.0000E+00 
 0.0000E+00 
 0.0000E+00 
 0.0000E+00 
 0.0000E+00 
 0.0000E+00 
 0.0000E+00 
 0.0000E+00 
 0.0000E+00 
 0.0000E+00 
 0.0000E+00 
 0.0000E+00 
 0.0000E+00 
 0.0000E+00 
 0.0000E+00 
 0.0000E+00 
 0.0000E+00 
 0.0000E+00 
 0.0000E+00 
 0.0000E+00 
 0.0000E+00 
 0.0000E+00 
 0.0000E+00 
 0.0000E+00 
 0.0000E+00 
 0.0000E+00 
 0.0000E+00 
 0.0000E+00 
 0.0000E+00 
 0.0000E+00 
 0.0000E+00 
 0.0000E+00 
 0.0000E+00 
 0.0000E+00 
 0.0000E+00 
 0.0000E+00 
 0.0000E+00 
 0.0000E+00 
 0.0000E+00 
 0.0000E+00 
 0.0000E+00 
 0.0000E+00 
 0.0000E+00 
 0.0000E+00 
 0.0000E+00 
 0.0000E+00 
 0.0000E+00 
 0.0000E+00 
 0.0000E+00 
 0.0000E+00 
 0.0000E+00 
 0.0000E+00 
 0.0000E+00 
 0.0000E+00 
 0.0000E+00 
 0.0000E+00 
 0.0000E+00 
 0.0000E+00 
 0.0000E+00 
 0.0000E+00 
 0.0000E+00 
 0.0000E+00 
 0.0000E+00 
 0.0000E+00 
 0.0000E+00 
 0.0000E+00 
 0.0000E+00 
 0.0000E+00 
 0.0000E+00 
 0.0000E+00 
 0.0000E+00 
 0.0000E+00 
 0.0000E+00 
 0.0000E+00 
 0.0000E+00 
 0.0000E+00 
 0.0000E+00 
 0.0000E+00 
 0.0000E+00 
 0.0000E+00 
 0.0000E+00 
 0.0000E+00 
 0.0000E+00 
 0.0000E+00 
 0.0000E+00 
 0.0000E+00 
 0.0000E+00 
 0.0000E+00 
 0.0000E+00 
 0.0000E+00 
 0.0000E+00 
 0.0000E+00 
 0.0000E+00 
 0.0000E+00 
 0.0000E+00 
 0.0000E+00 
 0.0000E+00 
 0.0000E+00 
 0.0000E+00 
 0.0000E+00 
 0.0000E+00 
 0.0000E+00 
 0.0000E+00 
 0.0000E+00 
 0.0000E+00 
 0.0000E+00 
 0.0000E+00 
 0.0000E+00 
 0.0000E+00 
 0.0000E+00 
 0.0000E+00 
 0.0000E+00 
 0.0000E+00 
 0.0000E+00 
 0.0000E+00 
 0.0000E+00 
 0.0000E+00 
 0.0000E+00 
 0.0000E+00 
 0.0000E+00 
 0.0000E+00 
 0.0000E+00 
 0.0000E+00 
 0.0000E+00 
 0.0000E+00 
 0.0000E+00 
 0.0000E+00 
 0.0000E+00 
 0.0000E+00 
 0.0000E+00 
 0.0000E+00 
 0.0000E+00 
 0.0000E+00 
 0.0000E+00 
 0.0000E+00 
 0.0000E+00 
 0.0000E+00 
 0.0000E+00 
 0.0000E+00 
 0.0000E+00 
 0.0000E+00 
 0.0000E+00 
 0.0000E+00 
 0.0000E+00 
 0.0000E+00 
 0.0000E+00 
 0.0000E+00 
 0.0000E+00 
 0.0000E+00 
 0.0000E+00 
 0.0000E+00 
 0.0000E+00 
 0.0000E+00 
 0.0000E+00 
 0.0000E+00 
 0.0000E+00 
 0.0000E+00 
 0.0000E+00 
 0.0000E+00 
 0.0000E+00 
 0.0000E+00 
 0.0000E+00 
 0.0000E+00 
 0.0000E+00 
 0.0000E+00 
 0.0000E+00 
 0.0000E+00 
 0.0000E+00 
 0.0000E+00 
 0.0000E+00 
 0.0000E+00 
 0.0000E+00 
 0.0000E+00 
 0.0000E+00 
 0.0000E+00 
 0.0000E+00 
 0.0000E+00 
 0.0000E+00 
 0.0000E+00 
 0.0000E+00 
 0.0000E+00 
 0.0000E+00 
 0.0000E+00 
 0.0000E+00 
 0.0000E+00 
 0.0000E+00 
 0.0000E+00 
 0.0000E+00 
 0.0000E+00 
 0.0000E+00 


!ECH profile set to zero (no ECH)
POINTS 51 GRIDTYPE 14 NAMEXP CAR4 NTIMES 1 
 3.0000E-01 
  0.0000E+00 
  2.0000E-02 
  4.0000E-02 
  6.0000E-02 
  8.0000E-02 
  1.0000E-01 
  1.2000E-01 
  1.4000E-01 
  1.6000E-01 
  1.8000E-01 
  2.0000E-01 
  2.2000E-01 
  2.4000E-01 
  2.6000E-01 
  2.8000E-01 
  3.0000E-01 
  3.2000E-01 
  3.4000E-01 
  3.6000E-01 
  3.8000E-01 
  4.0000E-01 
  4.2000E-01 
  4.4000E-01 
  4.6000E-01 
  4.8000E-01 
  5.0000E-01 
  5.2000E-01 
  5.4000E-01 
  5.6000E-01 
  5.8000E-01 
  6.0000E-01 
  6.2000E-01 
  6.4000E-01 
  6.6000E-01 
  6.8000E-01 
  7.0000E-01 
  7.2000E-01 
  7.4000E-01 
  7.6000E-01 
  7.8000E-01 
  8.0000E-01 
  8.2000E-01 
  8.4000E-01 
  8.6000E-01 
  8.8000E-01 
  9.0000E-01 
  9.2000E-01 
  9.4000E-01 
  9.6000E-01 
  9.8000E-01 
  1.0000E+00 
  0.0000E+00 
 0.0000E+00 
 0.0000E+00 
 0.0000E+00 
 0.0000E+00 
 0.0000E+00 
 0.0000E+00 
 0.0000E+00 
 0.0000E+00 
 0.0000E+00 
 0.0000E+00 
 0.0000E+00 
 0.0000E+00 
 0.0000E+00 
 0.0000E+00 
 0.0000E+00 
 0.0000E+00 
 0.0000E+00 
 0.0000E+00 
 0.0000E+00 
 0.0000E+00 
 0.0000E+00 
 0.0000E+00 
 0.0000E+00 
 0.0000E+00 
 0.0000E+00 
 0.0000E+00 
 0.0000E+00 
 0.0000E+00 
 0.0000E+00 
 0.0000E+00 
 0.0000E+00 
 0.0000E+00 
 0.0000E+00 
 0.0000E+00 
 0.0000E+00 
 0.0000E+00 
 0.0000E+00 
 0.0000E+00 
 0.0000E+00 
 0.0000E+00 
 0.0000E+00 
 0.0000E+00 
 0.0000E+00 
 0.0000E+00 
 0.0000E+00 
 0.0000E+00 
 0.0000E+00 
 0.0000E+00 
 0.0000E+00 
 0.0000E+00 


!ECCD profile set to zero (no ECCD)
POINTS 51 GRIDTYPE 14 NAMEXP CAR6 NTIMES 1 
 3.0000E-01 
  0.0000E+00 
  2.0000E-02 
  4.0000E-02 
  6.0000E-02 
  8.0000E-02 
  1.0000E-01 
  1.2000E-01 
  1.4000E-01 
  1.6000E-01 
  1.8000E-01 
  2.0000E-01 
  2.2000E-01 
  2.4000E-01 
  2.6000E-01 
  2.8000E-01 
  3.0000E-01 
  3.2000E-01 
  3.4000E-01 
  3.6000E-01 
  3.8000E-01 
  4.0000E-01 
  4.2000E-01 
  4.4000E-01 
  4.6000E-01 
  4.8000E-01 
  5.0000E-01 
  5.2000E-01 
  5.4000E-01 
  5.6000E-01 
  5.8000E-01 
  6.0000E-01 
  6.2000E-01 
  6.4000E-01 
  6.6000E-01 
  6.8000E-01 
  7.0000E-01 
  7.2000E-01 
  7.4000E-01 
  7.6000E-01 
  7.8000E-01 
  8.0000E-01 
  8.2000E-01 
  8.4000E-01 
  8.6000E-01 
  8.8000E-01 
  9.0000E-01 
  9.2000E-01 
  9.4000E-01 
  9.6000E-01 
  9.8000E-01 
  1.0000E+00 
  -0.0000E+00 
 -0.0000E+00 
 -0.0000E+00 
 -0.0000E+00 
 -0.0000E+00 
 -0.0000E+00 
 -0.0000E+00 
 -0.0000E+00 
 -0.0000E+00 
 -0.0000E+00 
 -0.0000E+00 
 -0.0000E+00 
 -0.0000E+00 
 -0.0000E+00 
 -0.0000E+00 
 -0.0000E+00 
 -0.0000E+00 
 -0.0000E+00 
 -0.0000E+00 
 -0.0000E+00 
 -0.0000E+00 
 -0.0000E+00 
 -0.0000E+00 
 -0.0000E+00 
 -0.0000E+00 
 -0.0000E+00 
 -0.0000E+00 
 -0.0000E+00 
 -0.0000E+00 
 -0.0000E+00 
 -0.0000E+00 
 -0.0000E+00 
 -0.0000E+00 
 -0.0000E+00 
 -0.0000E+00 
 -0.0000E+00 
 -0.0000E+00 
 -0.0000E+00 
 -0.0000E+00 
 -0.0000E+00 
 -0.0000E+00 
 -0.0000E+00 
 -0.0000E+00 
 -0.0000E+00 
 -0.0000E+00 
 -0.0000E+00 
 -0.0000E+00 
 -0.0000E+00 
 -0.0000E+00 
 -0.0000E+00 
 -0.0000E+00 
END