 -TCV- #37764 t0=0.5
 Param|Time  |  Value  |   Error
|-----|------|---------|--------
T_OFFSET          0.3000
TEND            1.3000
NB1             91.0000
AWALL           0.2800
AB              0.2600
RTOR            0.8800
ELONM           1.6000
TRICH           0.3000
ABC             0.2357
SHIFT           0.0100
ELONG           1.4151
TRIAN           0.3780
UPDWN           0.0000
ZMJ             1.0000
AMJ             2.0000
BTOR            1.4226
ZRD10           0.9800
ZRD30           37764.0000
ZRD6            0.1110
ZRD7            2.0000
ZRD8            0.0010
ZRD1            3.5000
ZRD3            0.3563
 

!Density boundary condition loading in time
NAMEXP ZRD2 NTIMES 1 
-2.0000E-01 
1.9650E-01 
 

!Ip from LIUQE [MA]
NAMEXP IPL NTIMES 31 
3.0000E-01 
3.1700E-01 
3.3400E-01 
3.5000E-01 
3.6700E-01 
3.8400E-01 
4.0000E-01 
4.1700E-01 
4.3400E-01 
4.5000E-01 
4.6700E-01 
4.8400E-01 
5.0000E-01 
5.1700E-01 
5.3400E-01 
5.5000E-01 
5.6700E-01 
5.8400E-01 
6.0000E-01 
6.1700E-01 
6.3400E-01 
6.5000E-01 
6.6700E-01 
6.8400E-01 
7.0000E-01 
7.1700E-01 
7.3400E-01 
7.5000E-01 
7.6700E-01 
7.8400E-01 
8.0000E-01 
2.5503E-01 
2.5482E-01 
2.5453E-01 
2.5387E-01 
2.5458E-01 
2.5428E-01 
2.5403E-01 
2.5464E-01 
2.5368E-01 
2.5434E-01 
2.5394E-01 
2.5326E-01 
2.5404E-01 
2.5385E-01 
2.5419E-01 
2.5447E-01 
2.5540E-01 
2.5461E-01 
2.5393E-01 
2.5428E-01 
2.5480E-01 
2.5408E-01 
2.5440E-01 
2.5416E-01 
2.5409E-01 
2.5459E-01 
2.5397E-01 
2.5475E-01 
2.5372E-01 
2.5515E-01 
2.5367E-01 


!Minor radius [m]
POINTS 51 GRIDTYPE 14 NAMEXP CAR9 NTIMES 1 
 0.0000E+00 
  0.0000E+00 
  2.0000E-02 
  4.0000E-02 
  6.0000E-02 
  8.0000E-02 
  1.0000E-01 
  1.2000E-01 
  1.4000E-01 
  1.6000E-01 
  1.8000E-01 
  2.0000E-01 
  2.2000E-01 
  2.4000E-01 
  2.6000E-01 
  2.8000E-01 
  3.0000E-01 
  3.2000E-01 
  3.4000E-01 
  3.6000E-01 
  3.8000E-01 
  4.0000E-01 
  4.2000E-01 
  4.4000E-01 
  4.6000E-01 
  4.8000E-01 
  5.0000E-01 
  5.2000E-01 
  5.4000E-01 
  5.6000E-01 
  5.8000E-01 
  6.0000E-01 
  6.2000E-01 
  6.4000E-01 
  6.6000E-01 
  6.8000E-01 
  7.0000E-01 
  7.2000E-01 
  7.4000E-01 
  7.6000E-01 
  7.8000E-01 
  8.0000E-01 
  8.2000E-01 
  8.4000E-01 
  8.6000E-01 
  8.8000E-01 
  9.0000E-01 
  9.2000E-01 
  9.4000E-01 
  9.6000E-01 
  9.8000E-01 
  1.0000E+00 
  0.0000E+00 
 5.2000E-03 
 1.0400E-02 
 1.5600E-02 
 2.0800E-02 
 2.6000E-02 
 3.1200E-02 
 3.6400E-02 
 4.1600E-02 
 4.6800E-02 
 5.2000E-02 
 5.7200E-02 
 6.2400E-02 
 6.7600E-02 
 7.2800E-02 
 7.8000E-02 
 8.3200E-02 
 8.8400E-02 
 9.3600E-02 
 9.8800E-02 
 1.0400E-01 
 1.0920E-01 
 1.1440E-01 
 1.1960E-01 
 1.2480E-01 
 1.3000E-01 
 1.3520E-01 
 1.4040E-01 
 1.4560E-01 
 1.5080E-01 
 1.5600E-01 
 1.6120E-01 
 1.6640E-01 
 1.7160E-01 
 1.7680E-01 
 1.8200E-01 
 1.8720E-01 
 1.9240E-01 
 1.9760E-01 
 2.0280E-01 
 2.0800E-01 
 2.1320E-01 
 2.1840E-01 
 2.2360E-01 
 2.2880E-01 
 2.3400E-01 
 2.3920E-01 
 2.4440E-01 
 2.4960E-01 
 2.5480E-01 
 2.6000E-01 


!initial mu from parabolic 1/q
POINTS 51 GRIDTYPE 14 NAMEXP MU NTIMES 1 
 0.0000E+00 
  0.0000E+00 
  2.0000E-02 
  4.0000E-02 
  6.0000E-02 
  8.0000E-02 
  1.0000E-01 
  1.2000E-01 
  1.4000E-01 
  1.6000E-01 
  1.8000E-01 
  2.0000E-01 
  2.2000E-01 
  2.4000E-01 
  2.6000E-01 
  2.8000E-01 
  3.0000E-01 
  3.2000E-01 
  3.4000E-01 
  3.6000E-01 
  3.8000E-01 
  4.0000E-01 
  4.2000E-01 
  4.4000E-01 
  4.6000E-01 
  4.8000E-01 
  5.0000E-01 
  5.2000E-01 
  5.4000E-01 
  5.6000E-01 
  5.8000E-01 
  6.0000E-01 
  6.2000E-01 
  6.4000E-01 
  6.6000E-01 
  6.8000E-01 
  7.0000E-01 
  7.2000E-01 
  7.4000E-01 
  7.6000E-01 
  7.8000E-01 
  8.0000E-01 
  8.2000E-01 
  8.4000E-01 
  8.6000E-01 
  8.8000E-01 
  9.0000E-01 
  9.2000E-01 
  9.4000E-01 
  9.6000E-01 
  9.8000E-01 
  1.0000E+00 
  5.0000E-01 
 4.9960E-01 
 4.9841E-01 
 4.9643E-01 
 4.9368E-01 
 4.9020E-01 
 4.8600E-01 
 4.8114E-01 
 4.7565E-01 
 4.6957E-01 
 4.6296E-01 
 4.5587E-01 
 4.4835E-01 
 4.4045E-01 
 4.3223E-01 
 4.2373E-01 
 4.1501E-01 
 4.0611E-01 
 3.9708E-01 
 3.8796E-01 
 3.7879E-01 
 3.6960E-01 
 3.6044E-01 
 3.5132E-01 
 3.4228E-01 
 3.3333E-01 
 3.2451E-01 
 3.1582E-01 
 3.0728E-01 
 2.9890E-01 
 2.9070E-01 
 2.8268E-01 
 2.7485E-01 
 2.6721E-01 
 2.5977E-01 
 2.5253E-01 
 2.4548E-01 
 2.3864E-01 
 2.3200E-01 
 2.2555E-01 
 2.1930E-01 
 2.1324E-01 
 2.0737E-01 
 2.0168E-01 
 1.9617E-01 
 1.9084E-01 
 1.8568E-01 
 1.8069E-01 
 1.7586E-01 
 1.7119E-01 
 1.6667E-01 


!ne from confinement nodes [1e19m^-3]
POINTS 51 GRIDTYPE 14 NAMEXP NE NTIMES 30 
 3.0030E-01 
  3.1730E-01 
  3.3430E-01 
  3.5030E-01 
  3.6730E-01 
  3.8430E-01 
  4.0030E-01 
  4.1730E-01 
  4.3430E-01 
  4.5030E-01 
  4.6730E-01 
  4.8430E-01 
  5.0030E-01 
  5.1730E-01 
  5.3430E-01 
  5.5030E-01 
  5.6730E-01 
  5.8430E-01 
  6.0030E-01 
  6.1730E-01 
  6.3430E-01 
  6.5030E-01 
  6.6730E-01 
  6.8430E-01 
  7.0030E-01 
  7.1730E-01 
  7.3430E-01 
  7.5030E-01 
  7.6730E-01 
  7.8430E-01 
  0.0000E+00 
  2.0000E-02 
  4.0000E-02 
  6.0000E-02 
  8.0000E-02 
  1.0000E-01 
  1.2000E-01 
  1.4000E-01 
  1.6000E-01 
  1.8000E-01 
  2.0000E-01 
  2.2000E-01 
  2.4000E-01 
  2.6000E-01 
  2.8000E-01 
  3.0000E-01 
  3.2000E-01 
  3.4000E-01 
  3.6000E-01 
  3.8000E-01 
  4.0000E-01 
  4.2000E-01 
  4.4000E-01 
  4.6000E-01 
  4.8000E-01 
  5.0000E-01 
  5.2000E-01 
  5.4000E-01 
  5.6000E-01 
  5.8000E-01 
  6.0000E-01 
  6.2000E-01 
  6.4000E-01 
  6.6000E-01 
  6.8000E-01 
  7.0000E-01 
  7.2000E-01 
  7.4000E-01 
  7.6000E-01 
  7.8000E-01 
  8.0000E-01 
  8.2000E-01 
  8.4000E-01 
  8.6000E-01 
  8.8000E-01 
  9.0000E-01 
  9.2000E-01 
  9.4000E-01 
  9.6000E-01 
  9.8000E-01 
  1.0000E+00 
  5.3472E+00 
 5.3523E+00 
 5.3673E+00 
 5.3924E+00 
 5.4265E+00 
 5.4682E+00 
 5.5155E+00 
 5.5671E+00 
 5.6155E+00 
 5.6491E+00 
 5.6654E+00 
 5.6629E+00 
 5.6436E+00 
 5.6214E+00 
 5.6120E+00 
 5.6269E+00 
 5.6621E+00 
 5.7018E+00 
 5.7310E+00 
 5.7381E+00 
 5.7228E+00 
 5.6915E+00 
 5.6494E+00 
 5.5986E+00 
 5.5368E+00 
 5.4616E+00 
 5.3712E+00 
 5.2663E+00 
 5.1504E+00 
 5.0269E+00 
 4.8976E+00 
 4.7625E+00 
 4.6207E+00 
 4.4717E+00 
 4.3165E+00 
 4.1567E+00 
 3.9941E+00 
 3.8303E+00 
 3.6669E+00 
 3.5055E+00 
 3.3474E+00 
 3.1936E+00 
 3.0450E+00 
 2.9023E+00 
 2.7657E+00 
 2.6347E+00 
 2.5105E+00 
 2.3953E+00 
 2.2905E+00 
 2.1933E+00 
 2.1000E+00 
 5.4019E+00 
 5.4061E+00 
 5.4187E+00 
 5.4396E+00 
 5.4683E+00 
 5.5036E+00 
 5.5443E+00 
 5.5895E+00 
 5.6331E+00 
 5.6640E+00 
 5.6784E+00 
 5.6734E+00 
 5.6502E+00 
 5.6237E+00 
 5.6126E+00 
 5.6293E+00 
 5.6667E+00 
 5.7059E+00 
 5.7301E+00 
 5.7264E+00 
 5.6958E+00 
 5.6489E+00 
 5.5945E+00 
 5.5366E+00 
 5.4723E+00 
 5.3980E+00 
 5.3106E+00 
 5.2097E+00 
 5.0990E+00 
 4.9822E+00 
 4.8613E+00 
 4.7352E+00 
 4.6014E+00 
 4.4586E+00 
 4.3074E+00 
 4.1495E+00 
 3.9871E+00 
 3.8222E+00 
 3.6568E+00 
 3.4929E+00 
 3.3321E+00 
 3.1757E+00 
 3.0246E+00 
 2.8795E+00 
 2.7406E+00 
 2.6075E+00 
 2.4811E+00 
 2.3640E+00 
 2.2574E+00 
 2.1586E+00 
 2.0637E+00 
 5.4673E+00 
 5.4717E+00 
 5.4846E+00 
 5.5060E+00 
 5.5344E+00 
 5.5666E+00 
 5.5991E+00 
 5.6293E+00 
 5.6457E+00 
 5.6311E+00 
 5.5809E+00 
 5.4913E+00 
 5.3717E+00 
 5.2662E+00 
 5.2269E+00 
 5.2770E+00 
 5.3825E+00 
 5.5015E+00 
 5.5989E+00 
 5.6487E+00 
 5.6516E+00 
 5.6253E+00 
 5.5834E+00 
 5.5336E+00 
 5.4741E+00 
 5.4030E+00 
 5.3186E+00 
 5.2226E+00 
 5.1196E+00 
 5.0141E+00 
 4.9072E+00 
 4.7951E+00 
 4.6728E+00 
 4.5369E+00 
 4.3880E+00 
 4.2285E+00 
 4.0618E+00 
 3.8907E+00 
 3.7180E+00 
 3.5469E+00 
 3.3795E+00 
 3.2175E+00 
 3.0617E+00 
 2.9123E+00 
 2.7693E+00 
 2.6322E+00 
 2.5023E+00 
 2.3820E+00 
 2.2725E+00 
 2.1709E+00 
 2.0732E+00 
 5.5662E+00 
 5.5671E+00 
 5.5701E+00 
 5.5749E+00 
 5.5807E+00 
 5.5859E+00 
 5.5885E+00 
 5.5870E+00 
 5.5780E+00 
 5.5586E+00 
 5.5303E+00 
 5.4945E+00 
 5.4559E+00 
 5.4282E+00 
 5.4266E+00 
 5.4586E+00 
 5.5128E+00 
 5.5714E+00 
 5.6189E+00 
 5.6434E+00 
 5.6439E+00 
 5.6258E+00 
 5.5933E+00 
 5.5490E+00 
 5.4924E+00 
 5.4233E+00 
 5.3414E+00 
 5.2474E+00 
 5.1430E+00 
 5.0298E+00 
 4.9086E+00 
 4.7790E+00 
 4.6402E+00 
 4.4921E+00 
 4.3356E+00 
 4.1727E+00 
 4.0054E+00 
 3.8356E+00 
 3.6650E+00 
 3.4958E+00 
 3.3294E+00 
 3.1672E+00 
 3.0103E+00 
 2.8596E+00 
 2.7152E+00 
 2.5769E+00 
 2.4457E+00 
 2.3243E+00 
 2.2138E+00 
 2.1112E+00 
 2.0126E+00 
 5.4969E+00 
 5.4995E+00 
 5.5073E+00 
 5.5201E+00 
 5.5378E+00 
 5.5595E+00 
 5.5843E+00 
 5.6118E+00 
 5.6343E+00 
 5.6355E+00 
 5.6085E+00 
 5.5472E+00 
 5.4567E+00 
 5.3716E+00 
 5.3337E+00 
 5.3652E+00 
 5.4437E+00 
 5.5341E+00 
 5.6067E+00 
 5.6391E+00 
 5.6318E+00 
 5.6001E+00 
 5.5561E+00 
 5.5067E+00 
 5.4495E+00 
 5.3820E+00 
 5.3023E+00 
 5.2123E+00 
 5.1172E+00 
 5.0215E+00 
 4.9264E+00 
 4.8269E+00 
 4.7163E+00 
 4.5899E+00 
 4.4475E+00 
 4.2916E+00 
 4.1256E+00 
 3.9525E+00 
 3.7754E+00 
 3.5980E+00 
 3.4229E+00 
 3.2521E+00 
 3.0870E+00 
 2.9284E+00 
 2.7764E+00 
 2.6308E+00 
 2.4928E+00 
 2.3650E+00 
 2.2487E+00 
 2.1408E+00 
 2.0370E+00 
 5.5203E+00 
 5.5224E+00 
 5.5286E+00 
 5.5390E+00 
 5.5529E+00 
 5.5692E+00 
 5.5867E+00 
 5.6045E+00 
 5.6155E+00 
 5.6072E+00 
 5.5764E+00 
 5.5202E+00 
 5.4449E+00 
 5.3796E+00 
 5.3592E+00 
 5.3998E+00 
 5.4792E+00 
 5.5670E+00 
 5.6369E+00 
 5.6697E+00 
 5.6657E+00 
 5.6375E+00 
 5.5948E+00 
 5.5434E+00 
 5.4824E+00 
 5.4106E+00 
 5.3275E+00 
 5.2349E+00 
 5.1369E+00 
 5.0370E+00 
 4.9357E+00 
 4.8289E+00 
 4.7112E+00 
 4.5790E+00 
 4.4324E+00 
 4.2739E+00 
 4.1065E+00 
 3.9331E+00 
 3.7565E+00 
 3.5804E+00 
 3.4071E+00 
 3.2386E+00 
 3.0759E+00 
 2.9198E+00 
 2.7703E+00 
 2.6271E+00 
 2.4914E+00 
 2.3658E+00 
 2.2516E+00 
 2.1456E+00 
 2.0436E+00 
 5.4702E+00 
 5.4728E+00 
 5.4805E+00 
 5.4934E+00 
 5.5109E+00 
 5.5320E+00 
 5.5555E+00 
 5.5807E+00 
 5.5999E+00 
 5.6001E+00 
 5.5788E+00 
 5.5339E+00 
 5.4709E+00 
 5.4158E+00 
 5.4010E+00 
 5.4409E+00 
 5.5160E+00 
 5.5992E+00 
 5.6672E+00 
 5.7021E+00 
 5.7027E+00 
 5.6795E+00 
 5.6407E+00 
 5.5913E+00 
 5.5314E+00 
 5.4610E+00 
 5.3799E+00 
 5.2896E+00 
 5.1924E+00 
 5.0904E+00 
 4.9840E+00 
 4.8702E+00 
 4.7455E+00 
 4.6073E+00 
 4.4565E+00 
 4.2953E+00 
 4.1271E+00 
 3.9545E+00 
 3.7801E+00 
 3.6066E+00 
 3.4360E+00 
 3.2697E+00 
 3.1087E+00 
 2.9541E+00 
 2.8059E+00 
 2.6639E+00 
 2.5295E+00 
 2.4050E+00 
 2.2918E+00 
 2.1867E+00 
 2.0856E+00 
 5.4633E+00 
 5.4672E+00 
 5.4789E+00 
 5.4982E+00 
 5.5245E+00 
 5.5559E+00 
 5.5907E+00 
 5.6275E+00 
 5.6562E+00 
 5.6605E+00 
 5.6377E+00 
 5.5856E+00 
 5.5110E+00 
 5.4452E+00 
 5.4271E+00 
 5.4731E+00 
 5.5579E+00 
 5.6495E+00 
 5.7216E+00 
 5.7539E+00 
 5.7463E+00 
 5.7131E+00 
 5.6659E+00 
 5.6115E+00 
 5.5494E+00 
 5.4789E+00 
 5.3992E+00 
 5.3116E+00 
 5.2186E+00 
 5.1226E+00 
 5.0235E+00 
 4.9176E+00 
 4.8000E+00 
 4.6674E+00 
 4.5199E+00 
 4.3596E+00 
 4.1896E+00 
 4.0128E+00 
 3.8321E+00 
 3.6511E+00 
 3.4724E+00 
 3.2977E+00 
 3.1285E+00 
 2.9658E+00 
 2.8098E+00 
 2.6604E+00 
 2.5189E+00 
 2.3879E+00 
 2.2688E+00 
 2.1581E+00 
 2.0518E+00 
 5.5042E+00 
 5.5079E+00 
 5.5189E+00 
 5.5373E+00 
 5.5626E+00 
 5.5942E+00 
 5.6310E+00 
 5.6730E+00 
 5.7064E+00 
 5.7078E+00 
 5.6750E+00 
 5.6077E+00 
 5.5132E+00 
 5.4291E+00 
 5.4072E+00 
 5.4688E+00 
 5.5764E+00 
 5.6901E+00 
 5.7795E+00 
 5.8203E+00 
 5.8126E+00 
 5.7748E+00 
 5.7216E+00 
 5.6624E+00 
 5.5963E+00 
 5.5217E+00 
 5.4371E+00 
 5.3435E+00 
 5.2444E+00 
 5.1435E+00 
 5.0423E+00 
 4.9371E+00 
 4.8227E+00 
 4.6953E+00 
 4.5534E+00 
 4.3978E+00 
 4.2304E+00 
 4.0535E+00 
 3.8697E+00 
 3.6835E+00 
 3.4981E+00 
 3.3156E+00 
 3.1381E+00 
 2.9673E+00 
 2.8036E+00 
 2.6467E+00 
 2.4979E+00 
 2.3601E+00 
 2.2347E+00 
 2.1183E+00 
 2.0064E+00 
 5.4808E+00 
 5.4847E+00 
 5.4966E+00 
 5.5163E+00 
 5.5437E+00 
 5.5782E+00 
 5.6191E+00 
 5.6665E+00 
 5.7057E+00 
 5.7105E+00 
 5.6779E+00 
 5.6075E+00 
 5.5058E+00 
 5.4133E+00 
 5.3881E+00 
 5.4542E+00 
 5.5713E+00 
 5.6969E+00 
 5.7999E+00 
 5.8539E+00 
 5.8554E+00 
 5.8238E+00 
 5.7755E+00 
 5.7215E+00 
 5.6607E+00 
 5.5914E+00 
 5.5116E+00 
 5.4217E+00 
 5.3242E+00 
 5.2223E+00 
 5.1171E+00 
 5.0062E+00 
 4.8855E+00 
 4.7521E+00 
 4.6051E+00 
 4.4449E+00 
 4.2733E+00 
 4.0924E+00 
 3.9047E+00 
 3.7147E+00 
 3.5254E+00 
 3.3391E+00 
 3.1579E+00 
 2.9835E+00 
 2.8163E+00 
 2.6562E+00 
 2.5043E+00 
 2.3636E+00 
 2.2356E+00 
 2.1167E+00 
 2.0025E+00 
 5.4965E+00 
 5.5002E+00 
 5.5113E+00 
 5.5298E+00 
 5.5551E+00 
 5.5865E+00 
 5.6228E+00 
 5.6635E+00 
 5.6975E+00 
 5.7045E+00 
 5.6819E+00 
 5.6291E+00 
 5.5505E+00 
 5.4757E+00 
 5.4491E+00 
 5.4918E+00 
 5.5788E+00 
 5.6771E+00 
 5.7606E+00 
 5.8066E+00 
 5.8098E+00 
 5.7845E+00 
 5.7435E+00 
 5.6955E+00 
 5.6400E+00 
 5.5758E+00 
 5.5017E+00 
 5.4178E+00 
 5.3260E+00 
 5.2285E+00 
 5.1263E+00 
 5.0174E+00 
 4.8983E+00 
 4.7668E+00 
 4.6218E+00 
 4.4637E+00 
 4.2939E+00 
 4.1142E+00 
 3.9272E+00 
 3.7372E+00 
 3.5477E+00 
 3.3608E+00 
 3.1787E+00 
 3.0034E+00 
 2.8354E+00 
 2.6744E+00 
 2.5217E+00 
 2.3803E+00 
 2.2515E+00 
 2.1321E+00 
 2.0172E+00 
 5.5411E+00 
 5.5435E+00 
 5.5507E+00 
 5.5626E+00 
 5.5791E+00 
 5.5996E+00 
 5.6235E+00 
 5.6507E+00 
 5.6723E+00 
 5.6734E+00 
 5.6524E+00 
 5.6084E+00 
 5.5461E+00 
 5.4894E+00 
 5.4722E+00 
 5.5090E+00 
 5.5813E+00 
 5.6638E+00 
 5.7353E+00 
 5.7778E+00 
 5.7879E+00 
 5.7749E+00 
 5.7470E+00 
 5.7090E+00 
 5.6599E+00 
 5.5983E+00 
 5.5231E+00 
 5.4349E+00 
 5.3363E+00 
 5.2299E+00 
 5.1175E+00 
 4.9978E+00 
 4.8690E+00 
 4.7299E+00 
 4.5804E+00 
 4.4210E+00 
 4.2530E+00 
 4.0780E+00 
 3.8984E+00 
 3.7176E+00 
 3.5382E+00 
 3.3620E+00 
 3.1910E+00 
 3.0266E+00 
 2.8691E+00 
 2.7183E+00 
 2.5754E+00 
 2.4431E+00 
 2.3228E+00 
 2.2111E+00 
 2.1036E+00 
 5.5814E+00 
 5.5819E+00 
 5.5836E+00 
 5.5865E+00 
 5.5916E+00 
 5.6010E+00 
 5.6168E+00 
 5.6412E+00 
 5.6634E+00 
 5.6635E+00 
 5.6442E+00 
 5.6106E+00 
 5.5704E+00 
 5.5439E+00 
 5.5589E+00 
 5.6264E+00 
 5.7268E+00 
 5.8330E+00 
 5.9215E+00 
 5.9722E+00 
 5.9804E+00 
 5.9570E+00 
 5.9122E+00 
 5.8529E+00 
 5.7800E+00 
 5.6935E+00 
 5.5937E+00 
 5.4818E+00 
 5.3599E+00 
 5.2303E+00 
 5.0948E+00 
 4.9529E+00 
 4.8037E+00 
 4.6468E+00 
 4.4825E+00 
 4.3125E+00 
 4.1393E+00 
 3.9647E+00 
 3.7902E+00 
 3.6175E+00 
 3.4479E+00 
 3.2826E+00 
 3.1227E+00 
 2.9694E+00 
 2.8226E+00 
 2.6820E+00 
 2.5488E+00 
 2.4256E+00 
 2.3134E+00 
 2.2092E+00 
 2.1090E+00 
 5.4174E+00 
 5.4212E+00 
 5.4324E+00 
 5.4509E+00 
 5.4758E+00 
 5.5050E+00 
 5.5363E+00 
 5.5680E+00 
 5.5949E+00 
 5.6105E+00 
 5.6165E+00 
 5.6151E+00 
 5.6104E+00 
 5.6143E+00 
 5.6440E+00 
 5.7060E+00 
 5.7873E+00 
 5.8688E+00 
 5.9332E+00 
 5.9648E+00 
 5.9579E+00 
 5.9204E+00 
 5.8612E+00 
 5.7868E+00 
 5.6992E+00 
 5.6000E+00 
 5.4904E+00 
 5.3722E+00 
 5.2471E+00 
 5.1169E+00 
 4.9830E+00 
 4.8456E+00 
 4.7047E+00 
 4.5602E+00 
 4.4129E+00 
 4.2639E+00 
 4.1148E+00 
 3.9668E+00 
 3.8211E+00 
 3.6785E+00 
 3.5398E+00 
 3.4055E+00 
 3.2760E+00 
 3.1520E+00 
 3.0334E+00 
 2.9197E+00 
 2.8120E+00 
 2.7124E+00 
 2.6217E+00 
 2.5375E+00 
 2.4565E+00 
 5.5193E+00 
 5.5220E+00 
 5.5302E+00 
 5.5438E+00 
 5.5619E+00 
 5.5832E+00 
 5.6061E+00 
 5.6292E+00 
 5.6468E+00 
 5.6509E+00 
 5.6434E+00 
 5.6269E+00 
 5.6061E+00 
 5.5963E+00 
 5.6199E+00 
 5.6849E+00 
 5.7752E+00 
 5.8686E+00 
 5.9453E+00 
 5.9870E+00 
 5.9869E+00 
 5.9535E+00 
 5.8969E+00 
 5.8239E+00 
 5.7370E+00 
 5.6383E+00 
 5.5294E+00 
 5.4120E+00 
 5.2880E+00 
 5.1590E+00 
 5.0262E+00 
 4.8895E+00 
 4.7485E+00 
 4.6029E+00 
 4.4533E+00 
 4.3010E+00 
 4.1477E+00 
 3.9951E+00 
 3.8444E+00 
 3.6967E+00 
 3.5528E+00 
 3.4132E+00 
 3.2786E+00 
 3.1497E+00 
 3.0263E+00 
 2.9081E+00 
 2.7961E+00 
 2.6924E+00 
 2.5981E+00 
 2.5104E+00 
 2.4261E+00 
 5.5202E+00 
 5.5253E+00 
 5.5408E+00 
 5.5664E+00 
 5.6020E+00 
 5.6469E+00 
 5.7004E+00 
 5.7621E+00 
 5.8159E+00 
 5.8346E+00 
 5.8135E+00 
 5.7515E+00 
 5.6527E+00 
 5.5536E+00 
 5.5157E+00 
 5.5635E+00 
 5.6660E+00 
 5.7858E+00 
 5.8924E+00 
 5.9573E+00 
 5.9709E+00 
 5.9472E+00 
 5.9028E+00 
 5.8478E+00 
 5.7816E+00 
 5.7028E+00 
 5.6096E+00 
 5.5029E+00 
 5.3864E+00 
 5.2651E+00 
 5.1421E+00 
 5.0154E+00 
 4.8815E+00 
 4.7379E+00 
 4.5838E+00 
 4.4212E+00 
 4.2537E+00 
 4.0844E+00 
 3.9155E+00 
 3.7492E+00 
 3.5867E+00 
 3.4291E+00 
 3.2773E+00 
 3.1319E+00 
 2.9929E+00 
 2.8598E+00 
 2.7336E+00 
 2.6167E+00 
 2.5104E+00 
 2.4116E+00 
 2.3167E+00 
 5.4313E+00 
 5.4375E+00 
 5.4561E+00 
 5.4869E+00 
 5.5293E+00 
 5.5819E+00 
 5.6432E+00 
 5.7119E+00 
 5.7733E+00 
 5.8035E+00 
 5.7978E+00 
 5.7554E+00 
 5.6789E+00 
 5.5963E+00 
 5.5589E+00 
 5.5858E+00 
 5.6500E+00 
 5.7244E+00 
 5.7896E+00 
 5.8270E+00 
 5.8298E+00 
 5.8080E+00 
 5.7736E+00 
 5.7332E+00 
 5.6842E+00 
 5.6226E+00 
 5.5450E+00 
 5.4509E+00 
 5.3448E+00 
 5.2332E+00 
 5.1205E+00 
 5.0047E+00 
 4.8819E+00 
 4.7493E+00 
 4.6055E+00 
 4.4524E+00 
 4.2939E+00 
 4.1331E+00 
 3.9726E+00 
 3.8145E+00 
 3.6601E+00 
 3.5105E+00 
 3.3663E+00 
 3.2284E+00 
 3.0965E+00 
 2.9701E+00 
 2.8504E+00 
 2.7395E+00 
 2.6386E+00 
 2.5449E+00 
 2.4547E+00 
 5.5393E+00 
 5.5449E+00 
 5.5616E+00 
 5.5893E+00 
 5.6274E+00 
 5.6753E+00 
 5.7316E+00 
 5.7953E+00 
 5.8515E+00 
 5.8771E+00 
 5.8677E+00 
 5.8219E+00 
 5.7423E+00 
 5.6581E+00 
 5.6197E+00 
 5.6424E+00 
 5.7012E+00 
 5.7707E+00 
 5.8315E+00 
 5.8649E+00 
 5.8655E+00 
 5.8430E+00 
 5.8088E+00 
 5.7683E+00 
 5.7177E+00 
 5.6530E+00 
 5.5703E+00 
 5.4697E+00 
 5.3561E+00 
 5.2367E+00 
 5.1157E+00 
 4.9915E+00 
 4.8610E+00 
 4.7222E+00 
 4.5742E+00 
 4.4190E+00 
 4.2598E+00 
 4.0993E+00 
 3.9396E+00 
 3.7825E+00 
 3.6292E+00 
 3.4807E+00 
 3.3380E+00 
 3.2015E+00 
 3.0709E+00 
 2.9459E+00 
 2.8276E+00 
 2.7180E+00 
 2.6184E+00 
 2.5257E+00 
 2.4366E+00 
 5.5744E+00 
 5.5790E+00 
 5.5929E+00 
 5.6159E+00 
 5.6482E+00 
 5.6901E+00 
 5.7416E+00 
 5.8025E+00 
 5.8585E+00 
 5.8864E+00 
 5.8814E+00 
 5.8418E+00 
 5.7691E+00 
 5.6888E+00 
 5.6484E+00 
 5.6632E+00 
 5.7126E+00 
 5.7743E+00 
 5.8299E+00 
 5.8619E+00 
 5.8638E+00 
 5.8432E+00 
 5.8104E+00 
 5.7703E+00 
 5.7200E+00 
 5.6564E+00 
 5.5763E+00 
 5.4794E+00 
 5.3703E+00 
 5.2552E+00 
 5.1383E+00 
 5.0175E+00 
 4.8901E+00 
 4.7537E+00 
 4.6071E+00 
 4.4521E+00 
 4.2922E+00 
 4.1303E+00 
 3.9689E+00 
 3.8098E+00 
 3.6547E+00 
 3.5046E+00 
 3.3604E+00 
 3.2225E+00 
 3.0907E+00 
 2.9645E+00 
 2.8449E+00 
 2.7343E+00 
 2.6336E+00 
 2.5400E+00 
 2.4500E+00 
 5.5126E+00 
 5.5179E+00 
 5.5339E+00 
 5.5604E+00 
 5.5964E+00 
 5.6396E+00 
 5.6881E+00 
 5.7396E+00 
 5.7844E+00 
 5.8081E+00 
 5.8084E+00 
 5.7855E+00 
 5.7411E+00 
 5.6915E+00 
 5.6668E+00 
 5.6785E+00 
 5.7143E+00 
 5.7596E+00 
 5.8020E+00 
 5.8295E+00 
 5.8370E+00 
 5.8277E+00 
 5.8069E+00 
 5.7768E+00 
 5.7351E+00 
 5.6789E+00 
 5.6058E+00 
 5.5153E+00 
 5.4102E+00 
 5.2956E+00 
 5.1747E+00 
 5.0478E+00 
 4.9144E+00 
 4.7741E+00 
 4.6270E+00 
 4.4747E+00 
 4.3196E+00 
 4.1636E+00 
 4.0085E+00 
 3.8557E+00 
 3.7066E+00 
 3.5622E+00 
 3.4234E+00 
 3.2906E+00 
 3.1637E+00 
 3.0421E+00 
 2.9270E+00 
 2.8205E+00 
 2.7235E+00 
 2.6334E+00 
 2.5468E+00 
 5.6173E+00 
 5.6209E+00 
 5.6318E+00 
 5.6498E+00 
 5.6753E+00 
 5.7085E+00 
 5.7496E+00 
 5.7988E+00 
 5.8450E+00 
 5.8704E+00 
 5.8695E+00 
 5.8402E+00 
 5.7820E+00 
 5.7159E+00 
 5.6826E+00 
 5.6964E+00 
 5.7409E+00 
 5.7966E+00 
 5.8471E+00 
 5.8768E+00 
 5.8790E+00 
 5.8594E+00 
 5.8264E+00 
 5.7849E+00 
 5.7345E+00 
 5.6733E+00 
 5.5988E+00 
 5.5104E+00 
 5.4099E+00 
 5.3011E+00 
 5.1860E+00 
 5.0637E+00 
 4.9329E+00 
 4.7924E+00 
 4.6417E+00 
 4.4832E+00 
 4.3203E+00 
 4.1559E+00 
 3.9926E+00 
 3.8319E+00 
 3.6752E+00 
 3.5235E+00 
 3.3778E+00 
 3.2384E+00 
 3.1053E+00 
 2.9777E+00 
 2.8570E+00 
 2.7455E+00 
 2.6439E+00 
 2.5495E+00 
 2.4586E+00 
 5.6731E+00 
 5.6748E+00 
 5.6801E+00 
 5.6889E+00 
 5.7022E+00 
 5.7220E+00 
 5.7498E+00 
 5.7870E+00 
 5.8242E+00 
 5.8447E+00 
 5.8428E+00 
 5.8155E+00 
 5.7620E+00 
 5.7037E+00 
 5.6862E+00 
 5.7238E+00 
 5.7947E+00 
 5.8743E+00 
 5.9412E+00 
 5.9750E+00 
 5.9676E+00 
 5.9297E+00 
 5.8767E+00 
 5.8182E+00 
 5.7573E+00 
 5.6910E+00 
 5.6160E+00 
 5.5302E+00 
 5.4345E+00 
 5.3313E+00 
 5.2219E+00 
 5.1047E+00 
 4.9777E+00 
 4.8391E+00 
 4.6881E+00 
 4.5268E+00 
 4.3591E+00 
 4.1883E+00 
 4.0172E+00 
 3.8481E+00 
 3.6829E+00 
 3.5230E+00 
 3.3693E+00 
 3.2225E+00 
 3.0821E+00 
 2.9477E+00 
 2.8205E+00 
 2.7029E+00 
 2.5959E+00 
 2.4964E+00 
 2.4006E+00 
 5.6973E+00 
 5.6996E+00 
 5.7063E+00 
 5.7174E+00 
 5.7328E+00 
 5.7521E+00 
 5.7751E+00 
 5.8010E+00 
 5.8187E+00 
 5.8120E+00 
 5.7808E+00 
 5.7305E+00 
 5.6665E+00 
 5.6121E+00 
 5.6119E+00 
 5.6749E+00 
 5.7705E+00 
 5.8701E+00 
 5.9522E+00 
 5.9962E+00 
 5.9937E+00 
 5.9577E+00 
 5.9077E+00 
 5.8537E+00 
 5.7969E+00 
 5.7346E+00 
 5.6637E+00 
 5.5819E+00 
 5.4907E+00 
 5.3932E+00 
 5.2914E+00 
 5.1821E+00 
 5.0614E+00 
 4.9261E+00 
 4.7743E+00 
 4.6090E+00 
 4.4348E+00 
 4.2557E+00 
 4.0751E+00 
 3.8957E+00 
 3.7199E+00 
 3.5495E+00 
 3.3856E+00 
 3.2290E+00 
 3.0793E+00 
 2.9360E+00 
 2.8004E+00 
 2.6750E+00 
 2.5608E+00 
 2.4547E+00 
 2.3526E+00 
 5.7297E+00 
 5.7321E+00 
 5.7392E+00 
 5.7511E+00 
 5.7680E+00 
 5.7904E+00 
 5.8186E+00 
 5.8528E+00 
 5.8783E+00 
 5.8723E+00 
 5.8325E+00 
 5.7627E+00 
 5.6675E+00 
 5.5776E+00 
 5.5546E+00 
 5.6144E+00 
 5.7186E+00 
 5.8314E+00 
 5.9282E+00 
 5.9849E+00 
 5.9919E+00 
 5.9640E+00 
 5.9230E+00 
 5.8797E+00 
 5.8345E+00 
 5.7836E+00 
 5.7229E+00 
 5.6498E+00 
 5.5663E+00 
 5.4770E+00 
 5.3844E+00 
 5.2838E+00 
 5.1687E+00 
 5.0337E+00 
 4.8757E+00 
 4.6981E+00 
 4.5075E+00 
 4.3094E+00 
 4.1084E+00 
 3.9080E+00 
 3.7107E+00 
 3.5188E+00 
 3.3338E+00 
 3.1570E+00 
 2.9880E+00 
 2.8261E+00 
 2.6728E+00 
 2.5310E+00 
 2.4020E+00 
 2.2819E+00 
 2.1664E+00 
 5.7458E+00 
 5.7477E+00 
 5.7534E+00 
 5.7631E+00 
 5.7777E+00 
 5.7996E+00 
 5.8307E+00 
 5.8722E+00 
 5.9075E+00 
 5.9089E+00 
 5.8714E+00 
 5.7979E+00 
 5.6916E+00 
 5.5856E+00 
 5.5513E+00 
 5.6078E+00 
 5.7120E+00 
 5.8253E+00 
 5.9232E+00 
 5.9825E+00 
 5.9925E+00 
 5.9667E+00 
 5.9271E+00 
 5.8853E+00 
 5.8421E+00 
 5.7924E+00 
 5.7308E+00 
 5.6532E+00 
 5.5619E+00 
 5.4629E+00 
 5.3601E+00 
 5.2508E+00 
 5.1302E+00 
 4.9943E+00 
 4.8401E+00 
 4.6695E+00 
 4.4869E+00 
 4.2965E+00 
 4.1020E+00 
 3.9069E+00 
 3.7144E+00 
 3.5273E+00 
 3.3471E+00 
 3.1749E+00 
 3.0103E+00 
 2.8526E+00 
 2.7033E+00 
 2.5652E+00 
 2.4395E+00 
 2.3226E+00 
 2.2101E+00 
 5.6838E+00 
 5.6876E+00 
 5.6991E+00 
 5.7182E+00 
 5.7445E+00 
 5.7779E+00 
 5.8176E+00 
 5.8627E+00 
 5.8969E+00 
 5.8948E+00 
 5.8531E+00 
 5.7754E+00 
 5.6659E+00 
 5.5586E+00 
 5.5239E+00 
 5.5809E+00 
 5.6865E+00 
 5.8019E+00 
 5.9022E+00 
 5.9636E+00 
 5.9758E+00 
 5.9523E+00 
 5.9157E+00 
 5.8777E+00 
 5.8380E+00 
 5.7920E+00 
 5.7350E+00 
 5.6640E+00 
 5.5806E+00 
 5.4897E+00 
 5.3943E+00 
 5.2914E+00 
 5.1762E+00 
 5.0446E+00 
 4.8939E+00 
 4.7262E+00 
 4.5463E+00 
 4.3587E+00 
 4.1672E+00 
 3.9754E+00 
 3.7858E+00 
 3.6011E+00 
 3.4229E+00 
 3.2525E+00 
 3.0896E+00 
 2.9337E+00 
 2.7860E+00 
 2.6494E+00 
 2.5250E+00 
 2.4093E+00 
 2.2980E+00 
 5.6720E+00 
 5.6766E+00 
 5.6905E+00 
 5.7135E+00 
 5.7442E+00 
 5.7805E+00 
 5.8200E+00 
 5.8599E+00 
 5.8867E+00 
 5.8810E+00 
 5.8420E+00 
 5.7758E+00 
 5.6883E+00 
 5.6035E+00 
 5.5708E+00 
 5.6065E+00 
 5.6827E+00 
 5.7726E+00 
 5.8578E+00 
 5.9213E+00 
 5.9528E+00 
 5.9572E+00 
 5.9457E+00 
 5.9238E+00 
 5.8904E+00 
 5.8437E+00 
 5.7820E+00 
 5.7045E+00 
 5.6133E+00 
 5.5132E+00 
 5.4070E+00 
 5.2933E+00 
 5.1694E+00 
 5.0330E+00 
 4.8823E+00 
 4.7191E+00 
 4.5466E+00 
 4.3682E+00 
 4.1870E+00 
 4.0058E+00 
 3.8268E+00 
 3.6525E+00 
 3.4844E+00 
 3.3235E+00 
 3.1699E+00 
 3.0227E+00 
 2.8833E+00 
 2.7544E+00 
 2.6371E+00 
 2.5280E+00 
 2.4231E+00 
 5.6738E+00 
 5.6773E+00 
 5.6877E+00 
 5.7051E+00 
 5.7298E+00 
 5.7627E+00 
 5.8046E+00 
 5.8554E+00 
 5.8987E+00 
 5.9076E+00 
 5.8773E+00 
 5.8124E+00 
 5.7169E+00 
 5.6168E+00 
 5.5715E+00 
 5.6020E+00 
 5.6777E+00 
 5.7691E+00 
 5.8565E+00 
 5.9217E+00 
 5.9537E+00 
 5.9567E+00 
 5.9426E+00 
 5.9188E+00 
 5.8874E+00 
 5.8462E+00 
 5.7914E+00 
 5.7199E+00 
 5.6332E+00 
 5.5355E+00 
 5.4301E+00 
 5.3150E+00 
 5.1887E+00 
 5.0503E+00 
 4.8994E+00 
 4.7377E+00 
 4.5682E+00 
 4.3934E+00 
 4.2162E+00 
 4.0388E+00 
 3.8638E+00 
 3.6932E+00 
 3.5287E+00 
 3.3713E+00 
 3.2209E+00 
 3.0769E+00 
 2.9405E+00 
 2.8144E+00 
 2.6996E+00 
 2.5929E+00 
 2.4901E+00 
 5.7081E+00 
 5.7136E+00 
 5.7299E+00 
 5.7568E+00 
 5.7923E+00 
 5.8325E+00 
 5.8732E+00 
 5.9106E+00 
 5.9338E+00 
 5.9288E+00 
 5.8941E+00 
 5.8346E+00 
 5.7543E+00 
 5.6714E+00 
 5.6290E+00 
 5.6423E+00 
 5.6895E+00 
 5.7493E+00 
 5.8076E+00 
 5.8518E+00 
 5.8730E+00 
 5.8730E+00 
 5.8594E+00 
 5.8369E+00 
 5.8067E+00 
 5.7668E+00 
 5.7142E+00 
 5.6461E+00 
 5.5632E+00 
 5.4687E+00 
 5.3650E+00 
 5.2512E+00 
 5.1270E+00 
 4.9927E+00 
 4.8492E+00 
 4.6981E+00 
 4.5416E+00 
 4.3817E+00 
 4.2207E+00 
 4.0603E+00 
 3.9027E+00 
 3.7496E+00 
 3.6022E+00 
 3.4613E+00 
 3.3266E+00 
 3.1976E+00 
 3.0755E+00 
 2.9626E+00 
 2.8598E+00 
 2.7642E+00 
 2.6722E+00 
 5.8161E+00 
 5.8188E+00 
 5.8268E+00 
 5.8400E+00 
 5.8569E+00 
 5.8750E+00 
 5.8915E+00 
 5.9035E+00 
 5.9011E+00 
 5.8733E+00 
 5.8218E+00 
 5.7555E+00 
 5.6819E+00 
 5.6196E+00 
 5.6036E+00 
 5.6377E+00 
 5.6975E+00 
 5.7633E+00 
 5.8230E+00 
 5.8657E+00 
 5.8843E+00 
 5.8821E+00 
 5.8664E+00 
 5.8407E+00 
 5.8061E+00 
 5.7609E+00 
 5.7025E+00 
 5.6289E+00 
 5.5418E+00 
 5.4443E+00 
 5.3381E+00 
 5.2197E+00 
 5.0889E+00 
 4.9474E+00 
 4.7971E+00 
 4.6402E+00 
 4.4791E+00 
 4.3159E+00 
 4.1527E+00 
 3.9911E+00 
 3.8330E+00 
 3.6798E+00 
 3.5324E+00 
 3.3916E+00 
 3.2570E+00 
 3.1281E+00 
 3.0062E+00 
 2.8936E+00 
 2.7910E+00 
 2.6955E+00 
 2.6035E+00 


!te from confinement nodes [keV]
POINTS 51 GRIDTYPE 14 NAMEXP TE NTIMES 30 
 3.0030E-01 
  3.1730E-01 
  3.3430E-01 
  3.5030E-01 
  3.6730E-01 
  3.8430E-01 
  4.0030E-01 
  4.1730E-01 
  4.3430E-01 
  4.5030E-01 
  4.6730E-01 
  4.8430E-01 
  5.0030E-01 
  5.1730E-01 
  5.3430E-01 
  5.5030E-01 
  5.6730E-01 
  5.8430E-01 
  6.0030E-01 
  6.1730E-01 
  6.3430E-01 
  6.5030E-01 
  6.6730E-01 
  6.8430E-01 
  7.0030E-01 
  7.1730E-01 
  7.3430E-01 
  7.5030E-01 
  7.6730E-01 
  7.8430E-01 
  0.0000E+00 
  2.0000E-02 
  4.0000E-02 
  6.0000E-02 
  8.0000E-02 
  1.0000E-01 
  1.2000E-01 
  1.4000E-01 
  1.6000E-01 
  1.8000E-01 
  2.0000E-01 
  2.2000E-01 
  2.4000E-01 
  2.6000E-01 
  2.8000E-01 
  3.0000E-01 
  3.2000E-01 
  3.4000E-01 
  3.6000E-01 
  3.8000E-01 
  4.0000E-01 
  4.2000E-01 
  4.4000E-01 
  4.6000E-01 
  4.8000E-01 
  5.0000E-01 
  5.2000E-01 
  5.4000E-01 
  5.6000E-01 
  5.8000E-01 
  6.0000E-01 
  6.2000E-01 
  6.4000E-01 
  6.6000E-01 
  6.8000E-01 
  7.0000E-01 
  7.2000E-01 
  7.4000E-01 
  7.6000E-01 
  7.8000E-01 
  8.0000E-01 
  8.2000E-01 
  8.4000E-01 
  8.6000E-01 
  8.8000E-01 
  9.0000E-01 
  9.2000E-01 
  9.4000E-01 
  9.6000E-01 
  9.8000E-01 
  1.0000E+00 
  6.3911E-01 
 6.3832E-01 
 6.3599E-01 
 6.3212E-01 
 6.2705E-01 
 6.2149E-01 
 6.1614E-01 
 6.1169E-01 
 6.0880E-01 
 6.0767E-01 
 6.0809E-01 
 6.0984E-01 
 6.1238E-01 
 6.1444E-01 
 6.1470E-01 
 6.1205E-01 
 6.0592E-01 
 5.9625E-01 
 5.8301E-01 
 5.6629E-01 
 5.4669E-01 
 5.2505E-01 
 5.0212E-01 
 4.7858E-01 
 4.5500E-01 
 4.3189E-01 
 4.0965E-01 
 3.8831E-01 
 3.6754E-01 
 3.4702E-01 
 3.2657E-01 
 3.0618E-01 
 2.8588E-01 
 2.6571E-01 
 2.4577E-01 
 2.2624E-01 
 2.0729E-01 
 1.8903E-01 
 1.7156E-01 
 1.5494E-01 
 1.3918E-01 
 1.2426E-01 
 1.1012E-01 
 9.6650E-02 
 8.3791E-02 
 7.1473E-02 
 5.9776E-02 
 4.8931E-02 
 3.9069E-02 
 2.9923E-02 
 2.1136E-02 
 6.6074E-01 
 6.5993E-01 
 6.5751E-01 
 6.5352E-01 
 6.4826E-01 
 6.4243E-01 
 6.3675E-01 
 6.3189E-01 
 6.2854E-01 
 6.2698E-01 
 6.2709E-01 
 6.2871E-01 
 6.3126E-01 
 6.3326E-01 
 6.3327E-01 
 6.3000E-01 
 6.2273E-01 
 6.1146E-01 
 5.9623E-01 
 5.7725E-01 
 5.5517E-01 
 5.3099E-01 
 5.0559E-01 
 4.7974E-01 
 4.5409E-01 
 4.2921E-01 
 4.0556E-01 
 3.8319E-01 
 3.6171E-01 
 3.4079E-01 
 3.2021E-01 
 2.9991E-01 
 2.7992E-01 
 2.6023E-01 
 2.4093E-01 
 2.2211E-01 
 2.0389E-01 
 1.8636E-01 
 1.6959E-01 
 1.5363E-01 
 1.3849E-01 
 1.2415E-01 
 1.1055E-01 
 9.7599E-02 
 8.5235E-02 
 7.3392E-02 
 6.2146E-02 
 5.1719E-02 
 4.2237E-02 
 3.3444E-02 
 2.4995E-02 
 6.5511E-01 
 6.5480E-01 
 6.5385E-01 
 6.5228E-01 
 6.5026E-01 
 6.4814E-01 
 6.4630E-01 
 6.4509E-01 
 6.4480E-01 
 6.4525E-01 
 6.4586E-01 
 6.4605E-01 
 6.4525E-01 
 6.4279E-01 
 6.3806E-01 
 6.3052E-01 
 6.1995E-01 
 6.0635E-01 
 5.8974E-01 
 5.7026E-01 
 5.4842E-01 
 5.2499E-01 
 5.0061E-01 
 4.7586E-01 
 4.5120E-01 
 4.2703E-01 
 4.0369E-01 
 3.8120E-01 
 3.5935E-01 
 3.3793E-01 
 3.1684E-01 
 2.9609E-01 
 2.7571E-01 
 2.5572E-01 
 2.3621E-01 
 2.1727E-01 
 1.9899E-01 
 1.8144E-01 
 1.6467E-01 
 1.4869E-01 
 1.3350E-01 
 1.1908E-01 
 1.0536E-01 
 9.2296E-02 
 7.9817E-02 
 6.7866E-02 
 5.6528E-02 
 4.6026E-02 
 3.6473E-02 
 2.7605E-02 
 1.9081E-02 
 6.6104E-01 
 6.6085E-01 
 6.6026E-01 
 6.5929E-01 
 6.5802E-01 
 6.5665E-01 
 6.5535E-01 
 6.5433E-01 
 6.5372E-01 
 6.5333E-01 
 6.5269E-01 
 6.5134E-01 
 6.4883E-01 
 6.4470E-01 
 6.3851E-01 
 6.2988E-01 
 6.1864E-01 
 6.0470E-01 
 5.8801E-01 
 5.6863E-01 
 5.4702E-01 
 5.2383E-01 
 4.9965E-01 
 4.7501E-01 
 4.5033E-01 
 4.2599E-01 
 4.0232E-01 
 3.7939E-01 
 3.5708E-01 
 3.3529E-01 
 3.1394E-01 
 2.9306E-01 
 2.7267E-01 
 2.5280E-01 
 2.3348E-01 
 2.1477E-01 
 1.9669E-01 
 1.7927E-01 
 1.6256E-01 
 1.4656E-01 
 1.3129E-01 
 1.1673E-01 
 1.0285E-01 
 8.9602E-02 
 7.6945E-02 
 6.4822E-02 
 5.3322E-02 
 4.2670E-02 
 3.2980E-02 
 2.3986E-02 
 1.5340E-02 
 6.6754E-01 
 6.6717E-01 
 6.6604E-01 
 6.6419E-01 
 6.6177E-01 
 6.5916E-01 
 6.5674E-01 
 6.5488E-01 
 6.5393E-01 
 6.5374E-01 
 6.5364E-01 
 6.5301E-01 
 6.5123E-01 
 6.4770E-01 
 6.4187E-01 
 6.3327E-01 
 6.2174E-01 
 6.0726E-01 
 5.8982E-01 
 5.6953E-01 
 5.4692E-01 
 5.2276E-01 
 4.9772E-01 
 4.7241E-01 
 4.4728E-01 
 4.2276E-01 
 3.9920E-01 
 3.7661E-01 
 3.5474E-01 
 3.3335E-01 
 3.1230E-01 
 2.9161E-01 
 2.7134E-01 
 2.5152E-01 
 2.3223E-01 
 2.1354E-01 
 1.9550E-01 
 1.7818E-01 
 1.6161E-01 
 1.4581E-01 
 1.3079E-01 
 1.1652E-01 
 1.0295E-01 
 9.0025E-02 
 7.7679E-02 
 6.5855E-02 
 5.4639E-02 
 4.4248E-02 
 3.4797E-02 
 2.6025E-02 
 1.7591E-02 
 6.5767E-01 
 6.5727E-01 
 6.5610E-01 
 6.5415E-01 
 6.5162E-01 
 6.4890E-01 
 6.4636E-01 
 6.4440E-01 
 6.4338E-01 
 6.4319E-01 
 6.4321E-01 
 6.4281E-01 
 6.4142E-01 
 6.3840E-01 
 6.3318E-01 
 6.2525E-01 
 6.1441E-01 
 6.0065E-01 
 5.8398E-01 
 5.6455E-01 
 5.4286E-01 
 5.1964E-01 
 4.9553E-01 
 4.7107E-01 
 4.4668E-01 
 4.2273E-01 
 3.9952E-01 
 3.7707E-01 
 3.5517E-01 
 3.3362E-01 
 3.1236E-01 
 2.9143E-01 
 2.7097E-01 
 2.5105E-01 
 2.3174E-01 
 2.1312E-01 
 1.9525E-01 
 1.7817E-01 
 1.6189E-01 
 1.4644E-01 
 1.3179E-01 
 1.1789E-01 
 1.0470E-01 
 9.2137E-02 
 8.0144E-02 
 6.8661E-02 
 5.7773E-02 
 4.7693E-02 
 3.8526E-02 
 3.0017E-02 
 2.1836E-02 
 6.4167E-01 
 6.4126E-01 
 6.4002E-01 
 6.3798E-01 
 6.3534E-01 
 6.3255E-01 
 6.3006E-01 
 6.2829E-01 
 6.2771E-01 
 6.2828E-01 
 6.2939E-01 
 6.3043E-01 
 6.3076E-01 
 6.2964E-01 
 6.2631E-01 
 6.2014E-01 
 6.1079E-01 
 5.9825E-01 
 5.8261E-01 
 5.6399E-01 
 5.4293E-01 
 5.2017E-01 
 4.9636E-01 
 4.7208E-01 
 4.4779E-01 
 4.2389E-01 
 4.0072E-01 
 3.7833E-01 
 3.5650E-01 
 3.3504E-01 
 3.1387E-01 
 2.9308E-01 
 2.7280E-01 
 2.5312E-01 
 2.3414E-01 
 2.1592E-01 
 1.9852E-01 
 1.8196E-01 
 1.6623E-01 
 1.5127E-01 
 1.3702E-01 
 1.2344E-01 
 1.1048E-01 
 9.8116E-02 
 8.6308E-02 
 7.5000E-02 
 6.4280E-02 
 5.4356E-02 
 4.5330E-02 
 3.6952E-02 
 2.8897E-02 
 6.5725E-01 
 6.5672E-01 
 6.5514E-01 
 6.5252E-01 
 6.4913E-01 
 6.4550E-01 
 6.4216E-01 
 6.3963E-01 
 6.3845E-01 
 6.3863E-01 
 6.3938E-01 
 6.3989E-01 
 6.3941E-01 
 6.3714E-01 
 6.3232E-01 
 6.2435E-01 
 6.1315E-01 
 5.9890E-01 
 5.8185E-01 
 5.6226E-01 
 5.4063E-01 
 5.1763E-01 
 4.9383E-01 
 4.6973E-01 
 4.4570E-01 
 4.2203E-01 
 3.9901E-01 
 3.7665E-01 
 3.5479E-01 
 3.3325E-01 
 3.1197E-01 
 2.9107E-01 
 2.7071E-01 
 2.5100E-01 
 2.3205E-01 
 2.1396E-01 
 1.9679E-01 
 1.8059E-01 
 1.6532E-01 
 1.5090E-01 
 1.3725E-01 
 1.2427E-01 
 1.1193E-01 
 1.0018E-01 
 8.8957E-02 
 7.8212E-02 
 6.8025E-02 
 5.8593E-02 
 5.0016E-02 
 4.2053E-02 
 3.4399E-02 
 6.5225E-01 
 6.5183E-01 
 6.5058E-01 
 6.4851E-01 
 6.4582E-01 
 6.4293E-01 
 6.4027E-01 
 6.3823E-01 
 6.3723E-01 
 6.3727E-01 
 6.3771E-01 
 6.3786E-01 
 6.3706E-01 
 6.3461E-01 
 6.2981E-01 
 6.2216E-01 
 6.1151E-01 
 5.9798E-01 
 5.8172E-01 
 5.6288E-01 
 5.4187E-01 
 5.1932E-01 
 4.9588E-01 
 4.7204E-01 
 4.4814E-01 
 4.2449E-01 
 4.0134E-01 
 3.7880E-01 
 3.5678E-01 
 3.3516E-01 
 3.1389E-01 
 2.9304E-01 
 2.7269E-01 
 2.5291E-01 
 2.3377E-01 
 2.1539E-01 
 1.9783E-01 
 1.8116E-01 
 1.6535E-01 
 1.5033E-01 
 1.3600E-01 
 1.2233E-01 
 1.0926E-01 
 9.6786E-02 
 8.4859E-02 
 7.3432E-02 
 6.2589E-02 
 5.2540E-02 
 4.3398E-02 
 3.4915E-02 
 2.6761E-02 
 6.3587E-01 
 6.3551E-01 
 6.3441E-01 
 6.3259E-01 
 6.3025E-01 
 6.2777E-01 
 6.2555E-01 
 6.2396E-01 
 6.2342E-01 
 6.2398E-01 
 6.2503E-01 
 6.2592E-01 
 6.2603E-01 
 6.2467E-01 
 6.2117E-01 
 6.1499E-01 
 6.0591E-01 
 5.9393E-01 
 5.7914E-01 
 5.6167E-01 
 5.4183E-01 
 5.2027E-01 
 4.9756E-01 
 4.7424E-01 
 4.5069E-01 
 4.2727E-01 
 4.0428E-01 
 3.8189E-01 
 3.6002E-01 
 3.3858E-01 
 3.1751E-01 
 2.9685E-01 
 2.7668E-01 
 2.5705E-01 
 2.3803E-01 
 2.1969E-01 
 2.0211E-01 
 1.8535E-01 
 1.6938E-01 
 1.5415E-01 
 1.3959E-01 
 1.2566E-01 
 1.1234E-01 
 9.9612E-02 
 8.7441E-02 
 7.5780E-02 
 6.4715E-02 
 5.4461E-02 
 4.5132E-02 
 3.6476E-02 
 2.8155E-02 
 6.5172E-01 
 6.5106E-01 
 6.4909E-01 
 6.4584E-01 
 6.4165E-01 
 6.3718E-01 
 6.3314E-01 
 6.3016E-01 
 6.2901E-01 
 6.2993E-01 
 6.3189E-01 
 6.3378E-01 
 6.3457E-01 
 6.3333E-01 
 6.2924E-01 
 6.2171E-01 
 6.1071E-01 
 5.9661E-01 
 5.7981E-01 
 5.6071E-01 
 5.3968E-01 
 5.1721E-01 
 4.9379E-01 
 4.6989E-01 
 4.4589E-01 
 4.2214E-01 
 3.9896E-01 
 3.7646E-01 
 3.5450E-01 
 3.3288E-01 
 3.1146E-01 
 2.9033E-01 
 2.6965E-01 
 2.4952E-01 
 2.3008E-01 
 2.1152E-01 
 1.9403E-01 
 1.7771E-01 
 1.6253E-01 
 1.4830E-01 
 1.3486E-01 
 1.2212E-01 
 1.1001E-01 
 9.8472E-02 
 8.7444E-02 
 7.6879E-02 
 6.6853E-02 
 5.7560E-02 
 4.9106E-02 
 4.1262E-02 
 3.3722E-02 
 6.5892E-01 
 6.5814E-01 
 6.5580E-01 
 6.5194E-01 
 6.4696E-01 
 6.4165E-01 
 6.3680E-01 
 6.3318E-01 
 6.3162E-01 
 6.3228E-01 
 6.3395E-01 
 6.3541E-01 
 6.3552E-01 
 6.3339E-01 
 6.2831E-01 
 6.1982E-01 
 6.0803E-01 
 5.9327E-01 
 5.7589E-01 
 5.5620E-01 
 5.3461E-01 
 5.1167E-01 
 4.8797E-01 
 4.6399E-01 
 4.4012E-01 
 4.1668E-01 
 3.9399E-01 
 3.7209E-01 
 3.5075E-01 
 3.2972E-01 
 3.0883E-01 
 2.8814E-01 
 2.6777E-01 
 2.4780E-01 
 2.2838E-01 
 2.0972E-01 
 1.9204E-01 
 1.7546E-01 
 1.5998E-01 
 1.4541E-01 
 1.3163E-01 
 1.1854E-01 
 1.0609E-01 
 9.4222E-02 
 8.2879E-02 
 7.2015E-02 
 6.1718E-02 
 5.2185E-02 
 4.3514E-02 
 3.5460E-02 
 2.7715E-02 
 6.3472E-01 
 6.3432E-01 
 6.3314E-01 
 6.3119E-01 
 6.2869E-01 
 6.2610E-01 
 6.2385E-01 
 6.2237E-01 
 6.2212E-01 
 6.2313E-01 
 6.2469E-01 
 6.2603E-01 
 6.2642E-01 
 6.2524E-01 
 6.2193E-01 
 6.1609E-01 
 6.0752E-01 
 5.9616E-01 
 5.8195E-01 
 5.6483E-01 
 5.4506E-01 
 5.2331E-01 
 5.0027E-01 
 4.7651E-01 
 4.5247E-01 
 4.2853E-01 
 4.0502E-01 
 3.8214E-01 
 3.5986E-01 
 3.3812E-01 
 3.1688E-01 
 2.9618E-01 
 2.7607E-01 
 2.5659E-01 
 2.3775E-01 
 2.1957E-01 
 2.0202E-01 
 1.8511E-01 
 1.6882E-01 
 1.5316E-01 
 1.3810E-01 
 1.2363E-01 
 1.0977E-01 
 9.6511E-02 
 8.3832E-02 
 7.1688E-02 
 6.0180E-02 
 4.9527E-02 
 3.9836E-02 
 3.0836E-02 
 2.2180E-02 
 6.4296E-01 
 6.4219E-01 
 6.3986E-01 
 6.3604E-01 
 6.3111E-01 
 6.2591E-01 
 6.2122E-01 
 6.1782E-01 
 6.1667E-01 
 6.1818E-01 
 6.2111E-01 
 6.2412E-01 
 6.2600E-01 
 6.2582E-01 
 6.2286E-01 
 6.1665E-01 
 6.0717E-01 
 5.9456E-01 
 5.7897E-01 
 5.6054E-01 
 5.3957E-01 
 5.1679E-01 
 4.9291E-01 
 4.6856E-01 
 4.4423E-01 
 4.2038E-01 
 3.9740E-01 
 3.7541E-01 
 3.5420E-01 
 3.3344E-01 
 3.1294E-01 
 2.9273E-01 
 2.7293E-01 
 2.5362E-01 
 2.3486E-01 
 2.1668E-01 
 1.9907E-01 
 1.8205E-01 
 1.6563E-01 
 1.4981E-01 
 1.3458E-01 
 1.1995E-01 
 1.0591E-01 
 9.2488E-02 
 7.9649E-02 
 6.7352E-02 
 5.5699E-02 
 4.4913E-02 
 3.5100E-02 
 2.5986E-02 
 1.7221E-02 
 6.5072E-01 
 6.4984E-01 
 6.4721E-01 
 6.4287E-01 
 6.3726E-01 
 6.3126E-01 
 6.2575E-01 
 6.2154E-01 
 6.1984E-01 
 6.2133E-01 
 6.2462E-01 
 6.2813E-01 
 6.3043E-01 
 6.3036E-01 
 6.2699E-01 
 6.1981E-01 
 6.0905E-01 
 5.9507E-01 
 5.7821E-01 
 5.5876E-01 
 5.3713E-01 
 5.1397E-01 
 4.8997E-01 
 4.6567E-01 
 4.4149E-01 
 4.1777E-01 
 3.9486E-01 
 3.7285E-01 
 3.5157E-01 
 3.3077E-01 
 3.1029E-01 
 2.9017E-01 
 2.7051E-01 
 2.5137E-01 
 2.3281E-01 
 2.1484E-01 
 1.9747E-01 
 1.8070E-01 
 1.6452E-01 
 1.4895E-01 
 1.3396E-01 
 1.1956E-01 
 1.0575E-01 
 9.2537E-02 
 7.9903E-02 
 6.7801E-02 
 5.6330E-02 
 4.5709E-02 
 3.6045E-02 
 2.7068E-02 
 1.8436E-02 
 6.2852E-01 
 6.2795E-01 
 6.2624E-01 
 6.2341E-01 
 6.1976E-01 
 6.1584E-01 
 6.1219E-01 
 6.0935E-01 
 6.0794E-01 
 6.0829E-01 
 6.0969E-01 
 6.1133E-01 
 6.1243E-01 
 6.1231E-01 
 6.1033E-01 
 6.0598E-01 
 5.9905E-01 
 5.8940E-01 
 5.7698E-01 
 5.6174E-01 
 5.4394E-01 
 5.2418E-01 
 5.0308E-01 
 4.8112E-01 
 4.5858E-01 
 4.3571E-01 
 4.1270E-01 
 3.8973E-01 
 3.6686E-01 
 3.4415E-01 
 3.2167E-01 
 2.9958E-01 
 2.7806E-01 
 2.5725E-01 
 2.3725E-01 
 2.1807E-01 
 1.9964E-01 
 1.8195E-01 
 1.6496E-01 
 1.4864E-01 
 1.3297E-01 
 1.1792E-01 
 1.0350E-01 
 8.9706E-02 
 7.6511E-02 
 6.3871E-02 
 5.1891E-02 
 4.0799E-02 
 3.0706E-02 
 2.1331E-02 
 1.2316E-02 
 6.2511E-01 
 6.2461E-01 
 6.2313E-01 
 6.2069E-01 
 6.1754E-01 
 6.1415E-01 
 6.1101E-01 
 6.0859E-01 
 6.0738E-01 
 6.0764E-01 
 6.0881E-01 
 6.1019E-01 
 6.1114E-01 
 6.1096E-01 
 6.0898E-01 
 6.0466E-01 
 5.9775E-01 
 5.8817E-01 
 5.7592E-01 
 5.6103E-01 
 5.4369E-01 
 5.2439E-01 
 5.0362E-01 
 4.8179E-01 
 4.5923E-01 
 4.3617E-01 
 4.1286E-01 
 3.8950E-01 
 3.6621E-01 
 3.4310E-01 
 3.2026E-01 
 2.9791E-01 
 2.7625E-01 
 2.5546E-01 
 2.3564E-01 
 2.1680E-01 
 1.9883E-01 
 1.8167E-01 
 1.6526E-01 
 1.4956E-01 
 1.3452E-01 
 1.2009E-01 
 1.0626E-01 
 9.3044E-02 
 8.0396E-02 
 6.8280E-02 
 5.6797E-02 
 4.6165E-02 
 3.6491E-02 
 2.7506E-02 
 1.8864E-02 
 6.3350E-01 
 6.3326E-01 
 6.3253E-01 
 6.3133E-01 
 6.2977E-01 
 6.2807E-01 
 6.2644E-01 
 6.2508E-01 
 6.2417E-01 
 6.2370E-01 
 6.2327E-01 
 6.2244E-01 
 6.2079E-01 
 6.1790E-01 
 6.1334E-01 
 6.0678E-01 
 5.9800E-01 
 5.8692E-01 
 5.7351E-01 
 5.5776E-01 
 5.3985E-01 
 5.2018E-01 
 4.9917E-01 
 4.7717E-01 
 4.5448E-01 
 4.3135E-01 
 4.0803E-01 
 3.8472E-01 
 3.6155E-01 
 3.3867E-01 
 3.1618E-01 
 2.9421E-01 
 2.7291E-01 
 2.5236E-01 
 2.3263E-01 
 2.1371E-01 
 1.9556E-01 
 1.7815E-01 
 1.6144E-01 
 1.4540E-01 
 1.3001E-01 
 1.1523E-01 
 1.0106E-01 
 8.7519E-02 
 7.4562E-02 
 6.2155E-02 
 5.0405E-02 
 3.9536E-02 
 2.9644E-02 
 2.0448E-02 
 1.1601E-02 
 6.3575E-01 
 6.3535E-01 
 6.3417E-01 
 6.3222E-01 
 6.2969E-01 
 6.2693E-01 
 6.2428E-01 
 6.2208E-01 
 6.2064E-01 
 6.2004E-01 
 6.1985E-01 
 6.1955E-01 
 6.1864E-01 
 6.1661E-01 
 6.1288E-01 
 6.0705E-01 
 5.9887E-01 
 5.8823E-01 
 5.7515E-01 
 5.5960E-01 
 5.4179E-01 
 5.2215E-01 
 5.0115E-01 
 4.7916E-01 
 4.5649E-01 
 4.3340E-01 
 4.1012E-01 
 3.8685E-01 
 3.6374E-01 
 3.4090E-01 
 3.1844E-01 
 2.9651E-01 
 2.7525E-01 
 2.5479E-01 
 2.3518E-01 
 2.1642E-01 
 1.9843E-01 
 1.8121E-01 
 1.6470E-01 
 1.4888E-01 
 1.3370E-01 
 1.1914E-01 
 1.0517E-01 
 9.1818E-02 
 7.9044E-02 
 6.6812E-02 
 5.5228E-02 
 4.4512E-02 
 3.4760E-02 
 2.5694E-02 
 1.6972E-02 
 6.1797E-01 
 6.1765E-01 
 6.1669E-01 
 6.1512E-01 
 6.1309E-01 
 6.1092E-01 
 6.0891E-01 
 6.0735E-01 
 6.0647E-01 
 6.0634E-01 
 6.0658E-01 
 6.0680E-01 
 6.0658E-01 
 6.0550E-01 
 6.0307E-01 
 5.9891E-01 
 5.9273E-01 
 5.8431E-01 
 5.7348E-01 
 5.6007E-01 
 5.4416E-01 
 5.2615E-01 
 5.0650E-01 
 4.8558E-01 
 4.6371E-01 
 4.4118E-01 
 4.1825E-01 
 3.9514E-01 
 3.7199E-01 
 3.4893E-01 
 3.2608E-01 
 3.0359E-01 
 2.8163E-01 
 2.6030E-01 
 2.3972E-01 
 2.1992E-01 
 2.0090E-01 
 1.8267E-01 
 1.6523E-01 
 1.4853E-01 
 1.3252E-01 
 1.1716E-01 
 1.0244E-01 
 8.8373E-02 
 7.4912E-02 
 6.2021E-02 
 4.9814E-02 
 3.8521E-02 
 2.8244E-02 
 1.8690E-02 
 9.4988E-03 
 6.3610E-01 
 6.3571E-01 
 6.3457E-01 
 6.3268E-01 
 6.3025E-01 
 6.2764E-01 
 6.2520E-01 
 6.2327E-01 
 6.2217E-01 
 6.2198E-01 
 6.2221E-01 
 6.2230E-01 
 6.2169E-01 
 6.1976E-01 
 6.1582E-01 
 6.0937E-01 
 6.0013E-01 
 5.8796E-01 
 5.7281E-01 
 5.5463E-01 
 5.3374E-01 
 5.1104E-01 
 4.8747E-01 
 4.6389E-01 
 4.4090E-01 
 4.1853E-01 
 3.9674E-01 
 3.7547E-01 
 3.5462E-01 
 3.3407E-01 
 3.1375E-01 
 2.9371E-01 
 2.7400E-01 
 2.5468E-01 
 2.3579E-01 
 2.1739E-01 
 1.9952E-01 
 1.8224E-01 
 1.6558E-01 
 1.4953E-01 
 1.3408E-01 
 1.1924E-01 
 1.0501E-01 
 9.1414E-02 
 7.8407E-02 
 6.5954E-02 
 5.4170E-02 
 4.3276E-02 
 3.3361E-02 
 2.4141E-02 
 1.5269E-02 
 6.3272E-01 
 6.3235E-01 
 6.3124E-01 
 6.2942E-01 
 6.2705E-01 
 6.2445E-01 
 6.2194E-01 
 6.1981E-01 
 6.1836E-01 
 6.1769E-01 
 6.1737E-01 
 6.1686E-01 
 6.1563E-01 
 6.1314E-01 
 6.0880E-01 
 6.0219E-01 
 5.9308E-01 
 5.8138E-01 
 5.6712E-01 
 5.5032E-01 
 5.3122E-01 
 5.1042E-01 
 4.8858E-01 
 4.6629E-01 
 4.4401E-01 
 4.2190E-01 
 4.0005E-01 
 3.7852E-01 
 3.5732E-01 
 3.3637E-01 
 3.1566E-01 
 2.9525E-01 
 2.7521E-01 
 2.5559E-01 
 2.3646E-01 
 2.1784E-01 
 1.9974E-01 
 1.8217E-01 
 1.6513E-01 
 1.4865E-01 
 1.3275E-01 
 1.1746E-01 
 1.0279E-01 
 8.8764E-02 
 7.5354E-02 
 6.2514E-02 
 5.0364E-02 
 3.9132E-02 
 2.8910E-02 
 1.9404E-02 
 1.0256E-02 
 6.3197E-01 
 6.3158E-01 
 6.3042E-01 
 6.2850E-01 
 6.2601E-01 
 6.2329E-01 
 6.2067E-01 
 6.1848E-01 
 6.1701E-01 
 6.1640E-01 
 6.1621E-01 
 6.1587E-01 
 6.1484E-01 
 6.1254E-01 
 6.0836E-01 
 6.0187E-01 
 5.9284E-01 
 5.8119E-01 
 5.6692E-01 
 5.5007E-01 
 5.3085E-01 
 5.0989E-01 
 4.8794E-01 
 4.6571E-01 
 4.4373E-01 
 4.2210E-01 
 4.0081E-01 
 3.7987E-01 
 3.5921E-01 
 3.3876E-01 
 3.1846E-01 
 2.9834E-01 
 2.7843E-01 
 2.5880E-01 
 2.3951E-01 
 2.2064E-01 
 2.0225E-01 
 1.8437E-01 
 1.6702E-01 
 1.5022E-01 
 1.3402E-01 
 1.1842E-01 
 1.0345E-01 
 8.9152E-02 
 7.5475E-02 
 6.2381E-02 
 4.9989E-02 
 3.8534E-02 
 2.8108E-02 
 1.8413E-02 
 9.0838E-03 
 6.2179E-01 
 6.2161E-01 
 6.2107E-01 
 6.2019E-01 
 6.1904E-01 
 6.1780E-01 
 6.1661E-01 
 6.1563E-01 
 6.1499E-01 
 6.1468E-01 
 6.1434E-01 
 6.1354E-01 
 6.1186E-01 
 6.0888E-01 
 6.0417E-01 
 5.9739E-01 
 5.8834E-01 
 5.7692E-01 
 5.6314E-01 
 5.4702E-01 
 5.2873E-01 
 5.0875E-01 
 4.8765E-01 
 4.6597E-01 
 4.4413E-01 
 4.2229E-01 
 4.0057E-01 
 3.7906E-01 
 3.5778E-01 
 3.3675E-01 
 3.1600E-01 
 2.9558E-01 
 2.7556E-01 
 2.5600E-01 
 2.3697E-01 
 2.1851E-01 
 2.0065E-01 
 1.8339E-01 
 1.6671E-01 
 1.5064E-01 
 1.3516E-01 
 1.2028E-01 
 1.0601E-01 
 9.2363E-02 
 7.9311E-02 
 6.6812E-02 
 5.4980E-02 
 4.4036E-02 
 3.4072E-02 
 2.4805E-02 
 1.5886E-02 
 6.3536E-01 
 6.3466E-01 
 6.3256E-01 
 6.2909E-01 
 6.2460E-01 
 6.1972E-01 
 6.1508E-01 
 6.1129E-01 
 6.0911E-01 
 6.0918E-01 
 6.1088E-01 
 6.1320E-01 
 6.1518E-01 
 6.1588E-01 
 6.1426E-01 
 6.0955E-01 
 6.0121E-01 
 5.8913E-01 
 5.7356E-01 
 5.5468E-01 
 5.3295E-01 
 5.0932E-01 
 4.8490E-01 
 4.6072E-01 
 4.3755E-01 
 4.1537E-01 
 3.9408E-01 
 3.7355E-01 
 3.5356E-01 
 3.3386E-01 
 3.1424E-01 
 2.9472E-01 
 2.7540E-01 
 2.5637E-01 
 2.3768E-01 
 2.1942E-01 
 2.0164E-01 
 1.8440E-01 
 1.6774E-01 
 1.5168E-01 
 1.3621E-01 
 1.2133E-01 
 1.0706E-01 
 9.3426E-02 
 8.0380E-02 
 6.7887E-02 
 5.6060E-02 
 4.5121E-02 
 3.5161E-02 
 2.5898E-02 
 1.6983E-02 
 6.3637E-01 
 6.3559E-01 
 6.3325E-01 
 6.2941E-01 
 6.2444E-01 
 6.1904E-01 
 6.1389E-01 
 6.0968E-01 
 6.0718E-01 
 6.0698E-01 
 6.0843E-01 
 6.1056E-01 
 6.1242E-01 
 6.1310E-01 
 6.1165E-01 
 6.0730E-01 
 5.9955E-01 
 5.8824E-01 
 5.7352E-01 
 5.5550E-01 
 5.3458E-01 
 5.1166E-01 
 4.8782E-01 
 4.6395E-01 
 4.4071E-01 
 4.1824E-01 
 3.9656E-01 
 3.7566E-01 
 3.5539E-01 
 3.3546E-01 
 3.1570E-01 
 2.9610E-01 
 2.7672E-01 
 2.5762E-01 
 2.3885E-01 
 2.2049E-01 
 2.0264E-01 
 1.8538E-01 
 1.6874E-01 
 1.5275E-01 
 1.3738E-01 
 1.2262E-01 
 1.0848E-01 
 9.4952E-02 
 8.2013E-02 
 6.9623E-02 
 5.7894E-02 
 4.7045E-02 
 3.7168E-02 
 2.7982E-02 
 1.9141E-02 
 6.1942E-01 
 6.1896E-01 
 6.1760E-01 
 6.1536E-01 
 6.1248E-01 
 6.0936E-01 
 6.0641E-01 
 6.0405E-01 
 6.0273E-01 
 6.0281E-01 
 6.0386E-01 
 6.0523E-01 
 6.0628E-01 
 6.0634E-01 
 6.0468E-01 
 6.0068E-01 
 5.9389E-01 
 5.8401E-01 
 5.7091E-01 
 5.5442E-01 
 5.3473E-01 
 5.1275E-01 
 4.8972E-01 
 4.6665E-01 
 4.4428E-01 
 4.2269E-01 
 4.0179E-01 
 3.8145E-01 
 3.6149E-01 
 3.4162E-01 
 3.2166E-01 
 3.0154E-01 
 2.8134E-01 
 2.6124E-01 
 2.4140E-01 
 2.2196E-01 
 2.0308E-01 
 1.8489E-01 
 1.6744E-01 
 1.5075E-01 
 1.3477E-01 
 1.1946E-01 
 1.0479E-01 
 9.0766E-02 
 7.7352E-02 
 6.4508E-02 
 5.2349E-02 
 4.1105E-02 
 3.0870E-02 
 2.1353E-02 
 1.2195E-02 
 6.1780E-01 
 6.1733E-01 
 6.1591E-01 
 6.1356E-01 
 6.1053E-01 
 6.0722E-01 
 6.0406E-01 
 6.0145E-01 
 5.9986E-01 
 5.9966E-01 
 6.0046E-01 
 6.0156E-01 
 6.0234E-01 
 6.0211E-01 
 6.0012E-01 
 5.9579E-01 
 5.8868E-01 
 5.7858E-01 
 5.6550E-01 
 5.4943E-01 
 5.3059E-01 
 5.0972E-01 
 4.8782E-01 
 4.6577E-01 
 4.4424E-01 
 4.2336E-01 
 4.0298E-01 
 3.8298E-01 
 3.6320E-01 
 3.4342E-01 
 3.2349E-01 
 3.0341E-01 
 2.8325E-01 
 2.6319E-01 
 2.4337E-01 
 2.2393E-01 
 2.0502E-01 
 1.8678E-01 
 1.6927E-01 
 1.5252E-01 
 1.3647E-01 
 1.2109E-01 
 1.0636E-01 
 9.2280E-02 
 7.8809E-02 
 6.5910E-02 
 5.3699E-02 
 4.2407E-02 
 3.2128E-02 
 2.2571E-02 
 1.3373E-02 
 6.3341E-01 
 6.3288E-01 
 6.3127E-01 
 6.2861E-01 
 6.2512E-01 
 6.2119E-01 
 6.1723E-01 
 6.1363E-01 
 6.1080E-01 
 6.0911E-01 
 6.0822E-01 
 6.0749E-01 
 6.0630E-01 
 6.0407E-01 
 6.0020E-01 
 5.9434E-01 
 5.8641E-01 
 5.7634E-01 
 5.6407E-01 
 5.4953E-01 
 5.3275E-01 
 5.1405E-01 
 4.9394E-01 
 4.7286E-01 
 4.5122E-01 
 4.2934E-01 
 4.0746E-01 
 3.8582E-01 
 3.6448E-01 
 3.4334E-01 
 3.2237E-01 
 3.0167E-01 
 2.8133E-01 
 2.6135E-01 
 2.4177E-01 
 2.2265E-01 
 2.0404E-01 
 1.8605E-01 
 1.6872E-01 
 1.5207E-01 
 1.3608E-01 
 1.2072E-01 
 1.0600E-01 
 9.1925E-02 
 7.8461E-02 
 6.5570E-02 
 5.3366E-02 
 4.2080E-02 
 3.1807E-02 
 2.2254E-02 
 1.3063E-02 
 6.4523E-01 
 6.4456E-01 
 6.4256E-01 
 6.3927E-01 
 6.3493E-01 
 6.3004E-01 
 6.2507E-01 
 6.2049E-01 
 6.1691E-01 
 6.1485E-01 
 6.1390E-01 
 6.1318E-01 
 6.1192E-01 
 6.0931E-01 
 6.0460E-01 
 5.9749E-01 
 5.8813E-01 
 5.7656E-01 
 5.6274E-01 
 5.4662E-01 
 5.2827E-01 
 5.0812E-01 
 4.8678E-01 
 4.6479E-01 
 4.4262E-01 
 4.2053E-01 
 3.9872E-01 
 3.7736E-01 
 3.5638E-01 
 3.3561E-01 
 3.1494E-01 
 2.9445E-01 
 2.7422E-01 
 2.5433E-01 
 2.3485E-01 
 2.1587E-01 
 1.9748E-01 
 1.7978E-01 
 1.6282E-01 
 1.4659E-01 
 1.3105E-01 
 1.1615E-01 
 1.0189E-01 
 8.8252E-02 
 7.5208E-02 
 6.2721E-02 
 5.0912E-02 
 3.9998E-02 
 3.0059E-02 
 2.0808E-02 
 1.1901E-02 


!ti from confinement nodes [keV]
POINTS 51 GRIDTYPE 14 NAMEXP TI NTIMES 30 
 3.0030E-01 
  3.1730E-01 
  3.3430E-01 
  3.5030E-01 
  3.6730E-01 
  3.8430E-01 
  4.0030E-01 
  4.1730E-01 
  4.3430E-01 
  4.5030E-01 
  4.6730E-01 
  4.8430E-01 
  5.0030E-01 
  5.1730E-01 
  5.3430E-01 
  5.5030E-01 
  5.6730E-01 
  5.8430E-01 
  6.0030E-01 
  6.1730E-01 
  6.3430E-01 
  6.5030E-01 
  6.6730E-01 
  6.8430E-01 
  7.0030E-01 
  7.1730E-01 
  7.3430E-01 
  7.5030E-01 
  7.6730E-01 
  7.8430E-01 
  0.0000E+00 
  2.0000E-02 
  4.0000E-02 
  6.0000E-02 
  8.0000E-02 
  1.0000E-01 
  1.2000E-01 
  1.4000E-01 
  1.6000E-01 
  1.8000E-01 
  2.0000E-01 
  2.2000E-01 
  2.4000E-01 
  2.6000E-01 
  2.8000E-01 
  3.0000E-01 
  3.2000E-01 
  3.4000E-01 
  3.6000E-01 
  3.8000E-01 
  4.0000E-01 
  4.2000E-01 
  4.4000E-01 
  4.6000E-01 
  4.8000E-01 
  5.0000E-01 
  5.2000E-01 
  5.4000E-01 
  5.6000E-01 
  5.8000E-01 
  6.0000E-01 
  6.2000E-01 
  6.4000E-01 
  6.6000E-01 
  6.8000E-01 
  7.0000E-01 
  7.2000E-01 
  7.4000E-01 
  7.6000E-01 
  7.8000E-01 
  8.0000E-01 
  8.2000E-01 
  8.4000E-01 
  8.6000E-01 
  8.8000E-01 
  9.0000E-01 
  9.2000E-01 
  9.4000E-01 
  9.6000E-01 
  9.8000E-01 
  1.0000E+00 
  5.1564E-01 
 5.1501E-01 
 5.1313E-01 
 5.1001E-01 
 5.0592E-01 
 5.0143E-01 
 4.9711E-01 
 4.9352E-01 
 4.9119E-01 
 4.9028E-01 
 4.9062E-01 
 4.9203E-01 
 4.9408E-01 
 4.9574E-01 
 4.9595E-01 
 4.9381E-01 
 4.8887E-01 
 4.8107E-01 
 4.7038E-01 
 4.5690E-01 
 4.4108E-01 
 4.2362E-01 
 4.0512E-01 
 3.8613E-01 
 3.6711E-01 
 3.4845E-01 
 3.3051E-01 
 3.1330E-01 
 2.9654E-01 
 2.7998E-01 
 2.6349E-01 
 2.4703E-01 
 2.3066E-01 
 2.1438E-01 
 1.9829E-01 
 1.8254E-01 
 1.6724E-01 
 1.5251E-01 
 1.3842E-01 
 1.2501E-01 
 1.1230E-01 
 1.0026E-01 
 8.8844E-02 
 7.7980E-02 
 6.7604E-02 
 5.7666E-02 
 4.8229E-02 
 3.9479E-02 
 3.1522E-02 
 2.4143E-02 
 1.7053E-02 
 5.2487E-01 
 5.2423E-01 
 5.2231E-01 
 5.1914E-01 
 5.1496E-01 
 5.1033E-01 
 5.0582E-01 
 5.0196E-01 
 4.9929E-01 
 4.9805E-01 
 4.9814E-01 
 4.9943E-01 
 5.0145E-01 
 5.0305E-01 
 5.0305E-01 
 5.0045E-01 
 4.9468E-01 
 4.8572E-01 
 4.7363E-01 
 4.5855E-01 
 4.4101E-01 
 4.2181E-01 
 4.0163E-01 
 3.8109E-01 
 3.6071E-01 
 3.4095E-01 
 3.2217E-01 
 3.0439E-01 
 2.8733E-01 
 2.7071E-01 
 2.5437E-01 
 2.3824E-01 
 2.2236E-01 
 2.0672E-01 
 1.9138E-01 
 1.7644E-01 
 1.6197E-01 
 1.4804E-01 
 1.3472E-01 
 1.2204E-01 
 1.1001E-01 
 9.8619E-02 
 8.7814E-02 
 7.7530E-02 
 6.7709E-02 
 5.8301E-02 
 4.9367E-02 
 4.1084E-02 
 3.3552E-02 
 2.6567E-02 
 1.9855E-02 
 5.2838E-01 
 5.2812E-01 
 5.2736E-01 
 5.2609E-01 
 5.2446E-01 
 5.2276E-01 
 5.2128E-01 
 5.2029E-01 
 5.2006E-01 
 5.2043E-01 
 5.2092E-01 
 5.2107E-01 
 5.2042E-01 
 5.1844E-01 
 5.1462E-01 
 5.0855E-01 
 5.0002E-01 
 4.8905E-01 
 4.7565E-01 
 4.5994E-01 
 4.4233E-01 
 4.2343E-01 
 4.0377E-01 
 3.8380E-01 
 3.6391E-01 
 3.4442E-01 
 3.2560E-01 
 3.0746E-01 
 2.8983E-01 
 2.7256E-01 
 2.5555E-01 
 2.3881E-01 
 2.2237E-01 
 2.0625E-01 
 1.9052E-01 
 1.7524E-01 
 1.6049E-01 
 1.4634E-01 
 1.3281E-01 
 1.1993E-01 
 1.0768E-01 
 9.6041E-02 
 8.4979E-02 
 7.4441E-02 
 6.4377E-02 
 5.4737E-02 
 4.5593E-02 
 3.7122E-02 
 2.9417E-02 
 2.2265E-02 
 1.5390E-02 
 5.2713E-01 
 5.2697E-01 
 5.2650E-01 
 5.2573E-01 
 5.2472E-01 
 5.2362E-01 
 5.2259E-01 
 5.2177E-01 
 5.2128E-01 
 5.2097E-01 
 5.2046E-01 
 5.1938E-01 
 5.1739E-01 
 5.1409E-01 
 5.0915E-01 
 5.0228E-01 
 4.9331E-01 
 4.8220E-01 
 4.6889E-01 
 4.5343E-01 
 4.3620E-01 
 4.1771E-01 
 3.9843E-01 
 3.7878E-01 
 3.5910E-01 
 3.3969E-01 
 3.2082E-01 
 3.0253E-01 
 2.8474E-01 
 2.6736E-01 
 2.5034E-01 
 2.3369E-01 
 2.1743E-01 
 2.0159E-01 
 1.8618E-01 
 1.7126E-01 
 1.5684E-01 
 1.4295E-01 
 1.2962E-01 
 1.1687E-01 
 1.0469E-01 
 9.3083E-02 
 8.2012E-02 
 7.1450E-02 
 6.1357E-02 
 5.1690E-02 
 4.2520E-02 
 3.4026E-02 
 2.6299E-02 
 1.9127E-02 
 1.2232E-02 
 5.4003E-01 
 5.3972E-01 
 5.3881E-01 
 5.3731E-01 
 5.3535E-01 
 5.3324E-01 
 5.3129E-01 
 5.2978E-01 
 5.2902E-01 
 5.2886E-01 
 5.2878E-01 
 5.2827E-01 
 5.2683E-01 
 5.2398E-01 
 5.1925E-01 
 5.1230E-01 
 5.0297E-01 
 4.9126E-01 
 4.7715E-01 
 4.6074E-01 
 4.4245E-01 
 4.2290E-01 
 4.0265E-01 
 3.8216E-01 
 3.6184E-01 
 3.4201E-01 
 3.2295E-01 
 3.0467E-01 
 2.8697E-01 
 2.6967E-01 
 2.5264E-01 
 2.3590E-01 
 2.1951E-01 
 2.0348E-01 
 1.8787E-01 
 1.7275E-01 
 1.5816E-01 
 1.4414E-01 
 1.3073E-01 
 1.1795E-01 
 1.0580E-01 
 9.4259E-02 
 8.3284E-02 
 7.2828E-02 
 6.2841E-02 
 5.3275E-02 
 4.4202E-02 
 3.5796E-02 
 2.8150E-02 
 2.1053E-02 
 1.4231E-02 
 5.3203E-01 
 5.3171E-01 
 5.3076E-01 
 5.2918E-01 
 5.2714E-01 
 5.2493E-01 
 5.2288E-01 
 5.2129E-01 
 5.2047E-01 
 5.2032E-01 
 5.2033E-01 
 5.2001E-01 
 5.1888E-01 
 5.1644E-01 
 5.1221E-01 
 5.0581E-01 
 4.9703E-01 
 4.8590E-01 
 4.7242E-01 
 4.5670E-01 
 4.3915E-01 
 4.2037E-01 
 4.0086E-01 
 3.8108E-01 
 3.6135E-01 
 3.4197E-01 
 3.2320E-01 
 3.0504E-01 
 2.8732E-01 
 2.6989E-01 
 2.5268E-01 
 2.3576E-01 
 2.1921E-01 
 2.0309E-01 
 1.8747E-01 
 1.7240E-01 
 1.5795E-01 
 1.4413E-01 
 1.3097E-01 
 1.1846E-01 
 1.0661E-01 
 9.5369E-02 
 8.4696E-02 
 7.4535E-02 
 6.4833E-02 
 5.5544E-02 
 4.6736E-02 
 3.8582E-02 
 3.1166E-02 
 2.4282E-02 
 1.7664E-02 
 5.2284E-01 
 5.2250E-01 
 5.2150E-01 
 5.1983E-01 
 5.1768E-01 
 5.1541E-01 
 5.1338E-01 
 5.1194E-01 
 5.1146E-01 
 5.1193E-01 
 5.1283E-01 
 5.1368E-01 
 5.1395E-01 
 5.1304E-01 
 5.1033E-01 
 5.0530E-01 
 4.9767E-01 
 4.8746E-01 
 4.7471E-01 
 4.5955E-01 
 4.4239E-01 
 4.2384E-01 
 4.0444E-01 
 3.8466E-01 
 3.6486E-01 
 3.4539E-01 
 3.2651E-01 
 3.0826E-01 
 2.9048E-01 
 2.7299E-01 
 2.5574E-01 
 2.3880E-01 
 2.2228E-01 
 2.0625E-01 
 1.9078E-01 
 1.7593E-01 
 1.6175E-01 
 1.4826E-01 
 1.3544E-01 
 1.2326E-01 
 1.1165E-01 
 1.0058E-01 
 9.0018E-02 
 7.9946E-02 
 7.0325E-02 
 6.1111E-02 
 5.2376E-02 
 4.4290E-02 
 3.6936E-02 
 3.0109E-02 
 2.3545E-02 
 5.3075E-01 
 5.3032E-01 
 5.2904E-01 
 5.2693E-01 
 5.2419E-01 
 5.2126E-01 
 5.1856E-01 
 5.1651E-01 
 5.1557E-01 
 5.1571E-01 
 5.1631E-01 
 5.1673E-01 
 5.1634E-01 
 5.1451E-01 
 5.1061E-01 
 5.0418E-01 
 4.9513E-01 
 4.8363E-01 
 4.6986E-01 
 4.5404E-01 
 4.3657E-01 
 4.1800E-01 
 3.9878E-01 
 3.7932E-01 
 3.5991E-01 
 3.4080E-01 
 3.2221E-01 
 3.0416E-01 
 2.8650E-01 
 2.6911E-01 
 2.5192E-01 
 2.3505E-01 
 2.1860E-01 
 2.0269E-01 
 1.8739E-01 
 1.7277E-01 
 1.5891E-01 
 1.4583E-01 
 1.3350E-01 
 1.2186E-01 
 1.1083E-01 
 1.0035E-01 
 9.0388E-02 
 8.0897E-02 
 7.1835E-02 
 6.3159E-02 
 5.4932E-02 
 4.7315E-02 
 4.0389E-02 
 3.3959E-02 
 2.7778E-02 
 5.3033E-01 
 5.2999E-01 
 5.2897E-01 
 5.2729E-01 
 5.2510E-01 
 5.2275E-01 
 5.2059E-01 
 5.1892E-01 
 5.1811E-01 
 5.1815E-01 
 5.1851E-01 
 5.1863E-01 
 5.1798E-01 
 5.1598E-01 
 5.1208E-01 
 5.0586E-01 
 4.9720E-01 
 4.8620E-01 
 4.7298E-01 
 4.5767E-01 
 4.4058E-01 
 4.2225E-01 
 4.0318E-01 
 3.8380E-01 
 3.6437E-01 
 3.4514E-01 
 3.2632E-01 
 3.0799E-01 
 2.9009E-01 
 2.7251E-01 
 2.5522E-01 
 2.3826E-01 
 2.2172E-01 
 2.0563E-01 
 1.9008E-01 
 1.7512E-01 
 1.6085E-01 
 1.4729E-01 
 1.3444E-01 
 1.2223E-01 
 1.1058E-01 
 9.9461E-02 
 8.8838E-02 
 7.8694E-02 
 6.8996E-02 
 5.9706E-02 
 5.0889E-02 
 4.2719E-02 
 3.5286E-02 
 2.8388E-02 
 2.1758E-02 
 5.2758E-01 
 5.2727E-01 
 5.2636E-01 
 5.2485E-01 
 5.2291E-01 
 5.2086E-01 
 5.1902E-01 
 5.1770E-01 
 5.1724E-01 
 5.1771E-01 
 5.1858E-01 
 5.1932E-01 
 5.1941E-01 
 5.1828E-01 
 5.1538E-01 
 5.1025E-01 
 5.0271E-01 
 4.9277E-01 
 4.8051E-01 
 4.6601E-01 
 4.4955E-01 
 4.3166E-01 
 4.1282E-01 
 3.9347E-01 
 3.7393E-01 
 3.5450E-01 
 3.3543E-01 
 3.1685E-01 
 2.9870E-01 
 2.8091E-01 
 2.6343E-01 
 2.4629E-01 
 2.2956E-01 
 2.1327E-01 
 1.9749E-01 
 1.8227E-01 
 1.6769E-01 
 1.5378E-01 
 1.4053E-01 
 1.2790E-01 
 1.1582E-01 
 1.0426E-01 
 9.3207E-02 
 8.2647E-02 
 7.2549E-02 
 6.2874E-02 
 5.3693E-02 
 4.5185E-02 
 3.7446E-02 
 3.0263E-02 
 2.3360E-02 
 5.3544E-01 
 5.3490E-01 
 5.3328E-01 
 5.3062E-01 
 5.2717E-01 
 5.2350E-01 
 5.2018E-01 
 5.1773E-01 
 5.1679E-01 
 5.1754E-01 
 5.1915E-01 
 5.2071E-01 
 5.2135E-01 
 5.2034E-01 
 5.1698E-01 
 5.1079E-01 
 5.0176E-01 
 4.9017E-01 
 4.7637E-01 
 4.6068E-01 
 4.4340E-01 
 4.2493E-01 
 4.0569E-01 
 3.8606E-01 
 3.6634E-01 
 3.4683E-01 
 3.2778E-01 
 3.0929E-01 
 2.9126E-01 
 2.7349E-01 
 2.5589E-01 
 2.3853E-01 
 2.2154E-01 
 2.0500E-01 
 1.8903E-01 
 1.7378E-01 
 1.5941E-01 
 1.4600E-01 
 1.3353E-01 
 1.2184E-01 
 1.1080E-01 
 1.0034E-01 
 9.0385E-02 
 8.0903E-02 
 7.1843E-02 
 6.3163E-02 
 5.4925E-02 
 4.7290E-02 
 4.0345E-02 
 3.3900E-02 
 2.7706E-02 
 5.3768E-01 
 5.3704E-01 
 5.3513E-01 
 5.3198E-01 
 5.2792E-01 
 5.2358E-01 
 5.1963E-01 
 5.1667E-01 
 5.1540E-01 
 5.1593E-01 
 5.1730E-01 
 5.1849E-01 
 5.1858E-01 
 5.1684E-01 
 5.1270E-01 
 5.0577E-01 
 4.9615E-01 
 4.8410E-01 
 4.6992E-01 
 4.5386E-01 
 4.3624E-01 
 4.1752E-01 
 3.9818E-01 
 3.7862E-01 
 3.5913E-01 
 3.4001E-01 
 3.2149E-01 
 3.0362E-01 
 2.8621E-01 
 2.6905E-01 
 2.5200E-01 
 2.3512E-01 
 2.1850E-01 
 2.0221E-01 
 1.8636E-01 
 1.7113E-01 
 1.5670E-01 
 1.4318E-01 
 1.3054E-01 
 1.1865E-01 
 1.0741E-01 
 9.6731E-02 
 8.6571E-02 
 7.6885E-02 
 6.7629E-02 
 5.8764E-02 
 5.0362E-02 
 4.2583E-02 
 3.5507E-02 
 2.8935E-02 
 2.2616E-02 
 5.1882E-01 
 5.1850E-01 
 5.1753E-01 
 5.1594E-01 
 5.1390E-01 
 5.1178E-01 
 5.0994E-01 
 5.0873E-01 
 5.0852E-01 
 5.0935E-01 
 5.1063E-01 
 5.1172E-01 
 5.1204E-01 
 5.1108E-01 
 5.0837E-01 
 5.0359E-01 
 4.9659E-01 
 4.8730E-01 
 4.7569E-01 
 4.6170E-01 
 4.4554E-01 
 4.2776E-01 
 4.0892E-01 
 3.8950E-01 
 3.6985E-01 
 3.5028E-01 
 3.3107E-01 
 3.1236E-01 
 2.9415E-01 
 2.7638E-01 
 2.5902E-01 
 2.4210E-01 
 2.2566E-01 
 2.0974E-01 
 1.9434E-01 
 1.7948E-01 
 1.6513E-01 
 1.5131E-01 
 1.3800E-01 
 1.2519E-01 
 1.1288E-01 
 1.0106E-01 
 8.9725E-02 
 7.8888E-02 
 6.8524E-02 
 5.8598E-02 
 4.9191E-02 
 4.0484E-02 
 3.2563E-02 
 2.5205E-02 
 1.8130E-02 
 5.2539E-01 
 5.2476E-01 
 5.2286E-01 
 5.1973E-01 
 5.1571E-01 
 5.1146E-01 
 5.0763E-01 
 5.0485E-01 
 5.0391E-01 
 5.0515E-01 
 5.0754E-01 
 5.1000E-01 
 5.1153E-01 
 5.1139E-01 
 5.0897E-01 
 5.0389E-01 
 4.9615E-01 
 4.8584E-01 
 4.7311E-01 
 4.5804E-01 
 4.4091E-01 
 4.2229E-01 
 4.0278E-01 
 3.8288E-01 
 3.6300E-01 
 3.4351E-01 
 3.2473E-01 
 3.0677E-01 
 2.8943E-01 
 2.7247E-01 
 2.5571E-01 
 2.3920E-01 
 2.2303E-01 
 2.0725E-01 
 1.9192E-01 
 1.7706E-01 
 1.6267E-01 
 1.4876E-01 
 1.3534E-01 
 1.2242E-01 
 1.0997E-01 
 9.8015E-02 
 8.6545E-02 
 7.5576E-02 
 6.5085E-02 
 5.5037E-02 
 4.5514E-02 
 3.6700E-02 
 2.8682E-02 
 2.1234E-02 
 1.4072E-02 
 5.3364E-01 
 5.3292E-01 
 5.3076E-01 
 5.2720E-01 
 5.2260E-01 
 5.1768E-01 
 5.1316E-01 
 5.0971E-01 
 5.0832E-01 
 5.0954E-01 
 5.1223E-01 
 5.1512E-01 
 5.1700E-01 
 5.1695E-01 
 5.1418E-01 
 5.0829E-01 
 4.9947E-01 
 4.8801E-01 
 4.7418E-01 
 4.5822E-01 
 4.4048E-01 
 4.2150E-01 
 4.0181E-01 
 3.8188E-01 
 3.6205E-01 
 3.4261E-01 
 3.2382E-01 
 3.0577E-01 
 2.8832E-01 
 2.7126E-01 
 2.5446E-01 
 2.3796E-01 
 2.2184E-01 
 2.0614E-01 
 1.9092E-01 
 1.7619E-01 
 1.6194E-01 
 1.4819E-01 
 1.3492E-01 
 1.2215E-01 
 1.0986E-01 
 9.8046E-02 
 8.6719E-02 
 7.5887E-02 
 6.5527E-02 
 5.5602E-02 
 4.6195E-02 
 3.7485E-02 
 2.9559E-02 
 2.2198E-02 
 1.5119E-02 
 5.2052E-01 
 5.2004E-01 
 5.1863E-01 
 5.1629E-01 
 5.1326E-01 
 5.1001E-01 
 5.0699E-01 
 5.0464E-01 
 5.0347E-01 
 5.0376E-01 
 5.0492E-01 
 5.0627E-01 
 5.0719E-01 
 5.0709E-01 
 5.0545E-01 
 5.0185E-01 
 4.9611E-01 
 4.8812E-01 
 4.7783E-01 
 4.6521E-01 
 4.5047E-01 
 4.3410E-01 
 4.1663E-01 
 3.9844E-01 
 3.7978E-01 
 3.6083E-01 
 3.4178E-01 
 3.2276E-01 
 3.0382E-01 
 2.8501E-01 
 2.6639E-01 
 2.4810E-01 
 2.3028E-01 
 2.1305E-01 
 1.9648E-01 
 1.8059E-01 
 1.6534E-01 
 1.5068E-01 
 1.3661E-01 
 1.2310E-01 
 1.1012E-01 
 9.7658E-02 
 8.5714E-02 
 7.4291E-02 
 6.3363E-02 
 5.2896E-02 
 4.2974E-02 
 3.3788E-02 
 2.5429E-02 
 1.7666E-02 
 1.0199E-02 
 5.2277E-01 
 5.2235E-01 
 5.2111E-01 
 5.1907E-01 
 5.1643E-01 
 5.1360E-01 
 5.1098E-01 
 5.0896E-01 
 5.0794E-01 
 5.0816E-01 
 5.0913E-01 
 5.1029E-01 
 5.1108E-01 
 5.1094E-01 
 5.0928E-01 
 5.0566E-01 
 4.9989E-01 
 4.9187E-01 
 4.8164E-01 
 4.6918E-01 
 4.5468E-01 
 4.3854E-01 
 4.2116E-01 
 4.0292E-01 
 3.8404E-01 
 3.6476E-01 
 3.4527E-01 
 3.2573E-01 
 3.0626E-01 
 2.8692E-01 
 2.6783E-01 
 2.4914E-01 
 2.3102E-01 
 2.1364E-01 
 1.9706E-01 
 1.8130E-01 
 1.6628E-01 
 1.5193E-01 
 1.3821E-01 
 1.2507E-01 
 1.1249E-01 
 1.0043E-01 
 8.8866E-02 
 7.7811E-02 
 6.7234E-02 
 5.7102E-02 
 4.7498E-02 
 3.8607E-02 
 3.0517E-02 
 2.3002E-02 
 1.5776E-02 
 5.2695E-01 
 5.2675E-01 
 5.2614E-01 
 5.2514E-01 
 5.2385E-01 
 5.2243E-01 
 5.2108E-01 
 5.1995E-01 
 5.1919E-01 
 5.1880E-01 
 5.1844E-01 
 5.1775E-01 
 5.1638E-01 
 5.1397E-01 
 5.1018E-01 
 5.0472E-01 
 4.9742E-01 
 4.8820E-01 
 4.7705E-01 
 4.6395E-01 
 4.4905E-01 
 4.3269E-01 
 4.1521E-01 
 3.9691E-01 
 3.7804E-01 
 3.5880E-01 
 3.3941E-01 
 3.2001E-01 
 3.0074E-01 
 2.8170E-01 
 2.6300E-01 
 2.4473E-01 
 2.2701E-01 
 2.0991E-01 
 1.9350E-01 
 1.7777E-01 
 1.6267E-01 
 1.4819E-01 
 1.3429E-01 
 1.2095E-01 
 1.0814E-01 
 9.5847E-02 
 8.4065E-02 
 7.2799E-02 
 6.2021E-02 
 5.1700E-02 
 4.1927E-02 
 3.2886E-02 
 2.4658E-02 
 1.7009E-02 
 9.6501E-03 
 5.2580E-01 
 5.2548E-01 
 5.2450E-01 
 5.2289E-01 
 5.2079E-01 
 5.1851E-01 
 5.1632E-01 
 5.1450E-01 
 5.1331E-01 
 5.1281E-01 
 5.1265E-01 
 5.1241E-01 
 5.1166E-01 
 5.0997E-01 
 5.0689E-01 
 5.0207E-01 
 4.9530E-01 
 4.8651E-01 
 4.7568E-01 
 4.6283E-01 
 4.4810E-01 
 4.3185E-01 
 4.1448E-01 
 3.9630E-01 
 3.7755E-01 
 3.5845E-01 
 3.3920E-01 
 3.1995E-01 
 3.0084E-01 
 2.8195E-01 
 2.6337E-01 
 2.4523E-01 
 2.2765E-01 
 2.1073E-01 
 1.9451E-01 
 1.7899E-01 
 1.6412E-01 
 1.4987E-01 
 1.3622E-01 
 1.2313E-01 
 1.1058E-01 
 9.8532E-02 
 8.6983E-02 
 7.5939E-02 
 6.5375E-02 
 5.5258E-02 
 4.5677E-02 
 3.6815E-02 
 2.8749E-02 
 2.1251E-02 
 1.4037E-02 
 5.1728E-01 
 5.1701E-01 
 5.1621E-01 
 5.1489E-01 
 5.1320E-01 
 5.1138E-01 
 5.0969E-01 
 5.0839E-01 
 5.0766E-01 
 5.0754E-01 
 5.0775E-01 
 5.0793E-01 
 5.0775E-01 
 5.0684E-01 
 5.0481E-01 
 5.0133E-01 
 4.9615E-01 
 4.8911E-01 
 4.8004E-01 
 4.6881E-01 
 4.5550E-01 
 4.4042E-01 
 4.2397E-01 
 4.0646E-01 
 3.8816E-01 
 3.6930E-01 
 3.5011E-01 
 3.3075E-01 
 3.1138E-01 
 2.9208E-01 
 2.7295E-01 
 2.5413E-01 
 2.3574E-01 
 2.1789E-01 
 2.0066E-01 
 1.8408E-01 
 1.6816E-01 
 1.5291E-01 
 1.3831E-01 
 1.2433E-01 
 1.1093E-01 
 9.8071E-02 
 8.5752E-02 
 7.3974E-02 
 6.2706E-02 
 5.1915E-02 
 4.1697E-02 
 3.2245E-02 
 2.3642E-02 
 1.5645E-02 
 7.9511E-03 
 5.2919E-01 
 5.2887E-01 
 5.2792E-01 
 5.2635E-01 
 5.2433E-01 
 5.2215E-01 
 5.2012E-01 
 5.1852E-01 
 5.1760E-01 
 5.1744E-01 
 5.1764E-01 
 5.1771E-01 
 5.1720E-01 
 5.1560E-01 
 5.1232E-01 
 5.0696E-01 
 4.9927E-01 
 4.8914E-01 
 4.7654E-01 
 4.6141E-01 
 4.4404E-01 
 4.2515E-01 
 4.0554E-01 
 3.8593E-01 
 3.6680E-01 
 3.4819E-01 
 3.3006E-01 
 3.1237E-01 
 2.9502E-01 
 2.7792E-01 
 2.6102E-01 
 2.4435E-01 
 2.2795E-01 
 2.1187E-01 
 1.9616E-01 
 1.8085E-01 
 1.6599E-01 
 1.5161E-01 
 1.3775E-01 
 1.2440E-01 
 1.1155E-01 
 9.9201E-02 
 8.7365E-02 
 7.6051E-02 
 6.5230E-02 
 5.4869E-02 
 4.5066E-02 
 3.6003E-02 
 2.7754E-02 
 2.0084E-02 
 1.2703E-02 
 5.2549E-01 
 5.2518E-01 
 5.2426E-01 
 5.2275E-01 
 5.2078E-01 
 5.1862E-01 
 5.1654E-01 
 5.1477E-01 
 5.1356E-01 
 5.1300E-01 
 5.1274E-01 
 5.1232E-01 
 5.1130E-01 
 5.0922E-01 
 5.0562E-01 
 5.0013E-01 
 4.9257E-01 
 4.8285E-01 
 4.7100E-01 
 4.5705E-01 
 4.4119E-01 
 4.2392E-01 
 4.0578E-01 
 3.8727E-01 
 3.6876E-01 
 3.5040E-01 
 3.3225E-01 
 3.1437E-01 
 2.9676E-01 
 2.7936E-01 
 2.6217E-01 
 2.4521E-01 
 2.2856E-01 
 2.1227E-01 
 1.9638E-01 
 1.8092E-01 
 1.6589E-01 
 1.5129E-01 
 1.3714E-01 
 1.2346E-01 
 1.1026E-01 
 9.7551E-02 
 8.5367E-02 
 7.3721E-02 
 6.2583E-02 
 5.1920E-02 
 4.1829E-02 
 3.2500E-02 
 2.4010E-02 
 1.6115E-02 
 8.5181E-03 
 5.2908E-01 
 5.2876E-01 
 5.2778E-01 
 5.2618E-01 
 5.2409E-01 
 5.2181E-01 
 5.1962E-01 
 5.1779E-01 
 5.1655E-01 
 5.1604E-01 
 5.1589E-01 
 5.1560E-01 
 5.1474E-01 
 5.1281E-01 
 5.0931E-01 
 5.0388E-01 
 4.9632E-01 
 4.8656E-01 
 4.7462E-01 
 4.6051E-01 
 4.4442E-01 
 4.2688E-01 
 4.0850E-01 
 3.8989E-01 
 3.7149E-01 
 3.5337E-01 
 3.3555E-01 
 3.1802E-01 
 3.0073E-01 
 2.8361E-01 
 2.6661E-01 
 2.4977E-01 
 2.3310E-01 
 2.1666E-01 
 2.0051E-01 
 1.8472E-01 
 1.6933E-01 
 1.5435E-01 
 1.3983E-01 
 1.2577E-01 
 1.1220E-01 
 9.9137E-02 
 8.6611E-02 
 7.4637E-02 
 6.3187E-02 
 5.2225E-02 
 4.1851E-02 
 3.2260E-02 
 2.3532E-02 
 1.5415E-02 
 7.6049E-03 
 5.1888E-01 
 5.1873E-01 
 5.1828E-01 
 5.1754E-01 
 5.1659E-01 
 5.1555E-01 
 5.1455E-01 
 5.1374E-01 
 5.1320E-01 
 5.1294E-01 
 5.1266E-01 
 5.1199E-01 
 5.1059E-01 
 5.0811E-01 
 5.0418E-01 
 4.9852E-01 
 4.9096E-01 
 4.8143E-01 
 4.6994E-01 
 4.5649E-01 
 4.4122E-01 
 4.2455E-01 
 4.0694E-01 
 3.8885E-01 
 3.7062E-01 
 3.5240E-01 
 3.3428E-01 
 3.1632E-01 
 2.9856E-01 
 2.8102E-01 
 2.6370E-01 
 2.4666E-01 
 2.2996E-01 
 2.1363E-01 
 1.9775E-01 
 1.8235E-01 
 1.6744E-01 
 1.5303E-01 
 1.3912E-01 
 1.2571E-01 
 1.1279E-01 
 1.0037E-01 
 8.8462E-02 
 7.7076E-02 
 6.6185E-02 
 5.5754E-02 
 4.5880E-02 
 3.6747E-02 
 2.8433E-02 
 2.0699E-02 
 1.3257E-02 
 5.3370E-01 
 5.3311E-01 
 5.3134E-01 
 5.2843E-01 
 5.2466E-01 
 5.2056E-01 
 5.1666E-01 
 5.1348E-01 
 5.1165E-01 
 5.1171E-01 
 5.1314E-01 
 5.1508E-01 
 5.1675E-01 
 5.1733E-01 
 5.1597E-01 
 5.1201E-01 
 5.0501E-01 
 4.9487E-01 
 4.8178E-01 
 4.6593E-01 
 4.4767E-01 
 4.2782E-01 
 4.0731E-01 
 3.8700E-01 
 3.6753E-01 
 3.4891E-01 
 3.3102E-01 
 3.1378E-01 
 2.9699E-01 
 2.8044E-01 
 2.6396E-01 
 2.4757E-01 
 2.3134E-01 
 2.1535E-01 
 1.9965E-01 
 1.8431E-01 
 1.6938E-01 
 1.5490E-01 
 1.4090E-01 
 1.2741E-01 
 1.1441E-01 
 1.0192E-01 
 8.9934E-02 
 7.8477E-02 
 6.7519E-02 
 5.7025E-02 
 4.7090E-02 
 3.7901E-02 
 2.9535E-02 
 2.1754E-02 
 1.4266E-02 
 5.3558E-01 
 5.3492E-01 
 5.3296E-01 
 5.2972E-01 
 5.2554E-01 
 5.2099E-01 
 5.1666E-01 
 5.1312E-01 
 5.1101E-01 
 5.1084E-01 
 5.1207E-01 
 5.1385E-01 
 5.1543E-01 
 5.1600E-01 
 5.1477E-01 
 5.1112E-01 
 5.0459E-01 
 4.9508E-01 
 4.8268E-01 
 4.6752E-01 
 4.4991E-01 
 4.3062E-01 
 4.1055E-01 
 3.9047E-01 
 3.7091E-01 
 3.5200E-01 
 3.3375E-01 
 3.1616E-01 
 2.9910E-01 
 2.8233E-01 
 2.6570E-01 
 2.4920E-01 
 2.3289E-01 
 2.1682E-01 
 2.0102E-01 
 1.8557E-01 
 1.7055E-01 
 1.5601E-01 
 1.4201E-01 
 1.2856E-01 
 1.1562E-01 
 1.0320E-01 
 9.1296E-02 
 7.9913E-02 
 6.9024E-02 
 5.8596E-02 
 4.8724E-02 
 3.9594E-02 
 3.1281E-02 
 2.3550E-02 
 1.6109E-02 
 5.1893E-01 
 5.1854E-01 
 5.1741E-01 
 5.1553E-01 
 5.1311E-01 
 5.1050E-01 
 5.0803E-01 
 5.0606E-01 
 5.0495E-01 
 5.0501E-01 
 5.0590E-01 
 5.0704E-01 
 5.0792E-01 
 5.0797E-01 
 5.0658E-01 
 5.0323E-01 
 4.9754E-01 
 4.8927E-01 
 4.7829E-01 
 4.6447E-01 
 4.4798E-01 
 4.2956E-01 
 4.1027E-01 
 3.9095E-01 
 3.7220E-01 
 3.5412E-01 
 3.3660E-01 
 3.1957E-01 
 3.0284E-01 
 2.8620E-01 
 2.6948E-01 
 2.5262E-01 
 2.3570E-01 
 2.1886E-01 
 2.0223E-01 
 1.8595E-01 
 1.7014E-01 
 1.5489E-01 
 1.4027E-01 
 1.2629E-01 
 1.1291E-01 
 1.0008E-01 
 8.7788E-02 
 7.6041E-02 
 6.4803E-02 
 5.4042E-02 
 4.3856E-02 
 3.4436E-02 
 2.5862E-02 
 1.7888E-02 
 1.0216E-02 
 5.2275E-01 
 5.2235E-01 
 5.2115E-01 
 5.1917E-01 
 5.1660E-01 
 5.1380E-01 
 5.1112E-01 
 5.0892E-01 
 5.0757E-01 
 5.0741E-01 
 5.0808E-01 
 5.0901E-01 
 5.0967E-01 
 5.0947E-01 
 5.0779E-01 
 5.0413E-01 
 4.9811E-01 
 4.8957E-01 
 4.7850E-01 
 4.6490E-01 
 4.4895E-01 
 4.3130E-01 
 4.1277E-01 
 3.9411E-01 
 3.7589E-01 
 3.5822E-01 
 3.4098E-01 
 3.2406E-01 
 3.0732E-01 
 2.9058E-01 
 2.7372E-01 
 2.5673E-01 
 2.3967E-01 
 2.2270E-01 
 2.0593E-01 
 1.8948E-01 
 1.7348E-01 
 1.5804E-01 
 1.4323E-01 
 1.2905E-01 
 1.1548E-01 
 1.0246E-01 
 8.9999E-02 
 7.8083E-02 
 6.6684E-02 
 5.5770E-02 
 4.5438E-02 
 3.5883E-02 
 2.7185E-02 
 1.9098E-02 
 1.1316E-02 
 5.3096E-01 
 5.3051E-01 
 5.2916E-01 
 5.2694E-01 
 5.2401E-01 
 5.2072E-01 
 5.1740E-01 
 5.1438E-01 
 5.1201E-01 
 5.1059E-01 
 5.0985E-01 
 5.0923E-01 
 5.0823E-01 
 5.0636E-01 
 5.0312E-01 
 4.9821E-01 
 4.9156E-01 
 4.8312E-01 
 4.7284E-01 
 4.6065E-01 
 4.4658E-01 
 4.3091E-01 
 4.1405E-01 
 3.9638E-01 
 3.7824E-01 
 3.5989E-01 
 3.4156E-01 
 3.2342E-01 
 3.0552E-01 
 2.8781E-01 
 2.7023E-01 
 2.5288E-01 
 2.3582E-01 
 2.1908E-01 
 2.0267E-01 
 1.8663E-01 
 1.7104E-01 
 1.5596E-01 
 1.4143E-01 
 1.2748E-01 
 1.1407E-01 
 1.0120E-01 
 8.8855E-02 
 7.7056E-02 
 6.5771E-02 
 5.4964E-02 
 4.4734E-02 
 3.5274E-02 
 2.6662E-02 
 1.8655E-02 
 1.0950E-02 
 5.4381E-01 
 5.4325E-01 
 5.4157E-01 
 5.3879E-01 
 5.3514E-01 
 5.3102E-01 
 5.2683E-01 
 5.2297E-01 
 5.1995E-01 
 5.1821E-01 
 5.1741E-01 
 5.1681E-01 
 5.1574E-01 
 5.1354E-01 
 5.0957E-01 
 5.0358E-01 
 4.9569E-01 
 4.8594E-01 
 4.7429E-01 
 4.6070E-01 
 4.4524E-01 
 4.2826E-01 
 4.1027E-01 
 3.9174E-01 
 3.7305E-01 
 3.5443E-01 
 3.3605E-01 
 3.1805E-01 
 3.0037E-01 
 2.8286E-01 
 2.6544E-01 
 2.4817E-01 
 2.3112E-01 
 2.1436E-01 
 1.9794E-01 
 1.8194E-01 
 1.6644E-01 
 1.5153E-01 
 1.3723E-01 
 1.2355E-01 
 1.1045E-01 
 9.7897E-02 
 8.5873E-02 
 7.4381E-02 
 6.3387E-02 
 5.2863E-02 
 4.2910E-02 
 3.3711E-02 
 2.5334E-02 
 1.7537E-02 
 1.0030E-02 


!chie from confinement nodes
POINTS 51 GRIDTYPE 14 NAMEXP CAR5 NTIMES 30 
 3.0030E-01 
  3.1730E-01 
  3.3430E-01 
  3.5030E-01 
  3.6730E-01 
  3.8430E-01 
  4.0030E-01 
  4.1730E-01 
  4.3430E-01 
  4.5030E-01 
  4.6730E-01 
  4.8430E-01 
  5.0030E-01 
  5.1730E-01 
  5.3430E-01 
  5.5030E-01 
  5.6730E-01 
  5.8430E-01 
  6.0030E-01 
  6.1730E-01 
  6.3430E-01 
  6.5030E-01 
  6.6730E-01 
  6.8430E-01 
  7.0030E-01 
  7.1730E-01 
  7.3430E-01 
  7.5030E-01 
  7.6730E-01 
  7.8430E-01 
  0.0000E+00 
  2.0000E-02 
  4.0000E-02 
  6.0000E-02 
  8.0000E-02 
  1.0000E-01 
  1.2000E-01 
  1.4000E-01 
  1.6000E-01 
  1.8000E-01 
  2.0000E-01 
  2.2000E-01 
  2.4000E-01 
  2.6000E-01 
  2.8000E-01 
  3.0000E-01 
  3.2000E-01 
  3.4000E-01 
  3.6000E-01 
  3.8000E-01 
  4.0000E-01 
  4.2000E-01 
  4.4000E-01 
  4.6000E-01 
  4.8000E-01 
  5.0000E-01 
  5.2000E-01 
  5.4000E-01 
  5.6000E-01 
  5.8000E-01 
  6.0000E-01 
  6.2000E-01 
  6.4000E-01 
  6.6000E-01 
  6.8000E-01 
  7.0000E-01 
  7.2000E-01 
  7.4000E-01 
  7.6000E-01 
  7.8000E-01 
  8.0000E-01 
  8.2000E-01 
  8.4000E-01 
  8.6000E-01 
  8.8000E-01 
  9.0000E-01 
  9.2000E-01 
  9.4000E-01 
  9.6000E-01 
  9.8000E-01 
  1.0000E+00 
  2.0184E-01 
 7.8122E-01 
 8.7068E-01 
 8.5165E-01 
 9.4032E-01 
 1.1571E+00 
 1.3298E+00 
 1.3271E+00 
 6.6013E+00 
 2.9896E+01 
 5.8290E+01 
 8.0993E+01 
 9.0486E+01 
 7.9769E+01 
 4.2896E+01 
 5.2512E+00 
 1.0000E-01 
 1.0932E+00 
 1.1985E+00 
 9.5694E-01 
 8.2832E-01 
 7.8161E-01 
 7.6561E-01 
 7.6696E-01 
 7.8496E-01 
 8.1962E-01 
 8.6357E-01 
 9.0421E-01 
 9.3269E-01 
 9.5010E-01 
 9.6214E-01 
 9.7340E-01 
 9.8677E-01 
 1.0048E+00 
 1.0306E+00 
 1.0663E+00 
 1.1125E+00 
 1.1689E+00 
 1.2349E+00 
 1.3088E+00 
 1.3869E+00 
 1.4640E+00 
 1.5368E+00 
 1.6037E+00 
 1.6614E+00 
 1.7063E+00 
 1.7465E+00 
 1.8025E+00 
 1.8895E+00 
 2.0005E+00 
 2.1235E+00 
 1.9089E-01 
 7.3939E-01 
 8.2529E-01 
 8.0784E-01 
 8.8326E-01 
 1.0556E+00 
 1.2820E+00 
 1.6761E+00 
 4.4556E+00 
 1.3936E+01 
 2.5238E+01 
 3.4233E+01 
 3.7955E+01 
 3.3644E+01 
 1.8955E+01 
 3.6725E+00 
 9.2962E-01 
 1.0660E+00 
 9.8353E-01 
 8.2135E-01 
 7.3340E-01 
 6.9914E-01 
 6.9061E-01 
 6.9868E-01 
 7.2257E-01 
 7.6291E-01 
 8.1360E-01 
 8.6272E-01 
 9.0090E-01 
 9.2791E-01 
 9.4852E-01 
 9.6727E-01 
 9.8724E-01 
 1.0107E+00 
 1.0402E+00 
 1.0778E+00 
 1.1243E+00 
 1.1798E+00 
 1.2444E+00 
 1.3166E+00 
 1.3932E+00 
 1.4688E+00 
 1.5402E+00 
 1.6056E+00 
 1.6620E+00 
 1.7056E+00 
 1.7452E+00 
 1.8021E+00 
 1.8924E+00 
 2.0083E+00 
 2.1372E+00 
 4.8914E-01 
 1.9008E+00 
 2.1141E+00 
 2.0921E+00 
 2.3322E+00 
 2.8748E+00 
 4.9996E+00 
 1.1421E+01 
 1.7075E+01 
 1.9622E+01 
 1.9224E+01 
 1.6046E+01 
 1.0232E+01 
 4.5877E+00 
 2.5209E+00 
 1.8174E+00 
 1.4170E+00 
 1.1471E+00 
 9.6722E-01 
 8.5406E-01 
 7.9151E-01 
 7.6257E-01 
 7.5436E-01 
 7.6061E-01 
 7.7967E-01 
 8.1105E-01 
 8.4935E-01 
 8.8595E-01 
 9.1506E-01 
 9.3704E-01 
 9.5546E-01 
 9.7372E-01 
 9.9445E-01 
 1.0199E+00 
 1.0525E+00 
 1.0937E+00 
 1.1440E+00 
 1.2030E+00 
 1.2699E+00 
 1.3432E+00 
 1.4197E+00 
 1.4955E+00 
 1.5681E+00 
 1.6361E+00 
 1.6960E+00 
 1.7440E+00 
 1.7889E+00 
 1.8514E+00 
 1.9461E+00 
 2.0653E+00 
 2.1969E+00 
 7.6930E-01 
 2.9925E+00 
 3.3344E+00 
 3.2924E+00 
 3.6535E+00 
 4.3911E+00 
 5.9742E+00 
 1.1297E+01 
 2.1510E+01 
 2.3308E+01 
 1.3741E+01 
 6.8965E+00 
 4.1197E+00 
 2.8502E+00 
 2.0972E+00 
 1.6210E+00 
 1.3142E+00 
 1.1042E+00 
 9.5374E-01 
 8.5174E-01 
 7.9127E-01 
 7.6017E-01 
 7.4795E-01 
 7.4938E-01 
 7.6259E-01 
 7.8668E-01 
 8.1738E-01 
 8.4853E-01 
 8.7634E-01 
 9.0130E-01 
 9.2574E-01 
 9.5165E-01 
 9.8033E-01 
 1.0126E+00 
 1.0494E+00 
 1.0913E+00 
 1.1388E+00 
 1.1922E+00 
 1.2517E+00 
 1.3165E+00 
 1.3847E+00 
 1.4532E+00 
 1.5201E+00 
 1.5841E+00 
 1.6410E+00 
 1.6861E+00 
 1.7269E+00 
 1.7828E+00 
 1.8676E+00 
 1.9746E+00 
 2.0927E+00 
 4.1871E-01 
 1.6280E+00 
 1.8111E+00 
 1.7854E+00 
 2.0039E+00 
 2.4158E+00 
 2.8908E+00 
 6.1274E+00 
 2.2615E+01 
 5.0423E+01 
 5.0131E+01 
 1.5930E+01 
 4.3115E+00 
 2.9085E+00 
 2.2731E+00 
 1.6877E+00 
 1.3212E+00 
 1.0947E+00 
 9.3997E-01 
 8.3861E-01 
 7.8252E-01 
 7.5819E-01 
 7.5383E-01 
 7.6361E-01 
 7.8616E-01 
 8.2155E-01 
 8.6430E-01 
 9.0472E-01 
 9.3585E-01 
 9.5784E-01 
 9.7531E-01 
 9.9290E-01 
 1.0138E+00 
 1.0398E+00 
 1.0727E+00 
 1.1134E+00 
 1.1625E+00 
 1.2202E+00 
 1.2864E+00 
 1.3599E+00 
 1.4379E+00 
 1.5162E+00 
 1.5923E+00 
 1.6645E+00 
 1.7294E+00 
 1.7830E+00 
 1.8343E+00 
 1.9039E+00 
 2.0062E+00 
 2.1335E+00 
 2.2734E+00 
 3.9995E-01 
 1.5565E+00 
 1.7303E+00 
 1.7116E+00 
 1.9168E+00 
 2.2808E+00 
 2.9365E+00 
 6.7074E+00 
 1.7687E+01 
 2.5771E+01 
 2.6509E+01 
 1.8434E+01 
 7.4197E+00 
 3.4865E+00 
 2.3875E+00 
 1.7933E+00 
 1.3989E+00 
 1.1475E+00 
 9.8063E-01 
 8.7311E-01 
 8.1280E-01 
 7.8517E-01 
 7.7798E-01 
 7.8478E-01 
 8.0351E-01 
 8.3357E-01 
 8.6950E-01 
 9.0264E-01 
 9.2752E-01 
 9.4535E-01 
 9.6142E-01 
 9.8042E-01 
 1.0051E+00 
 1.0364E+00 
 1.0754E+00 
 1.1226E+00 
 1.1785E+00 
 1.2430E+00 
 1.3156E+00 
 1.3949E+00 
 1.4777E+00 
 1.5596E+00 
 1.6384E+00 
 1.7122E+00 
 1.7780E+00 
 1.8325E+00 
 1.8856E+00 
 1.9588E+00 
 2.0670E+00 
 2.2016E+00 
 2.3495E+00 
 3.8893E-01 
 1.5127E+00 
 1.6804E+00 
 1.6643E+00 
 1.8616E+00 
 2.3031E+00 
 3.6484E+00 
 7.3659E+00 
 1.1423E+01 
 1.4478E+01 
 1.6089E+01 
 1.5844E+01 
 1.3360E+01 
 8.3643E+00 
 3.6450E+00 
 2.0410E+00 
 1.5369E+00 
 1.2439E+00 
 1.0383E+00 
 9.0764E-01 
 8.3478E-01 
 7.9941E-01 
 7.8691E-01 
 7.9019E-01 
 8.0683E-01 
 8.3603E-01 
 8.7204E-01 
 9.0572E-01 
 9.3127E-01 
 9.5018E-01 
 9.6848E-01 
 9.9130E-01 
 1.0213E+00 
 1.0593E+00 
 1.1061E+00 
 1.1621E+00 
 1.2270E+00 
 1.2989E+00 
 1.3754E+00 
 1.4543E+00 
 1.5336E+00 
 1.6119E+00 
 1.6881E+00 
 1.7616E+00 
 1.8290E+00 
 1.8867E+00 
 1.9446E+00 
 2.0250E+00 
 2.1430E+00 
 2.2895E+00 
 2.4502E+00 
 3.0430E-01 
 1.1829E+00 
 1.3119E+00 
 1.2997E+00 
 1.4721E+00 
 1.6925E+00 
 1.9098E+00 
 6.2962E+00 
 2.1963E+01 
 3.1775E+01 
 3.2153E+01 
 2.5488E+01 
 1.4136E+01 
 4.6869E+00 
 2.2062E+00 
 1.6678E+00 
 1.3384E+00 
 1.1027E+00 
 9.5186E-01 
 8.5881E-01 
 8.0707E-01 
 7.8383E-01 
 7.7883E-01 
 7.8599E-01 
 8.0309E-01 
 8.2959E-01 
 8.6084E-01 
 8.8922E-01 
 9.0993E-01 
 9.2455E-01 
 9.3907E-01 
 9.5861E-01 
 9.8602E-01 
 1.0223E+00 
 1.0690E+00 
 1.1269E+00 
 1.1961E+00 
 1.2740E+00 
 1.3575E+00 
 1.4433E+00 
 1.5288E+00 
 1.6121E+00 
 1.6923E+00 
 1.7689E+00 
 1.8393E+00 
 1.9004E+00 
 1.9632E+00 
 2.0504E+00 
 2.1775E+00 
 2.3346E+00 
 2.5068E+00 
 3.7670E-01 
 1.4606E+00 
 1.6257E+00 
 1.6093E+00 
 1.8136E+00 
 2.1042E+00 
 2.4862E+00 
 7.2148E+00 
 2.3183E+01 
 3.1015E+01 
 2.8008E+01 
 1.9403E+01 
 1.0157E+01 
 4.3482E+00 
 2.4358E+00 
 1.7707E+00 
 1.3912E+00 
 1.1434E+00 
 9.8038E-01 
 8.7496E-01 
 8.1420E-01 
 7.8612E-01 
 7.7876E-01 
 7.8384E-01 
 7.9790E-01 
 8.2054E-01 
 8.4916E-01 
 8.7820E-01 
 9.0302E-01 
 9.2325E-01 
 9.4208E-01 
 9.6286E-01 
 9.8802E-01 
 1.0193E+00 
 1.0591E+00 
 1.1092E+00 
 1.1702E+00 
 1.2396E+00 
 1.3144E+00 
 1.3916E+00 
 1.4697E+00 
 1.5478E+00 
 1.6255E+00 
 1.7024E+00 
 1.7758E+00 
 1.8422E+00 
 1.9109E+00 
 2.0035E+00 
 2.1354E+00 
 2.2971E+00 
 2.4737E+00 
 4.3669E-01 
 1.6927E+00 
 1.8832E+00 
 1.8692E+00 
 2.1331E+00 
 2.5316E+00 
 3.0104E+00 
 8.9797E+00 
 3.4480E+01 
 7.0401E+01 
 9.8132E+01 
 1.0006E+02 
 6.0246E+01 
 9.4247E+00 
 9.5295E-01 
 1.8347E+00 
 1.7336E+00 
 1.3224E+00 
 1.0784E+00 
 9.4473E-01 
 8.6745E-01 
 8.2688E-01 
 8.0993E-01 
 8.0801E-01 
 8.1746E-01 
 8.3761E-01 
 8.6560E-01 
 8.9556E-01 
 9.2239E-01 
 9.4532E-01 
 9.6718E-01 
 9.9097E-01 
 1.0189E+00 
 1.0525E+00 
 1.0941E+00 
 1.1454E+00 
 1.2072E+00 
 1.2776E+00 
 1.3540E+00 
 1.4344E+00 
 1.5174E+00 
 1.6022E+00 
 1.6884E+00 
 1.7754E+00 
 1.8606E+00 
 1.9413E+00 
 2.0270E+00 
 2.1404E+00 
 2.2969E+00 
 2.4859E+00 
 2.6913E+00 
 2.4721E-01 
 9.5848E-01 
 1.0673E+00 
 1.0560E+00 
 1.1789E+00 
 1.4471E+00 
 2.1745E+00 
 4.2206E+00 
 6.9929E+00 
 9.6270E+00 
 1.1503E+01 
 1.2036E+01 
 1.0680E+01 
 6.9763E+00 
 3.0278E+00 
 1.7035E+00 
 1.3386E+00 
 1.1354E+00 
 9.9193E-01 
 8.9877E-01 
 8.4283E-01 
 8.1330E-01 
 8.0189E-01 
 8.0339E-01 
 8.1595E-01 
 8.3942E-01 
 8.7025E-01 
 9.0066E-01 
 9.2375E-01 
 9.3913E-01 
 9.5258E-01 
 9.6951E-01 
 9.9327E-01 
 1.0260E+00 
 1.0721E+00 
 1.1356E+00 
 1.2181E+00 
 1.3146E+00 
 1.4180E+00 
 1.5222E+00 
 1.6242E+00 
 1.7233E+00 
 1.8195E+00 
 1.9129E+00 
 2.0019E+00 
 2.0847E+00 
 2.1727E+00 
 2.2907E+00 
 2.4560E+00 
 2.6569E+00 
 2.8756E+00 
 2.1134E-01 
 8.2249E-01 
 9.1059E-01 
 9.0673E-01 
 1.0564E+00 
 1.2027E+00 
 8.9143E-01 
 4.5767E+00 
 2.6897E+01 
 6.0118E+01 
 8.6216E+01 
 8.7619E+01 
 4.8923E+01 
 5.6286E+00 
 3.0557E-01 
 1.4583E+00 
 1.4279E+00 
 1.1358E+00 
 9.7670E-01 
 8.9163E-01 
 8.4038E-01 
 8.1411E-01 
 8.0662E-01 
 8.1261E-01 
 8.3016E-01 
 8.5931E-01 
 8.9551E-01 
 9.2923E-01 
 9.5307E-01 
 9.6721E-01 
 9.7818E-01 
 9.9131E-01 
 1.0098E+00 
 1.0361E+00 
 1.0754E+00 
 1.1318E+00 
 1.2063E+00 
 1.2931E+00 
 1.3855E+00 
 1.4778E+00 
 1.5670E+00 
 1.6523E+00 
 1.7337E+00 
 1.8112E+00 
 1.8824E+00 
 1.9441E+00 
 2.0075E+00 
 2.0951E+00 
 2.2221E+00 
 2.3786E+00 
 2.5499E+00 
 4.1003E-01 
 1.5972E+00 
 1.7745E+00 
 1.7725E+00 
 2.0015E+00 
 2.4963E+00 
 4.3843E+00 
 9.9789E+00 
 1.5112E+01 
 1.7983E+01 
 1.8652E+01 
 1.7189E+01 
 1.3666E+01 
 8.2357E+00 
 3.6944E+00 
 2.1974E+00 
 1.6835E+00 
 1.3543E+00 
 1.1159E+00 
 9.5549E-01 
 8.5881E-01 
 8.0807E-01 
 7.8555E-01 
 7.8028E-01 
 7.8762E-01 
 8.0650E-01 
 8.3434E-01 
 8.6613E-01 
 8.9759E-01 
 9.2782E-01 
 9.5882E-01 
 9.9275E-01 
 1.0309E+00 
 1.0733E+00 
 1.1199E+00 
 1.1700E+00 
 1.2234E+00 
 1.2801E+00 
 1.3399E+00 
 1.4028E+00 
 1.4681E+00 
 1.5347E+00 
 1.6019E+00 
 1.6688E+00 
 1.7313E+00 
 1.7846E+00 
 1.8375E+00 
 1.9103E+00 
 2.0170E+00 
 2.1490E+00 
 2.2937E+00 
 2.1794E-01 
 8.4806E-01 
 9.3935E-01 
 9.3343E-01 
 1.0613E+00 
 1.2767E+00 
 1.6450E+00 
 4.2580E+00 
 1.3717E+01 
 2.7269E+01 
 3.9624E+01 
 4.5790E+01 
 4.1093E+01 
 2.1764E+01 
 3.8067E+00 
 1.2391E+00 
 1.4184E+00 
 1.2534E+00 
 1.0293E+00 
 8.9116E-01 
 8.1564E-01 
 7.7892E-01 
 7.6730E-01 
 7.7340E-01 
 7.9464E-01 
 8.3115E-01 
 8.7857E-01 
 9.2617E-01 
 9.6429E-01 
 9.9153E-01 
 1.0148E+00 
 1.0408E+00 
 1.0722E+00 
 1.1087E+00 
 1.1488E+00 
 1.1914E+00 
 1.2357E+00 
 1.2813E+00 
 1.3279E+00 
 1.3749E+00 
 1.4214E+00 
 1.4664E+00 
 1.5091E+00 
 1.5489E+00 
 1.5802E+00 
 1.5963E+00 
 1.6039E+00 
 1.6211E+00 
 1.6609E+00 
 1.7181E+00 
 1.7839E+00 
 1.8961E-01 
 7.3799E-01 
 8.1748E-01 
 8.1225E-01 
 9.2680E-01 
 1.0923E+00 
 1.1876E+00 
 3.4552E+00 
 1.4420E+01 
 3.0929E+01 
 4.6296E+01 
 5.4209E+01 
 4.8760E+01 
 2.5164E+01 
 3.3634E+00 
 7.5721E-01 
 1.2550E+00 
 1.1748E+00 
 9.7613E-01 
 8.6098E-01 
 8.0272E-01 
 7.7655E-01 
 7.7159E-01 
 7.8172E-01 
 8.0439E-01 
 8.3964E-01 
 8.8409E-01 
 9.2905E-01 
 9.6662E-01 
 9.9558E-01 
 1.0217E+00 
 1.0506E+00 
 1.0847E+00 
 1.1237E+00 
 1.1665E+00 
 1.2120E+00 
 1.2595E+00 
 1.3084E+00 
 1.3585E+00 
 1.4094E+00 
 1.4601E+00 
 1.5095E+00 
 1.5569E+00 
 1.6016E+00 
 1.6383E+00 
 1.6605E+00 
 1.6752E+00 
 1.7015E+00 
 1.7529E+00 
 1.8234E+00 
 1.9036E+00 
 2.9409E-01 
 1.1445E+00 
 1.2670E+00 
 1.2546E+00 
 1.4194E+00 
 1.6692E+00 
 1.8249E+00 
 4.8026E+00 
 1.9291E+01 
 4.0788E+01 
 6.0652E+01 
 7.0896E+01 
 6.4045E+01 
 3.4037E+01 
 5.8367E+00 
 1.7260E+00 
 1.9590E+00 
 1.6749E+00 
 1.3115E+00 
 1.0918E+00 
 9.7338E-01 
 9.1135E-01 
 8.8009E-01 
 8.6492E-01 
 8.5897E-01 
 8.6068E-01 
 8.6887E-01 
 8.8119E-01 
 8.9535E-01 
 9.1096E-01 
 9.3035E-01 
 9.5644E-01 
 9.9095E-01 
 1.0337E+00 
 1.0825E+00 
 1.1352E+00 
 1.1900E+00 
 1.2464E+00 
 1.3040E+00 
 1.3624E+00 
 1.4211E+00 
 1.4790E+00 
 1.5359E+00 
 1.5911E+00 
 1.6398E+00 
 1.6755E+00 
 1.7051E+00 
 1.7469E+00 
 1.8134E+00 
 1.8990E+00 
 1.9941E+00 
 3.4756E-01 
 1.3521E+00 
 1.4956E+00 
 1.4795E+00 
 1.6697E+00 
 1.9631E+00 
 2.2365E+00 
 5.8296E+00 
 2.1248E+01 
 4.0997E+01 
 5.7398E+01 
 6.4563E+01 
 5.6993E+01 
 3.0317E+01 
 5.7891E+00 
 1.9396E+00 
 1.9975E+00 
 1.7020E+00 
 1.3621E+00 
 1.1513E+00 
 1.0301E+00 
 9.5998E-01 
 9.1875E-01 
 8.9405E-01 
 8.8018E-01 
 8.7537E-01 
 8.7851E-01 
 8.8767E-01 
 9.0070E-01 
 9.1690E-01 
 9.3829E-01 
 9.6791E-01 
 1.0078E+00 
 1.0579E+00 
 1.1154E+00 
 1.1768E+00 
 1.2395E+00 
 1.3023E+00 
 1.3648E+00 
 1.4264E+00 
 1.4864E+00 
 1.5438E+00 
 1.5986E+00 
 1.6505E+00 
 1.6950E+00 
 1.7265E+00 
 1.7527E+00 
 1.7931E+00 
 1.8612E+00 
 1.9505E+00 
 2.0503E+00 
 6.9252E-01 
 2.7048E+00 
 2.9859E+00 
 2.9508E+00 
 3.2696E+00 
 3.9069E+00 
 4.9719E+00 
 7.9525E+00 
 1.6826E+01 
 2.6744E+01 
 2.2062E+01 
 1.1860E+01 
 6.3810E+00 
 4.1096E+00 
 2.9359E+00 
 2.2168E+00 
 1.7584E+00 
 1.4546E+00 
 1.2420E+00 
 1.0921E+00 
 9.9356E-01 
 9.3306E-01 
 8.9603E-01 
 8.7324E-01 
 8.6074E-01 
 8.5720E-01 
 8.6175E-01 
 8.7304E-01 
 8.8945E-01 
 9.0998E-01 
 9.3490E-01 
 9.6533E-01 
 1.0022E+00 
 1.0455E+00 
 1.0938E+00 
 1.1451E+00 
 1.1979E+00 
 1.2517E+00 
 1.3057E+00 
 1.3595E+00 
 1.4122E+00 
 1.4631E+00 
 1.5120E+00 
 1.5583E+00 
 1.5967E+00 
 1.6203E+00 
 1.6363E+00 
 1.6618E+00 
 1.7086E+00 
 1.7716E+00 
 1.8427E+00 
 4.3150E-01 
 1.6857E+00 
 1.8614E+00 
 1.8377E+00 
 2.0410E+00 
 2.4869E+00 
 3.0617E+00 
 3.9323E+00 
 1.1852E+01 
 4.3415E+01 
 6.5047E+01 
 3.1644E+01 
 1.0289E+01 
 4.9307E+00 
 3.3989E+00 
 2.4711E+00 
 1.8831E+00 
 1.5230E+00 
 1.2850E+00 
 1.1205E+00 
 1.0134E+00 
 9.4889E-01 
 9.1071E-01 
 8.8786E-01 
 8.7545E-01 
 8.7195E-01 
 8.7639E-01 
 8.8725E-01 
 9.0277E-01 
 9.2209E-01 
 9.4598E-01 
 9.7613E-01 
 1.0136E+00 
 1.0581E+00 
 1.1076E+00 
 1.1604E+00 
 1.2150E+00 
 1.2706E+00 
 1.3266E+00 
 1.3818E+00 
 1.4355E+00 
 1.4867E+00 
 1.5354E+00 
 1.5813E+00 
 1.6195E+00 
 1.6437E+00 
 1.6620E+00 
 1.6925E+00 
 1.7476E+00 
 1.8212E+00 
 1.9042E+00 
 5.5858E-01 
 2.1817E+00 
 2.4085E+00 
 2.3880E+00 
 2.6832E+00 
 3.2495E+00 
 4.1961E+00 
 8.1429E+00 
 2.1810E+01 
 4.2838E+01 
 6.0059E+01 
 6.1620E+01 
 3.7419E+01 
 1.0432E+01 
 4.2464E+00 
 3.2903E+00 
 2.5589E+00 
 1.9698E+00 
 1.5848E+00 
 1.3321E+00 
 1.1693E+00 
 1.0690E+00 
 1.0064E+00 
 9.6591E-01 
 9.4034E-01 
 9.2663E-01 
 9.2280E-01 
 9.2656E-01 
 9.3578E-01 
 9.4950E-01 
 9.6843E-01 
 9.9377E-01 
 1.0262E+00 
 1.0656E+00 
 1.1108E+00 
 1.1610E+00 
 1.2149E+00 
 1.2713E+00 
 1.3286E+00 
 1.3851E+00 
 1.4394E+00 
 1.4908E+00 
 1.5395E+00 
 1.5853E+00 
 1.6225E+00 
 1.6439E+00 
 1.6563E+00 
 1.6764E+00 
 1.7162E+00 
 1.7709E+00 
 1.8332E+00 
 4.5630E-01 
 1.7857E+00 
 1.9691E+00 
 1.9558E+00 
 2.1949E+00 
 2.6428E+00 
 3.4741E+00 
 6.7864E+00 
 1.5354E+01 
 2.3333E+01 
 2.7399E+01 
 2.5362E+01 
 1.5544E+01 
 5.9221E+00 
 3.0156E+00 
 2.1958E+00 
 1.7062E+00 
 1.3648E+00 
 1.1356E+00 
 9.8287E-01 
 8.9347E-01 
 8.5516E-01 
 8.5338E-01 
 8.7584E-01 
 9.0912E-01 
 9.4273E-01 
 9.7422E-01 
 1.0024E+00 
 1.0258E+00 
 1.0448E+00 
 1.0624E+00 
 1.0819E+00 
 1.1050E+00 
 1.1324E+00 
 1.1647E+00 
 1.2025E+00 
 1.2456E+00 
 1.2930E+00 
 1.3433E+00 
 1.3954E+00 
 1.4480E+00 
 1.4999E+00 
 1.5506E+00 
 1.5991E+00 
 1.6399E+00 
 1.6670E+00 
 1.6887E+00 
 1.7232E+00 
 1.7822E+00 
 1.8597E+00 
 1.9464E+00 
 4.5910E-01 
 1.7980E+00 
 1.9854E+00 
 1.9673E+00 
 2.1861E+00 
 2.6313E+00 
 3.2638E+00 
 4.6850E+00 
 1.1658E+01 
 2.8980E+01 
 3.5744E+01 
 1.9581E+01 
 8.3475E+00 
 4.4938E+00 
 3.0206E+00 
 2.2030E+00 
 1.7031E+00 
 1.3889E+00 
 1.1781E+00 
 1.0337E+00 
 9.4456E-01 
 8.9973E-01 
 8.8541E-01 
 8.9026E-01 
 9.0462E-01 
 9.2236E-01 
 9.4201E-01 
 9.6182E-01 
 9.7965E-01 
 9.9511E-01 
 1.0105E+00 
 1.0283E+00 
 1.0502E+00 
 1.0767E+00 
 1.1076E+00 
 1.1421E+00 
 1.1793E+00 
 1.2190E+00 
 1.2613E+00 
 1.3065E+00 
 1.3540E+00 
 1.4026E+00 
 1.4515E+00 
 1.4992E+00 
 1.5395E+00 
 1.5659E+00 
 1.5852E+00 
 1.6139E+00 
 1.6627E+00 
 1.7267E+00 
 1.7983E+00 
 4.3579E-01 
 1.7066E+00 
 1.8835E+00 
 1.8637E+00 
 2.0747E+00 
 2.5381E+00 
 3.1248E+00 
 3.8785E+00 
 1.1963E+01 
 4.6062E+01 
 6.6923E+01 
 2.9470E+01 
 9.0442E+00 
 4.5178E+00 
 3.1644E+00 
 2.2865E+00 
 1.7367E+00 
 1.4035E+00 
 1.1842E+00 
 1.0344E+00 
 9.4222E-01 
 8.9765E-01 
 8.8767E-01 
 9.0058E-01 
 9.2373E-01 
 9.4742E-01 
 9.6968E-01 
 9.8947E-01 
 1.0052E+00 
 1.0165E+00 
 1.0256E+00 
 1.0351E+00 
 1.0476E+00 
 1.0649E+00 
 1.0886E+00 
 1.1184E+00 
 1.1534E+00 
 1.1926E+00 
 1.2356E+00 
 1.2827E+00 
 1.3329E+00 
 1.3853E+00 
 1.4388E+00 
 1.4919E+00 
 1.5388E+00 
 1.5732E+00 
 1.6020E+00 
 1.6412E+00 
 1.7014E+00 
 1.7773E+00 
 1.8611E+00 
 9.4626E-01 
 3.7056E+00 
 4.0892E+00 
 4.0604E+00 
 4.5364E+00 
 5.4697E+00 
 6.9973E+00 
 1.1591E+01 
 2.6321E+01 
 4.0488E+01 
 2.7896E+01 
 1.2516E+01 
 6.4204E+00 
 4.2389E+00 
 3.0395E+00 
 2.2765E+00 
 1.7915E+00 
 1.4737E+00 
 1.2541E+00 
 1.1007E+00 
 1.0028E+00 
 9.4917E-01 
 9.2583E-01 
 9.2147E-01 
 9.2668E-01 
 9.3533E-01 
 9.4629E-01 
 9.5886E-01 
 9.7162E-01 
 9.8374E-01 
 9.9610E-01 
 1.0106E+00 
 1.0294E+00 
 1.0544E+00 
 1.0867E+00 
 1.1258E+00 
 1.1707E+00 
 1.2204E+00 
 1.2745E+00 
 1.3330E+00 
 1.3951E+00 
 1.4601E+00 
 1.5272E+00 
 1.5950E+00 
 1.6596E+00 
 1.7166E+00 
 1.7751E+00 
 1.8538E+00 
 1.9643E+00 
 2.0982E+00 
 2.2439E+00 
 2.4821E-01 
 9.7157E-01 
 1.0712E+00 
 1.0642E+00 
 1.1913E+00 
 1.4141E+00 
 1.7739E+00 
 3.5152E+00 
 8.5148E+00 
 1.3327E+01 
 1.6698E+01 
 1.8170E+01 
 1.7325E+01 
 1.3779E+01 
 7.4729E+00 
 2.8731E+00 
 1.6909E+00 
 1.3533E+00 
 1.1230E+00 
 9.6031E-01 
 8.6912E-01 
 8.3408E-01 
 8.3973E-01 
 8.7409E-01 
 9.2182E-01 
 9.6932E-01 
 1.0131E+00 
 1.0498E+00 
 1.0749E+00 
 1.0877E+00 
 1.0942E+00 
 1.1019E+00 
 1.1147E+00 
 1.1341E+00 
 1.1610E+00 
 1.1958E+00 
 1.2387E+00 
 1.2890E+00 
 1.3459E+00 
 1.4084E+00 
 1.4751E+00 
 1.5447E+00 
 1.6163E+00 
 1.6886E+00 
 1.7575E+00 
 1.8186E+00 
 1.8818E+00 
 1.9667E+00 
 2.0854E+00 
 2.2293E+00 
 2.3856E+00 
 2.2891E-01 
 8.9571E-01 
 9.8681E-01 
 9.7870E-01 
 1.0926E+00 
 1.3017E+00 
 1.6476E+00 
 3.0526E+00 
 7.1144E+00 
 1.1872E+01 
 1.5984E+01 
 1.8503E+01 
 1.8551E+01 
 1.5316E+01 
 8.4135E+00 
 3.1636E+00 
 1.8287E+00 
 1.4577E+00 
 1.2003E+00 
 1.0162E+00 
 9.1213E-01 
 8.6931E-01 
 8.6707E-01 
 8.9035E-01 
 9.2628E-01 
 9.6593E-01 
 1.0070E+00 
 1.0446E+00 
 1.0722E+00 
 1.0877E+00 
 1.0963E+00 
 1.1046E+00 
 1.1166E+00 
 1.1341E+00 
 1.1589E+00 
 1.1926E+00 
 1.2361E+00 
 1.2882E+00 
 1.3471E+00 
 1.4106E+00 
 1.4771E+00 
 1.5451E+00 
 1.6139E+00 
 1.6827E+00 
 1.7472E+00 
 1.8035E+00 
 1.8610E+00 
 1.9396E+00 
 2.0513E+00 
 2.1877E+00 
 2.3364E+00 
 3.8564E-01 
 1.5081E+00 
 1.6630E+00 
 1.6510E+00 
 1.8495E+00 
 2.1938E+00 
 2.7869E+00 
 5.8531E+00 
 1.4093E+01 
 1.9907E+01 
 2.2039E+01 
 2.1187E+01 
 1.8022E+01 
 1.3178E+01 
 7.3769E+00 
 3.4487E+00 
 2.1581E+00 
 1.6457E+00 
 1.3103E+00 
 1.0794E+00 
 9.4350E-01 
 8.8326E-01 
 8.7414E-01 
 8.9680E-01 
 9.3459E-01 
 9.7350E-01 
 1.0084E+00 
 1.0355E+00 
 1.0508E+00 
 1.0531E+00 
 1.0472E+00 
 1.0410E+00 
 1.0407E+00 
 1.0497E+00 
 1.0689E+00 
 1.0988E+00 
 1.1393E+00 
 1.1888E+00 
 1.2445E+00 
 1.3030E+00 
 1.3617E+00 
 1.4190E+00 
 1.4746E+00 
 1.5285E+00 
 1.5759E+00 
 1.6114E+00 
 1.6426E+00 
 1.6865E+00 
 1.7543E+00 
 1.8399E+00 
 1.9345E+00 
 3.6443E-01 
 1.4258E+00 
 1.5732E+00 
 1.5576E+00 
 1.7401E+00 
 2.1039E+00 
 2.5194E+00 
 3.8710E+00 
 1.2972E+01 
 3.7087E+01 
 6.5141E+01 
 8.2984E+01 
 7.7361E+01 
 3.8285E+01 
 5.4205E+00 
 1.6310E+00 
 2.0334E+00 
 1.7092E+00 
 1.3260E+00 
 1.1021E+00 
 9.8006E-01 
 9.2239E-01 
 9.0991E-01 
 9.2825E-01 
 9.6167E-01 
 9.9471E-01 
 1.0214E+00 
 1.0398E+00 
 1.0483E+00 
 1.0470E+00 
 1.0404E+00 
 1.0353E+00 
 1.0363E+00 
 1.0459E+00 
 1.0648E+00 
 1.0938E+00 
 1.1331E+00 
 1.1813E+00 
 1.2356E+00 
 1.2929E+00 
 1.3504E+00 
 1.4064E+00 
 1.4607E+00 
 1.5131E+00 
 1.5590E+00 
 1.5932E+00 
 1.6235E+00 
 1.6668E+00 
 1.7341E+00 
 1.8194E+00 
 1.9138E+00 
 3.1584E-01 
 1.2359E+00 
 1.3632E+00 
 1.3391E+00 
 1.4531E+00 
 1.6868E+00 
 2.0386E+00 
 2.6672E+00 
 4.6795E+00 
 1.0239E+01 
 1.6636E+01 
 1.5696E+01 
 9.6616E+00 
 5.4158E+00 
 3.4569E+00 
 2.5457E+00 
 2.0257E+00 
 1.6740E+00 
 1.4184E+00 
 1.2304E+00 
 1.0997E+00 
 1.0177E+00 
 9.7012E-01 
 9.4434E-01 
 9.3336E-01 
 9.3346E-01 
 9.4281E-01 
 9.5705E-01 
 9.7064E-01 
 9.8156E-01 
 9.9313E-01 
 1.0079E+00 
 1.0256E+00 
 1.0455E+00 
 1.0684E+00 
 1.0961E+00 
 1.1295E+00 
 1.1682E+00 
 1.2105E+00 
 1.2542E+00 
 1.2975E+00 
 1.3389E+00 
 1.3780E+00 
 1.4144E+00 
 1.4425E+00 
 1.4561E+00 
 1.4616E+00 
 1.4746E+00 
 1.5056E+00 
 1.5505E+00 
 1.6022E+00 
 2.5937E-01 
 1.0194E+00 
 1.1209E+00 
 1.1046E+00 
 1.2015E+00 
 1.3944E+00 
 1.6738E+00 
 2.1404E+00 
 3.8635E+00 
 9.7066E+00 
 1.7500E+01 
 1.6637E+01 
 9.3164E+00 
 4.7198E+00 
 2.9306E+00 
 2.2088E+00 
 1.8086E+00 
 1.5281E+00 
 1.3168E+00 
 1.1584E+00 
 1.0497E+00 
 9.8561E-01 
 9.5471E-01 
 9.4581E-01 
 9.5083E-01 
 9.6487E-01 
 9.8590E-01 
 1.0084E+00 
 1.0256E+00 
 1.0359E+00 
 1.0444E+00 
 1.0564E+00 
 1.0736E+00 
 1.0959E+00 
 1.1241E+00 
 1.1594E+00 
 1.2026E+00 
 1.2524E+00 
 1.3064E+00 
 1.3613E+00 
 1.4147E+00 
 1.4650E+00 
 1.5125E+00 
 1.5568E+00 
 1.5923E+00 
 1.6134E+00 
 1.6280E+00 
 1.6528E+00 
 1.6986E+00 
 1.7599E+00 
 1.8290E+00 


!ECH profile set to zero (no ECH)
POINTS 51 GRIDTYPE 14 NAMEXP CAR4 NTIMES 1 
 3.0000E-01 
  0.0000E+00 
  2.0000E-02 
  4.0000E-02 
  6.0000E-02 
  8.0000E-02 
  1.0000E-01 
  1.2000E-01 
  1.4000E-01 
  1.6000E-01 
  1.8000E-01 
  2.0000E-01 
  2.2000E-01 
  2.4000E-01 
  2.6000E-01 
  2.8000E-01 
  3.0000E-01 
  3.2000E-01 
  3.4000E-01 
  3.6000E-01 
  3.8000E-01 
  4.0000E-01 
  4.2000E-01 
  4.4000E-01 
  4.6000E-01 
  4.8000E-01 
  5.0000E-01 
  5.2000E-01 
  5.4000E-01 
  5.6000E-01 
  5.8000E-01 
  6.0000E-01 
  6.2000E-01 
  6.4000E-01 
  6.6000E-01 
  6.8000E-01 
  7.0000E-01 
  7.2000E-01 
  7.4000E-01 
  7.6000E-01 
  7.8000E-01 
  8.0000E-01 
  8.2000E-01 
  8.4000E-01 
  8.6000E-01 
  8.8000E-01 
  9.0000E-01 
  9.2000E-01 
  9.4000E-01 
  9.6000E-01 
  9.8000E-01 
  1.0000E+00 
  0.0000E+00 
 0.0000E+00 
 0.0000E+00 
 0.0000E+00 
 0.0000E+00 
 0.0000E+00 
 0.0000E+00 
 0.0000E+00 
 0.0000E+00 
 0.0000E+00 
 0.0000E+00 
 0.0000E+00 
 0.0000E+00 
 0.0000E+00 
 0.0000E+00 
 0.0000E+00 
 0.0000E+00 
 0.0000E+00 
 0.0000E+00 
 0.0000E+00 
 0.0000E+00 
 0.0000E+00 
 0.0000E+00 
 0.0000E+00 
 0.0000E+00 
 0.0000E+00 
 0.0000E+00 
 0.0000E+00 
 0.0000E+00 
 0.0000E+00 
 0.0000E+00 
 0.0000E+00 
 0.0000E+00 
 0.0000E+00 
 0.0000E+00 
 0.0000E+00 
 0.0000E+00 
 0.0000E+00 
 0.0000E+00 
 0.0000E+00 
 0.0000E+00 
 0.0000E+00 
 0.0000E+00 
 0.0000E+00 
 0.0000E+00 
 0.0000E+00 
 0.0000E+00 
 0.0000E+00 
 0.0000E+00 
 0.0000E+00 
 0.0000E+00 


!ECCD profile set to zero (no ECCD)
POINTS 51 GRIDTYPE 14 NAMEXP CAR6 NTIMES 1 
 3.0000E-01 
  0.0000E+00 
  2.0000E-02 
  4.0000E-02 
  6.0000E-02 
  8.0000E-02 
  1.0000E-01 
  1.2000E-01 
  1.4000E-01 
  1.6000E-01 
  1.8000E-01 
  2.0000E-01 
  2.2000E-01 
  2.4000E-01 
  2.6000E-01 
  2.8000E-01 
  3.0000E-01 
  3.2000E-01 
  3.4000E-01 
  3.6000E-01 
  3.8000E-01 
  4.0000E-01 
  4.2000E-01 
  4.4000E-01 
  4.6000E-01 
  4.8000E-01 
  5.0000E-01 
  5.2000E-01 
  5.4000E-01 
  5.6000E-01 
  5.8000E-01 
  6.0000E-01 
  6.2000E-01 
  6.4000E-01 
  6.6000E-01 
  6.8000E-01 
  7.0000E-01 
  7.2000E-01 
  7.4000E-01 
  7.6000E-01 
  7.8000E-01 
  8.0000E-01 
  8.2000E-01 
  8.4000E-01 
  8.6000E-01 
  8.8000E-01 
  9.0000E-01 
  9.2000E-01 
  9.4000E-01 
  9.6000E-01 
  9.8000E-01 
  1.0000E+00 
  0.0000E+00 
 0.0000E+00 
 0.0000E+00 
 0.0000E+00 
 0.0000E+00 
 0.0000E+00 
 0.0000E+00 
 0.0000E+00 
 0.0000E+00 
 0.0000E+00 
 0.0000E+00 
 0.0000E+00 
 0.0000E+00 
 0.0000E+00 
 0.0000E+00 
 0.0000E+00 
 0.0000E+00 
 0.0000E+00 
 0.0000E+00 
 0.0000E+00 
 0.0000E+00 
 0.0000E+00 
 0.0000E+00 
 0.0000E+00 
 0.0000E+00 
 0.0000E+00 
 0.0000E+00 
 0.0000E+00 
 0.0000E+00 
 0.0000E+00 
 0.0000E+00 
 0.0000E+00 
 0.0000E+00 
 0.0000E+00 
 0.0000E+00 
 0.0000E+00 
 0.0000E+00 
 0.0000E+00 
 0.0000E+00 
 0.0000E+00 
 0.0000E+00 
 0.0000E+00 
 0.0000E+00 
 0.0000E+00 
 0.0000E+00 
 0.0000E+00 
 0.0000E+00 
 0.0000E+00 
 0.0000E+00 
 0.0000E+00 
 0.0000E+00 
END